n: 9, k: 1000, t: 500, y: (((...)))
Entropy, Sampling, Jensen, Exact
0.9727138175190904, -0.0569279435693752, -0.08986929187566614, -0.061633246293380566
0.38970253217120304, -0.21936877966485918, -0.22809753395105709, -0.2172554841981248
0.8803424083459009, -0.4177707466762513, -0.6501686191962972, -0.427030050742606
0.8410345926907633, -0.014043824164662511, -0.013752453862323441, -0.013357756608329824
0.9742587782218407, -0.06670801090670284, -0.09266059538933541, -0.07356577510087511
0.5360430014782428, -0.6403519051074982, -0.9169505340321161, -0.6635917478524939
1.3533218631296549, -0.056831933725625276, -0.0698607554199005, -0.057706004970594894
1.2165318919182615, -0.06148570314288372, -0.07989780960537449, -0.06393520554346474
0.981758926461285, -0.08488653306243941, -0.10590435551414384, -0.09015119272663993
1.0875253625533001, -0.03441724965814501, -0.034109298208995005, -0.029070365684381035
1.4557826019098163, -0.11234840653394348, -0.16075925420486278, -0.11262551043866251
1.129607950928887, -0.028179049382684753, -0.03153460119806778, -0.030050948887953458
0.6420450162125274, -0.13617763846926392, -0.16462447489398982, -0.1303700669722543
1.3939978333634384, -0.08409327794174896, -0.10694242067322751, -0.08245801683063397
1.3380936062077182, -0.04150109809020069, -0.04695366838844395, -0.04163161098934171
1.4496415556152142, -0.14603221101127564, -0.3269550575700179, -0.16743856662085052
1.0421811441461524, -0.04803566431754734, -0.09478819279707006, -0.0491957744330441
0.9507888924253199, -0.0032159822470275686, -0.0034258210575827067, -0.003416130857931043
1.2241641857239105, -0.08911851197184296, -0.10998975733660743, -0.08866192083873183
1.3158596915999916, -0.04449986723077018, -0.054111995204686014, -0.04541742288732132
1.4029359935004857, -0.20443127008550802, -0.3579378848474814, -0.20378012830266948
1.31472094433316, -0.014446063483541365, -0.01567493966017226, -0.01507193625758482
1.5565688144037904, -0.06795135238172952, -0.08860946662433777, -0.0746427755365471
0.9644903055660025, -0.4547276497296989, -0.6411903328546394, -0.4199207799516098
0.992961557648178, -0.019749785948661155, -0.022814873107097754, -0.020669229191754426
0.7086388275166996, -0.03800007608975284, -0.044919644707896056, -0.03829077747798741
1.1604290937483117, -0.061780016271746716, -0.11163298825816544, -0.06212599836963398
0.9993036546054297, -0.17678667348390445, -0.3739870621728608, -0.19055176695047155
1.1592054260330216, -0.047193354453891515, -0.046911302153843926, -0.04475422152576175
0.7261507841116145, -0.2589824696194846, -0.38055801191432737, -0.25536303034720087
1.4511793042408285, -0.035089333974407055, -0.04504689403182918, -0.03721874649771829
0.7584011539600235, -0.008688051807810553, -0.00893567233465843, -0.00880445014448972
0.08627656368858876, -0.018457294002175332, -0.018457353015588197, -0.018457260435043137
0.762881422414929, -0.020219288714113645, -0.02230793740156589, -0.021900120200789318
0.7865889474528974, -0.008022145778406412, -0.008202991719691792, -0.008154355969201641
1.204104884070899, -0.037500823657959696, -0.047185205473974284, -0.03443125011020067
0.8442426836130981, -0.13504828597977758, -0.3040303643157142, -0.1417888654018884
0.8978434393324565, -0.6156775072114542, -0.9283764531745565, -0.6592645447915353
1.123490871077717, -0.08641464761260431, -0.13932466399221577, -0.09070426515834824
1.281348679054086, -0.2503290265771793, -0.36725577953800354, -0.23453416914330616
1.184914162362341, -0.03097006077854894, -0.033080777556659974, -0.030103931016221146
1.316776103849605, -0.02613212182983989, -0.036987994719054736, -0.028359166991478613
1.2636156838756714, -0.02053306492243428, -0.02218358618693744, -0.02168127294130725
1.0922255129387497, -0.21651010332570877, -0.3582313571607256, -0.2090399775188814
1.3497362721431332, -0.029705992284289096, -0.03308476777755559, -0.029898471207973988
0.974188756059713, -0.7060070631504058, -0.8815815944165699, -0.7110071455384391
1.154864861993653, -0.205804364042182, -0.31628058921561886, -0.18756992074766712
1.2872404564399507, -0.19749513309518807, -0.34159377204280494, -0.17854990789855693
1.3435811196112926, -0.2463284268148709, -0.3816007790172113, -0.24954720339629516
0.7457322606324368, -0.023896160396630877, -0.024165160651394558, -0.02385549200937259
0.8230116430723173, -0.006220377904479392, -0.005866176287658797, -0.005823017682007254
1.2765277875014567, -0.08741173923085443, -0.1612555343484923, -0.09190305565558755
1.199775570458128, -0.04279611246753484, -0.05006165176178239, -0.04637686690645744
1.3775220213770647, -0.020846726013871376, -0.022532490557010496, -0.02201729200310511
0.801733993540013, -0.0044892658973112705, -0.00455268446487412, -0.004506570356082292
0.9816250858928955, -0.01960181473265402, -0.020732140421947584, -0.020509400150452363
1.4243879772139285, -0.24928177761670667, -0.42809074329063307, -0.2436011034292476
0.9937149676863911, -0.11893333707749844, -0.1401352925583767, -0.12056690529925364
1.0429712464892549, -0.16454253882635383, -0.28221019267451875, -0.14961584108871287
0.7488657329396077, -0.01486055187927559, -0.014697840791774308, -0.014642240894930027
1.3104111459654717, -0.043399639192735776, -0.06700818784460233, -0.043110609490935814
1.0583454600172082, -0.1339349375848542, -0.23222724718106952, -0.12334535344579914
0.3938054413160142, -0.5654994325190783, -0.596258949803885, -0.569556425350906
0.8486559178658014, -0.343016778082354, -0.5819518346015068, -0.3344650223672417
0.6193700720396019, -0.29382987455278636, -0.53080934180459, -0.28221182495812536
1.145298533007155, -0.09694760969094932, -0.1699094770003415, -0.10168443315761883
0.8411044344122437, -0.467158792892471, -0.7728505277605128, -0.44721041722062926
0.9153290359242413, -0.015506951771792956, -0.019025482268109108, -0.017718814159929736
0.8339300309095766, -0.01415574097877834, -0.014334350504662556, -0.01417904127563053
1.2454181443138845, -0.05117109736579005, -0.08449423923785887, -0.05005199847060369
0.7621530732456833, -0.2094638221608475, -0.2309660422072715, -0.20004837916424834
1.1262746806309825, -0.007594884589430876, -0.008283003182591439, -0.008034470410722645
0.8875412804505025, -0.21655830831220374, -0.2763193410376147, -0.21475727280521503
1.154144902289264, -0.05662013219029177, -0.06976949208320006, -0.056255174445160594
0.9383178260557253, -0.06868168683734256, -0.07518115134090174, -0.06846060961812897
0.9849632600703777, -0.015709161310747732, -0.01679493627987853, -0.015939639658929593
0.836899821021052, -0.04781183652766049, -0.048773147890513575, -0.047110581169771196
0.44182737147461276, -0.30160681226104497, -0.31190878629221447, -0.29958240827696475
0.34628013364670956, -0.9617163197696209, -1.143403534427768, -0.9661499297845086
1.2408779977248943, -0.008531326912576333, -0.008907509568425748, -0.00852814106832535
1.380628653692124, -0.21270449263369665, -0.3108133632221637, -0.22193586121277437
1.084679503791148, -0.010298266966827214, -0.009828562469505447, -0.009757293723402685
1.3713166883155505, -0.15692062938853632, -0.254427592768031, -0.15011412309122327
1.1021602005228914, -0.22183227984048426, -0.29432017858512927, -0.2263972503278633
1.5271201888058608, -0.13988208600436336, -0.24786661156240983, -0.12982635845197213
1.1873460423467166, -0.06691318660462275, -0.11347354370554, -0.07479101233295787
1.335452051669361, -0.029890035923337565, -0.028907879212794876, -0.02707464715249027
0.4791692864868051, -0.03492127817252185, -0.04176424676348828, -0.03628496059444522
1.1487926695364334, -0.2968805780098773, -0.45981007274867103, -0.2856249790629784
1.573340336572933, -0.047482362342532725, -0.07419342962934902, -0.04831266907877723
0.7732822023482363, -0.13415532970032654, -0.18114588209688706, -0.13307575466295446
0.9237928172853652, -0.04773745615477674, -0.05061113319035817, -0.04805795752388611
1.30248562650846, -0.1211693915038486, -0.2257303360627377, -0.13484178165684504
1.2705447067172728, -0.1556072149683023, -0.1795419129592016, -0.15197949442629358
1.0519682999460935, -0.10286041560990271, -0.15470017921033632, -0.09226045510918944
0.7107691055251076, -0.00993742967909202, -0.010963289005838208, -0.009878692650037624
0.8341251650827405, -0.1109913974807132, -0.1746092133005412, -0.11245283220881887
0.7912429968058846, -0.1835384602639824, -0.28839748950341515, -0.18441658088042423
0.8286636887112065, -0.0029834841077099553, -0.0030662442041673116, -0.003055197386465384
0.920416977139519, -0.015546145589032676, -0.01572449619049064, -0.015383291486446913
1.4127543086135892, -0.1888716026430484, -0.3323018888184165, -0.1928549945530091
1.5926202802416407, -0.118144410622539, -0.19636862872085545, -0.11525033525681669
1.1184272912528732, -0.3367248201973271, -0.5202870483364669, -0.3299390477005544
1.1372747183458005, -0.016067901521688327, -0.01625403443731635, -0.016129191505839937
0.8092037107068336, -0.01620599847601261, -0.0160185234306727, -0.015817197804385112
1.0834620078225072, -0.015595345543231815, -0.016094249676238456, -0.015662700793479357
1.0895924324586208, -0.8582384176792112, -1.137143091289524, -0.8875664370925951
0.9771238567915838, -0.01305516516417265, -0.01703032270677453, -0.013826579987987603
1.2181958205618513, -0.1660050026345998, -0.23420332918159623, -0.16895692264922083
1.5856038565529778, -0.10281304681464098, -0.118198237527059, -0.09573797249256709
1.1408297997234784, -0.011236492878873832, -0.011484302376767482, -0.01127148584738817
1.1686262915948906, -0.02608620228478685, -0.03732983046903781, -0.026812921371993613
0.6025369156681101, -0.009208995851804503, -0.008637146033139413, -0.008499405022056544
1.161389221735068, -0.0067380635033478025, -0.007092938594514399, -0.00695306418330159
1.1466740997114246, -0.07459997317974922, -0.07973937506901416, -0.06992331160161919
0.9716889355158691, -0.15297822743281722, -0.17635092540023756, -0.15333510845764306
0.9880866831469438, -0.01116191270039417, -0.010406917040164885, -0.010063723203478227
0.8512050437647979, -0.052459330053883604, -0.0880716805360772, -0.05400695456861867
1.1003763619851574, -0.0331107667714823, -0.03794097336794153, -0.03395596329117547
1.217913374305611, -0.4096674543377012, -0.7123279987362281, -0.4328686465416336
1.1020336140418605, -0.23464328440465032, -0.2961256199784067, -0.23293163629350808
1.2679545841805093, -0.018725858506688384, -0.019191981970937008, -0.01866499621002982
0.9095444082344978, -0.0045940577088622375, -0.004706552229386556, -0.00469377978080185
1.1504909793332523, -0.028847312247846275, -0.030227993812529618, -0.02909204752984505
1.0627617841772443, -0.09668559301760979, -0.11576726633896406, -0.0975493312830169
0.984174314538456, -0.061949408326821866, -0.07636112002082851, -0.06330929374185956
1.2308267186424053, -0.018972199683717918, -0.018818744197319395, -0.01823653014540782
0.9805880738272624, -0.19095068765617906, -0.2826055229156856, -0.18404637395240214
0.7358172554727953, -0.004054108578013256, -0.004313990391792777, -0.004298389671642943
0.9473346220478086, -0.025750370255322196, -0.02680455385319574, -0.02590181773096663
1.5018063587049326, -0.20781350526720052, -0.31537553213700104, -0.20061082619740503
0.8480550810982966, -0.6279421644909308, -0.879169306997822, -0.6213964920356891
1.0233912692738862, -0.053757653004955504, -0.05596137385766413, -0.05350653167937669
1.1439120060981074, -0.12533639401756227, -0.13623493154945285, -0.12255229391020037
0.9665183757659822, -0.014090500036196317, -0.014585238423724738, -0.014354170848907062
0.883821047335159, -0.01892759251757525, -0.01928495311976196, -0.018904202499065912
1.2955237991245985, -0.026896009203279392, -0.05988295812444504, -0.02875494268974851
0.376427439219236, -0.09049653706699609, -0.09900649610137303, -0.09578391301583583
1.6951717892466005, -0.08513849741307786, -0.13873546208944645, -0.07937934293869357
0.8465764329993254, -0.010638222007080913, -0.010804435013513636, -0.010735729527080528
0.9201614318025032, -0.010807612274307758, -0.01116122679721379, -0.01088104373225259
1.1127351518662059, -0.006389429132570513, -0.006205692050201111, -0.006159865935551415
1.3420047623112605, -0.25206394656375053, -0.47934116495173096, -0.2576711073905178
0.680408824485034, -0.005776640404481441, -0.0061037255255668235, -0.006056602789177483
0.5365780772387014, -0.005210815242957324, -0.0052611044715586966, -0.005247953027619741
0.8430102037375615, -0.007761242185719311, -0.008021628215771478, -0.007983000160160464
0.704478670743451, -0.024705096483929084, -0.02514529343194286, -0.02490079797891377
1.7140492980976425, -0.04658683462813497, -0.057425526569640374, -0.04666513601655933
1.3593855243751973, -0.036983530974248426, -0.043022569560165154, -0.04025303916928331
0.9302978806848068, -0.018126459742547014, -0.019570509163066976, -0.018809508696386472
1.1917084979273551, -0.12158440859912661, -0.17091732760266973, -0.12915631042749837
0.25239803068793404, -0.0070857159404549746, -0.007175978035945198, -0.007157779185630958
1.2946760760247604, -0.17057723054051166, -0.3114770232122448, -0.1659179625656005
0.9643509231067924, -0.004803829788696021, -0.005017011929925499, -0.004991642682261112
1.3351565549466933, -0.1108260910292156, -0.19675745239695497, -0.10863328546454437
1.291205236934709, -0.05749952953215688, -0.060273724676805154, -0.05787599146240141
0.9932918703036453, -0.3096076610069722, -0.46846914563482733, -0.3027736317722218
1.148022506702698, -0.06297301680722739, -0.0889913856126626, -0.0665687435739004
1.2998134330669457, -0.022451972709153778, -0.021698408233952735, -0.021027456797917354
1.2574979154928287, -0.21519244511279975, -0.4220259808117001, -0.21837523359318778
1.1621470600705965, -0.31097445896011777, -0.3743157642434294, -0.3166881494704454
1.1797223334774813, -0.025593943668412975, -0.02912743607061917, -0.025734610818716443
1.1873124960608676, -0.01977976491866866, -0.019963469039207395, -0.019620167677453813
0.3165854739526451, -0.34651297564804556, -0.41969260641750394, -0.34535649704003485
1.0573435989167865, -0.6939983984003775, -0.9128964007286897, -0.6793406492625782
0.9457426321436725, -0.043123890671413395, -0.05886081361795328, -0.049367189106346236
1.5001004663719566, -0.069781147157948, -0.10943263872566704, -0.07479269270062434
0.7900068990137807, -0.05004144140996505, -0.049410255482417356, -0.04910785582126589
0.8206008618952257, -0.08226086938462686, -0.10684323668006122, -0.08547788609967646
0.6259163928636148, -0.030785640612477436, -0.030713705695292894, -0.030438824862051135
0.5649608279003159, -0.005935499651357532, -0.006262907546497523, -0.006233488695875172
0.6902666995853619, -0.1433328138925135, -0.15230321143378958, -0.13604731421763397
0.684680404451795, -0.009726830618572421, -0.009962364229405442, -0.009578275264165444
1.2041380824716725, -0.04876483736379305, -0.08158776356683876, -0.051880412685174813
0.5535481643633215, -0.17942617354914547, -0.20836255627177777, -0.1797251697826328
1.2524012492810512, -0.3429279074018123, -0.6299388830571414, -0.3433941649336729
0.7054766253651857, -0.045291168242460114, -0.04691055160983785, -0.04520093712828614
1.2367714735783488, -0.09033763198554516, -0.11133724350673811, -0.09026374336083275
1.2323475661256709, -0.08086295574082761, -0.12473895349114512, -0.07814769693654998
1.0741152703670964, -0.10859730593010318, -0.19213046371375128, -0.10620529987162809
1.111094975717583, -0.014235819177760277, -0.016308377980115724, -0.01562313730980615
1.223453179393964, -0.18805250676907598, -0.3231627846508185, -0.16480441799981402
1.3056351794154717, -0.2844565019591246, -0.5235801634964188, -0.29692672481131965
0.5634453671159062, -0.04363716222182847, -0.04491270297815476, -0.04364960303860846
1.5032445648387842, -0.05810125638655154, -0.06405635246209077, -0.05643082086973734
1.360200510835524, -0.18622480648971396, -0.32436343919842514, -0.1793304060663998
0.9232276909620313, -0.5000798809321132, -0.7570377976205548, -0.4749029081956492
1.037273904133351, -0.15684544890373944, -0.18045525995925307, -0.15716521381717052
0.6577039543121476, -0.13951873719878494, -0.15799871730643603, -0.13421548860959426
1.3646772955150286, -0.0438850778103224, -0.05586207109855313, -0.04319272915456491
0.47574503752936687, -0.012178599338047207, -0.012312764614373523, -0.012095677666313306
0.9375878431008347, -0.03698019792570267, -0.04767767196805028, -0.040499359363890486
1.3728098045245645, -0.41426199558749793, -0.5878644686507887, -0.402616584451392
0.3836422151276617, -0.15237129426095636, -0.1687745128423981, -0.15044787790381037
1.2355813043704236, -0.01006150397611782, -0.01006887342654021, -0.0098364191612477
1.2683528666314257, -0.08922669535316527, -0.1446641713752846, -0.09473468597797124
0.9581450589116604, -0.04007535475475015, -0.04404479019851098, -0.0383348314117639
0.5361406872355067, -0.10944076660950668, -0.18186167880028234, -0.1156187500376616
1.3203299948926197, -0.10806646312179509, -0.15420033945934322, -0.11124524591029618
0.9754825371230381, -0.34539536135224624, -0.5853798038959259, -0.3709057693961887
0.43366352988150186, -0.02854280267911963, -0.0299550653019238, -0.02967042884086298
1.1163196609662596, -0.45604437109595164, -0.7339554358605926, -0.440215541566324
0.8570785354663092, -0.009873677511001006, -0.009932791739887757, -0.00992657021876284
1.2824648245832695, -0.3050592971239239, -0.5013098095143633, -0.3089846763473752
0.69274344322125, -0.04833306578057818, -0.049729870084241956, -0.04872598701204899
1.1024324895341042, -0.30615938453143465, -0.6699679444316914, -0.29523354331967244
0.9026420969816438, -0.12253650376340375, -0.20097845190251873, -0.12437840741030598
1.0465029255873604, -0.03562335409154184, -0.035402871758967204, -0.03500999345048534
1.006203480380771, -0.009908929985249415, -0.010723242071516894, -0.010169286320471793
0.5896856380070338, -0.027978427332825958, -0.033503544714001215, -0.02941760051135677
1.2570221423517984, -0.15467849842528814, -0.26136296928699865, -0.1498782744372265
1.1935132037227194, -0.056018137235660105, -0.07010168003301455, -0.05240731511752486
0.717901757360786, -0.04131317565962672, -0.04340715580991478, -0.0422834943730187
1.0133196261333552, -0.04583625271549681, -0.06541564329625102, -0.04861920434969417
0.7404613534687071, -0.14175036791153253, -0.17293616090653113, -0.14037482016763145
0.6769269167272712, -0.1341966992414091, -0.1500847782242213, -0.1298595166263125
1.1323319112946597, -0.13704339961777443, -0.170951222308713, -0.1327023350088047
0.677483291699475, -0.016483437858521938, -0.018318718974336675, -0.015999982281832314
1.3515036010082662, -0.26320570725749715, -0.49266265279664284, -0.27376093726931733
0.9387741276410493, -0.10765687464363873, -0.11635956682694029, -0.10709849709162951
1.2448577018230733, -0.04186155598680489, -0.05603802498225157, -0.037056667891846834
1.0355553428217434, -0.04849505412729923, -0.058113373867765376, -0.048733370792534224
0.9495771552106391, -0.09835982664133189, -0.27981093731981227, -0.09496715712922836
0.9931178609284488, -0.006210636836360209, -0.006468422328015275, -0.0064209883418605476
0.7778330691369666, -0.027523819493246265, -0.03105500129776579, -0.02605516404953548
0.42289270213808833, -0.09083553958684205, -0.09089763187398528, -0.09079718262130368
1.3747056120543417, -0.005982999343541451, -0.006325611026701764, -0.006226353273613227
1.53999707039343, -0.11235680626647081, -0.16671192967553305, -0.11086234626506904
1.2663046530034088, -0.022737698424141854, -0.023468393286236174, -0.022617302363476373
1.0236903098383165, -0.19545435314427595, -0.32740377206441207, -0.19644057092371023
1.5963415542113315, -0.26302780242892915, -0.5222571140950732, -0.2710126667813416
1.0752535338510898, -0.02880722240754403, -0.03418934298010727, -0.03038736597665784
1.1676314729221176, -0.05433055886160582, -0.05660842334760763, -0.055687587157198334
0.6391470000293741, -0.05227107059210539, -0.05334913967968674, -0.05039294778399504
0.8005857270454672, -0.004398139454540796, -0.004509336500821112, -0.004499072232703448
1.4372460538274634, -0.05692972799530253, -0.09899081597399448, -0.0644394532961092
1.3049118237934392, -0.02912559360638261, -0.031075213080110586, -0.028213610195200935
0.8818662726853238, -0.24469122860976494, -0.44067924832090066, -0.22428091991438123
1.1621678493551502, -0.10231508035748266, -0.11724543814611854, -0.10029782072837042
0.9090016669705042, -0.2158743094127858, -0.32667581753430347, -0.21581199641144896
0.6369243881811215, -0.0013201490960782394, -0.001308596136714337, -0.0013084820347997158
1.3225243523464865, -0.04684149581560632, -0.08440229803302096, -0.05005707563696574
0.8588407159084225, -0.06441053674661089, -0.07386940946385628, -0.06285152643161587
0.893640196515253, -0.032473583291459364, -0.03911524421175665, -0.03241758084077835
1.0678001117239526, -0.20575880785658957, -0.35237856107027193, -0.21152344514440577
1.3665622199890086, -0.28390922803920693, -0.45459766045510647, -0.29880005588374114
1.131408396474019, -0.17470387287804623, -0.25966520942644167, -0.17730108248635026
1.1169551801890458, -0.01522919956711121, -0.015002996287512567, -0.014522546685076946
1.278143463050031, -0.12507460126123623, -0.14129721669415893, -0.11687472965312937
0.9345549222379329, -0.14498061452934052, -0.15893303241817577, -0.13880022379389556
1.0117708869119895, -0.09529510446614586, -0.11480442193196863, -0.09331761515455297
1.1629659854595271, -0.12232155489071737, -0.2173047715428849, -0.12797621960853084
1.0193301956710488, -0.015733081999002023, -0.01621823994870299, -0.015585569343553122
1.212343538900112, -0.1307600820197258, -0.2188148119614112, -0.13005612366977826
0.7257816203906508, -0.00665666826069355, -0.006517226392487156, -0.006488978790498084
0.8629051329400693, -0.06024909803539049, -0.10327809464766022, -0.07202259920972522
1.4457671498534144, -0.2073050478521618, -0.3245242624469677, -0.21314700449850793
0.5435014523813544, -0.009640115795074962, -0.009508312854176562, -0.009492230974875908
1.3237880767263168, -0.032346509561582935, -0.0309485776864611, -0.029303378419972333
1.2361945940711634, -0.007492325892555527, -0.007328684502410318, -0.0072780473624059275
1.0323290644532552, -0.014820711515145376, -0.0170276539669708, -0.01617015381287237
1.2649665502846321, -0.035142708242172374, -0.03353508932783288, -0.029782231212560253
1.2854360561787859, -0.05232946772605646, -0.05589485546077103, -0.05342107426661691
0.9539207404808238, -0.07545828504487873, -0.0834958819949088, -0.06851048132020263
1.250278279582433, -0.1805816300084116, -0.25598629748741, -0.15384747400658733
1.1490186275091439, -0.2592388973684283, -0.4332397743581452, -0.261694006704119
0.8458276016058818, -0.006743396708276123, -0.0067379666094462606, -0.006723174904662932
0.8626840359173497, -0.20268463821522892, -0.2669810890626606, -0.2037765897225675
0.9089255317336961, -0.4977453198060393, -0.6548559005370008, -0.4955826763858598
1.0996082851239861, -0.02266926373075694, -0.02416653756200025, -0.02378347611634468
0.9802382596580413, -0.08030795061285607, -0.10707453406565552, -0.08136113303404577
0.9652621919101662, -0.04149448053538799, -0.04997689341606598, -0.04046473076206821
1.0725670298264254, -0.04362017795536667, -0.049418915730789444, -0.04316852936506606
0.7556945619618411, -0.19696104776021092, -0.2436816957677715, -0.19843634075954564
0.6083168921487642, -0.0046449357267702, -0.004817223811908587, -0.004777488970323292
1.0951835240397498, -0.014467033214867114, -0.014485093629790646, -0.014373027727383603
0.7582374013121739, -0.6404900861643255, -0.8672615123788553, -0.6502072544431363
1.0099421303687774, -0.6457096219630912, -0.8263709444407293, -0.6380220249986525
1.1251450612272176, -0.012504719972319436, -0.014126532960756912, -0.013670704938626889
0.8424896847884376, -0.02740942323417403, -0.028367348852819916, -0.027402471575776372
0.7319554715961641, -0.09620804517762735, -0.10400050533911441, -0.0937030507172975
1.1665365313569174, -0.25950223122024907, -0.4452696302240623, -0.25981890827009446
0.8530215513498938, -0.09890644691837952, -0.11766803614102564, -0.09518338278799808
0.35791563531536696, -0.0368149828761816, -0.03681382629427802, -0.03681347867234588
0.7454897362364176, -0.09955275355419144, -0.13339539440018788, -0.10781506797291747
1.3572224615879582, -0.09015987498674076, -0.10323258332323423, -0.09146721843021471
0.8845471480273241, -0.08619267952395603, -0.1195424188828815, -0.085058560913151
0.9509038493347443, -0.033770794585114346, -0.04483786860732124, -0.03888105860327558
1.0916297418131504, -0.062279425678018016, -0.07681506815650095, -0.0623185479492378
1.591985945430987, -0.12233724722359329, -0.1909182939355255, -0.1251973172928202
1.5533845130297144, -0.03746647580928402, -0.06282158769642149, -0.036525360448407075
1.1311924985508914, -0.0491593467129278, -0.04939415360174, -0.04781508734651079
0.9697560111914614, -0.024105743528809398, -0.02585110470991363, -0.02334647409246571
1.1122870309561315, -0.06860180728463457, -0.12467355042493354, -0.07735832996049107
0.6713320294438053, -0.032401775886304676, -0.03412878613601702, -0.03315532380964306
1.2807989640356567, -0.07461526801076251, -0.0847891911074737, -0.07513880319993976
1.0305727136154703, -0.09698340933630242, -0.1637065444892882, -0.09816399761192206
1.2371012284368101, -0.5420467918980867, -0.8044411492883755, -0.5421939368880179
0.9243492614116652, -0.05417132112209219, -0.07263130512657903, -0.04852127796842718
1.3970094304748575, -0.2467985707283369, -0.4211835801960499, -0.25813586333399274
1.384481166701236, -0.6003440960561857, -0.8715606980456801, -0.5971819750360127
0.9112366454383732, -0.1247837741044932, -0.14812900400018628, -0.12643084397253465
1.0229008022742998, -0.9431170434504748, -1.1110758522142832, -0.9554633869552632
1.123720548487081, -0.1546057194452733, -0.20079608360147166, -0.1497047444538108
0.8893110421550917, -0.2074378676203778, -0.2882364295929417, -0.21956050157166065
0.9964414223884382, -0.025206233919947408, -0.031391129809731806, -0.0271177364418303
1.5343667346240613, -0.13585701932711527, -0.2212611207628029, -0.1274135452989966
1.0992108158254936, -0.2822707320621703, -0.41788840260186105, -0.2771985641980353
0.8491068035747155, -0.00966394256084459, -0.009386556540650631, -0.009342637710469065
0.3739093892404279, -0.044243933641701004, -0.05514642048540839, -0.045982149048395315
0.8521088954920901, -0.005233162976859603, -0.005282485137202306, -0.005258951684647687
0.9649932647992551, -0.08228271919669351, -0.15688034971086107, -0.08065743876338667
1.00797673381434, -0.021093927472596988, -0.025353182235710897, -0.02273647508903916
1.713793246261389, -0.05533325944072567, -0.07643432959571578, -0.05281850391950189
0.6869847901253081, -0.026614786903373898, -0.02764063757173047, -0.026322114734027735
1.2496590796713445, -0.09538036885671318, -0.15348122807985354, -0.10445804819900002
1.3010173357529933, -0.033358617017045615, -0.044617128315352854, -0.0291431040437935
1.1389740629881502, -0.02346706818410894, -0.02733406446342474, -0.024821050783274824
1.1896162689245853, -0.021655887480126694, -0.02147272076344082, -0.020697798840276994
1.0416614978559529, -0.07436517979006749, -0.14304964543437718, -0.07616249141987196
0.5161342230355125, -0.016403318768367172, -0.015456713590277383, -0.015078525624402057
1.236697766260758, -0.014529864963958972, -0.016194205224981453, -0.015386896321136642
0.7689839432430344, -1.1648628529310225, -1.2535815902264063, -1.1664191829701496
1.3202711236091473, -0.2770641326127807, -0.5147360479733666, -0.2841962363962778
1.3635875362429477, -0.21724036361463367, -0.36221443830563294, -0.20961717709189567
0.7962738946601063, -0.0028538170224055646, -0.0028626837604328738, -0.002861642209704026
0.8390886950856155, -0.011546465712133795, -0.011804388012091088, -0.011659834909577211
1.1116464873538492, -0.1052676174219232, -0.16814379882606784, -0.09569840809048379
0.8725952548683352, -0.02057140204042662, -0.020660013556713062, -0.0198026895334081
1.3250457681049543, -0.04922537589853164, -0.05061037933033841, -0.049020968860339305
0.6391372579056394, -0.028156087770359592, -0.02934943019653074, -0.028860141739112163
0.8859826321543552, -0.2952574636824429, -0.4612131311410374, -0.29538359729387825
0.5984261870343974, -0.09984325555944815, -0.11589312332145629, -0.10288622211282789
1.3010295546156045, -0.06574057303520385, -0.12325279896597774, -0.06805481475049356
0.9322089087644873, -0.06312626161251683, -0.07356193283775046, -0.06127373137695351
0.59320303078663, -0.0043942354072351005, -0.004846026977079731, -0.004786077714299353
0.49798818562469754, -0.6135711197182536, -0.7886254014857059, -0.5889783146151564
1.3501048411652794, -0.1314728867097874, -0.2883334693303765, -0.15582313020496835
1.3860424327940228, -0.03781280578818405, -0.05871892821168617, -0.03713482770867492
1.1822082394750084, -0.023021721520810386, -0.022821630482898706, -0.021550890052694848
1.5514059325350529, -0.08995837458060123, -0.15519879518136936, -0.09368121575479649
0.7501548733187192, -0.21348767993785442, -0.3525019214065028, -0.21031622403628866
0.9239700486964727, -0.11897547531872987, -0.13202035649338906, -0.11894930670925348
0.7059617070143226, -0.01259389427077258, -0.01273283068413663, -0.012623358769078016
1.441308226998852, -0.14730793081293814, -0.27155283825725257, -0.14233469120251774
1.098513577199542, -0.007009195892722346, -0.007958945257188757, -0.007644045630940451
1.3307661183016701, -0.18494384662888477, -0.3567361937121095, -0.17342876126692805
0.7083839161166751, -0.008139837315771729, -0.008567202686769394, -0.008382980011212888
1.0668983008699346, -0.03953994376497576, -0.059257246637027826, -0.043674348055269076
1.5145194116391523, -0.2528658724001143, -0.389326368758552, -0.25586563671722495
1.0180215347809847, -0.069170433665975, -0.09086863436566422, -0.062425909805048134
0.7555580028530375, -0.021123768662568182, -0.020957107935528074, -0.020653510596381926
1.1790897852243265, -0.274030394455418, -0.5066248442480833, -0.2979501990510456
1.3571533969739775, -0.013103808831656351, -0.01752243656220485, -0.01359156581780969
0.9845791166087831, -0.010053600768558681, -0.010204321806335062, -0.010167889734080527
1.3604575679779354, -0.23033480761921965, -0.34082941258191896, -0.23383555573957313
1.1828614138232856, -0.12971882842248306, -0.17789688623143998, -0.13510486350693374
0.9938497053887737, -0.017595442363177425, -0.017619147515324653, -0.016512273623607784
1.0616815903570642, -0.02207000877847895, -0.021524608840256632, -0.021143706493919785
1.1039785616010052, -0.0921102686743252, -0.1155806971093164, -0.08945664414738043
0.9014185101412805, -0.12329548449255526, -0.21983448174976367, -0.12439565293946826
1.1238769624651896, -0.019231825562776066, -0.020543732200736062, -0.019862758538513606
0.6074315992139113, -0.12044197159144096, -0.2118019071773024, -0.11881548699354491
1.1546446817818745, -0.012398458185838535, -0.013292784728271565, -0.012918369984132065
0.6616043342825214, -0.01293512860010378, -0.01913580380044868, -0.016272922543595955
1.242674088023834, -0.015910489099682307, -0.01789363410578961, -0.017291692855778796
0.6444334494130517, -0.003532363619771786, -0.003574823200449002, -0.0035733984607826167
1.4655787334923718, -0.03288974578090711, -0.038119221177706414, -0.03269604534500196
1.0982733786956869, -0.02387700865842635, -0.034034798610863976, -0.028144798579933916
1.2263137334061132, -0.06156267342704814, -0.06507358576583484, -0.061820667071614585
0.9426576253126343, -0.05985091992188245, -0.06167317870082797, -0.05969609635998647
0.8866705764036312, -0.028380827193614094, -0.03161649384353098, -0.028896075002446005
0.36763148543459284, -0.025431283483281733, -0.025716287681319953, -0.02565632848631114
0.8497677831006051, -0.01807638286985457, -0.018293183244699262, -0.018260415332386464
0.8752903555488668, -0.05605020958301611, -0.058842537548509065, -0.05372402909981155
1.2069234417239922, -0.02427168355853064, -0.026309286634903662, -0.025380514712655407
0.8306384518679334, -0.023415902026230468, -0.023833403010629903, -0.02318336366422219
1.14469270214904, -0.03797037584532518, -0.05531564057551476, -0.034823199846759544
0.8231081346831911, -0.10782157192396699, -0.22467755818972956, -0.09371037976425856
0.8951692455545451, -0.08048258648626506, -0.08697361895162001, -0.0755953277128447
0.9209978438582138, -0.11209025792218745, -0.12891554368723093, -0.11220472382612416
1.3036388191400514, -0.0790520640576724, -0.1940388491802086, -0.08049808229195261
0.7065726967180105, -0.19955023362464272, -0.3156139660264963, -0.19495054730687672
1.0527469768807276, -0.09021665242075687, -0.1295516294422022, -0.09342560309958517
0.7032000025212851, -0.020712508469820024, -0.020974825171360515, -0.02093920650076309
1.146610472776502, -0.0048500635110540315, -0.00456630113835592, -0.004498924817202533
0.9625270750897182, -0.049711212559370326, -0.05894011034776161, -0.0530080529730766
0.946833468540186, -0.11330645892350003, -0.2623059772860627, -0.10768064398383322
1.1354777175753479, -0.19030727237975226, -0.37019388569796013, -0.18775342655258512
1.1992092572502415, -0.15889829108677805, -0.2570781397309552, -0.1647259396388804
0.8306238723661981, -0.03364444079785608, -0.034601483930544734, -0.03259066547104613
1.2828037239114394, -0.057648362123407425, -0.07505410009526432, -0.06508838759367246
0.8662698681393431, -0.17365595754794777, -0.2639951818142548, -0.1702053880834778
1.1883852141355038, -0.1146196371173719, -0.24584130410132, -0.1257149941694171
1.3944241266128063, -0.33726951671298594, -0.6539630025578191, -0.32939230331056996
1.292741812028051, -0.019667333639343268, -0.02380082498032793, -0.020131088699090804
1.009648511630728, -0.2179377402323298, -0.4630387753860973, -0.21360633684115535
1.0573025194550105, -0.12148755185946357, -0.1546950617252742, -0.12079285271700217
1.0401216865537084, -0.10093175960559166, -0.12345222002924647, -0.09715902884679248
1.3832054651140933, -0.27248790933098643, -0.5375228004108002, -0.23392970557564696
1.8184419738626756, -0.07298543120676186, -0.10377538106739806, -0.07596676404233114
1.2850976743400768, -0.046960755879990754, -0.11001188336213133, -0.04713362486394509
1.044845568859351, -0.05557633495825576, -0.07363515027598277, -0.05356380372103875
1.1899624337004802, -0.26401787098124624, -0.3638677725413607, -0.25542271702202884
1.279013188385409, -0.09651388159202179, -0.20646047773567403, -0.11165881005699987
0.6742425958549582, -0.016116718330886216, -0.01604274892837564, -0.01603843282264698
0.9231581151272873, -0.04152117389033083, -0.044147942490016516, -0.04142792840767474
1.1617763523234552, -0.07145651755249127, -0.11952836066104805, -0.06702997060481347
1.0500058987637406, -0.4134213427726645, -0.6670620076785225, -0.4150116317078649
1.4760855025800401, -0.13684295782574918, -0.23013458227681144, -0.14338421395223944
1.078157715002282, -0.05408545435033739, -0.06410895518196985, -0.05358884945344631
1.1742877471818758, -0.12510459833568893, -0.19462938340569733, -0.1238142807890746
1.0141077545998258, -0.006260153614683077, -0.0065111031908795915, -0.006296766161285436
1.0239114834769518, -0.015156585153366904, -0.01549472570138747, -0.0151359909430084
1.0531202471571055, -0.008990156449959614, -0.009056814878071673, -0.008975085989749259
0.990512611689066, -0.2048132130410522, -0.21517576935660535, -0.2044555243102187
0.9663085238501273, -0.360178387515014, -0.5612579224617713, -0.363539160943253
1.0355020979116827, -0.024205491823377088, -0.02565273229066518, -0.024772226578218218
1.3531002716216163, -0.17783107085933444, -0.32208850671274897, -0.189830262000731
0.7116442390764712, -0.014391138873063028, -0.014349638510034193, -0.01433707187492363
1.0807430089753203, -0.009513971033215057, -0.009659355271043928, -0.009561601289115132
1.167905973175869, -0.16673591525759549, -0.21835683900574426, -0.17432892697202282
0.48959139502290205, -0.40144394141435624, -0.40311067074039447, -0.40198199509120386
0.9233112967767342, -0.0067574169592699036, -0.006583401998033493, -0.00651404147601339
1.6347725791191332, -0.14404916059022072, -0.25819967395727356, -0.14310139297451538
1.1538764216456938, -0.06495662811747752, -0.0922164252415423, -0.06298069128669163
0.7534127867924022, -0.03674020443891641, -0.03873345005988204, -0.03637512299174589
1.0964963766350038, -0.1779653346821433, -0.3192665101900615, -0.17604124169228305
0.9744310296199711, -0.2020180050083436, -0.34336886221885055, -0.21182089042087812
0.6762759466924185, -0.017765763500705363, -0.01829350619756054, -0.01825025728094777
1.208387521211838, -0.09502300149289658, -0.110776518163979, -0.09791532495923164
0.9208938592681664, -0.37616741537302734, -0.5118243145714425, -0.3832431880479427
0.9737705161500595, -0.03943813781242352, -0.04793468957067744, -0.039233247637088395
1.730787075514242, -0.17813361174846068, -0.32660896855362515, -0.1816010713981593
1.209817264965814, -0.027436771590728312, -0.02851259971381675, -0.02759719664265031
0.6980499921509069, -0.7171050953269005, -0.7227241047006098, -0.716379676073861
0.9671276337288858, -0.013028033729759044, -0.01389485152803769, -0.013746525337418145
1.4251258032704877, -0.1071488752302248, -0.15632057573067654, -0.10796527270384129
1.0049273382039117, -0.5928771677382756, -0.8550912449001246, -0.5889412005900548
1.0840681813287687, -0.12237193311122246, -0.1610053133950433, -0.1291159179248556
1.3426515135259052, -0.44054235285473986, -0.6513406513507456, -0.4175143906624538
1.2399356662242793, -0.03803608657827135, -0.05627615934325972, -0.04146846347391335
0.9325456342253209, -0.008596359469403979, -0.009503803946746995, -0.008951255336127693
1.031619824344163, -0.03366351432679221, -0.04336365692925745, -0.03804361672965279
1.157442946857607, -0.2007887459550984, -0.333386905802774, -0.18331872451772538
1.37933903566749, -0.18820512897969457, -0.32622106133381173, -0.18640500815587097
0.9934837595263916, -0.06405701595544815, -0.07098275613133954, -0.06732163897444672
1.2608376876919005, -0.04886462266650051, -0.05055260894300444, -0.045176415558934695
1.179926294406988, -0.09137710105103906, -0.17332130443994678, -0.09457207801624996
0.781020306327862, -0.07475221486343071, -0.08267196864700763, -0.07439740528195814
1.3168040087359314, -0.1489947246859083, -0.17579658450554628, -0.15840515377726638
0.6200468229989972, -0.13650120892201084, -0.23549314407849656, -0.1453933018991713
0.8065124015140336, -0.03661822118796408, -0.03992792905014932, -0.03857143770017366
0.8565978178117574, -0.10198055473994463, -0.11441478042089466, -0.10037525459319935
0.6245854944904837, -0.07802475608815439, -0.08869703434742067, -0.07252087254687474
0.5534355107796457, -0.14541864840313792, -0.16694862097700022, -0.14343624920974632
0.8860205922175463, -0.46760766842309387, -0.625261642073456, -0.4730123103487061
1.0388246537019314, -0.035382088939775715, -0.03773286572810677, -0.03682709048668466
0.6330390239320444, -0.041681405620416626, -0.04417458345125435, -0.04129037092932869
1.2007069688832495, -0.17466489996598103, -0.2767315068187556, -0.1640697469083199
0.8002962347756926, -0.04158307681325823, -0.06041912371915357, -0.04399349479481904
0.8162741620056849, -0.04770107355341315, -0.05407110001611578, -0.049186019214067137
1.4508279260417172, -0.03653018409840297, -0.03849486383152192, -0.03698618727646382
1.3037488653841365, -0.07863854462862946, -0.10307315607536736, -0.08344449736065969
1.1862345821794247, -0.08978706124576274, -0.13761336852964903, -0.08470196464737345
1.4505762370641273, -0.09429021671443479, -0.1332830596950501, -0.09802819101906993
1.0264280565454562, -0.2684361284690676, -0.45062076332219797, -0.26382654838716646
0.8044169716978461, -0.24451029275543987, -0.3167905278868379, -0.25394640028508314
1.4156694836339294, -0.012716545787581707, -0.014065620371193622, -0.013439979978720675
0.9697196172984223, -0.03224193694116548, -0.03692270554323551, -0.03517510537374244
0.5054799246311229, -0.14004678059741854, -0.1454878156799816, -0.13914742791772336
1.1246619964234228, -0.04619268064992502, -0.06702735449917556, -0.05136565512296461
1.2757873012911085, -0.025445646709937136, -0.031996815115818415, -0.023999668498885955
1.3599427734364073, -0.07821315433527343, -0.09105007510167126, -0.07389406379798971
0.9910621888207057, -0.1519120009765029, -0.17122769088801715, -0.1562466917967351
0.7783800410543277, -0.03412535229697824, -0.037390766156571845, -0.03574587085880573
1.0085117027199455, -0.03583467765012756, -0.03733291630049769, -0.03665662265375334
0.9255789386947306, -0.14045396733412052, -0.2618834514260505, -0.14954826452860534
0.9484846618303496, -0.01261786480504088, -0.012351410081723286, -0.01191458867433453
1.4826550586863434, -0.12370546278712573, -0.2289864190759535, -0.1270025588984156
0.566214416058992, -0.06964666523691267, -0.07173539313202264, -0.07034706423936891
1.223869961655121, -0.030245946124661714, -0.030132761355439228, -0.029272705838363205
1.218197074407677, -0.019664212991425303, -0.018277940394254674, -0.016607334878209777
0.9196487505346189, -0.016737532388186083, -0.020055689215656352, -0.019084022763152426
1.0546365108425826, -0.014315215450711549, -0.014676592488039921, -0.014522242078972335
0.7596505445523462, -0.43756670236214995, -0.6366956254380702, -0.42919009097669275
1.5651124572517385, -0.1714477845763322, -0.2920577846435698, -0.17920308620273265
0.8170859257165718, -0.05628219624678604, -0.05925049261698003, -0.05509598463753979
0.9737762364711676, -0.20691110288188794, -0.3126760356104363, -0.20733016281805078
1.509390000188932, -0.08754768957826309, -0.10569920012094461, -0.08710447029923551
1.2209988034756676, -0.027299653672380374, -0.03435626088052881, -0.029882660543234234
1.0391487557144914, -0.017244639881770128, -0.01935530471412483, -0.014272750148855328
1.1288226427672718, -0.14658818378392607, -0.26755058816470867, -0.13907755616766468
1.1080348767335528, -0.030767549479496666, -0.02973124310824713, -0.028364890696341846
1.1324662951478313, -0.26448082058690486, -0.4000285540240131, -0.2622764477876198
1.4398005416842208, -0.24217556282808073, -0.4601567240232938, -0.24569871632754336
1.5831280392752587, -0.011163186996767762, -0.013820062920018625, -0.013176299639298325
1.5777709867034153, -0.1317014417668106, -0.1993961126797426, -0.1326384441035119
0.6173646094477047, -0.010520863755373285, -0.011387893149875627, -0.010941400890787059
0.9462171409803329, -0.043839930498972536, -0.048330143079111744, -0.04546192940048579
2.292481250360577, -0.09909623428154737, -0.20289372831223504, -0.11253852788790605
0.0, -0.005049779545515776, -0.005049779545515737, -0.005049779545515776
