n: 5, k: 1000, t: 500
Entropy, Sampling, Jensen, Exact
0.746616888409649, -4.756577468646586e-05, -4.6418157081970425e-05, -4.641645915523352e-05
1.1286156662533622, -9.495010153770824e-06, -8.946550030188966e-06, -8.94645818166498e-06
0.6039458446911704, -1.3776419076710517e-05, -1.4003965834832074e-05, -1.4003908455522757e-05
0.9741641228869206, -1.6987912123910078e-05, -1.770666675869196e-05, -1.7705534606337037e-05
1.248797922646607, -6.879969430774029e-06, -7.434823671817518e-06, -7.434476673993643e-06
0.5247342525664, -2.54431299580646e-05, -2.683977823636378e-05, -2.6838444573562862e-05
0.53942316099523, -5.659192898651071e-06, -5.8157793021336296e-06, -5.815716839971338e-06
0.8014120704661625, -8.4030440010937e-06, -8.561407055780957e-06, -8.561334175203316e-06
1.0786436262486438, -1.371925551084464e-06, -1.4097508562346545e-06, -1.4097306763029688e-06
1.0648091775085038, -1.8994884987377013e-05, -2.0816372598857355e-05, -2.081519250701609e-05
0.28327405635013936, 1.3685070606957362e-16, 1.3685070310298643e-16, 1.3685070606957362e-16
0.8587916552597378, -2.7026223833574178e-05, -2.7550965535520405e-05, -2.7549423965368783e-05
0.6881724955362009, 1.3685070606957362e-16, 6.84253515514932e-17, 1.3685070606957365e-16
0.9404731081533004, -2.2643985346715957e-05, -2.1134868220043526e-05, -2.1133758569475798e-05
0.6739514733620394, 1.3685070606957362e-16, 2.0527605465447966e-16, 1.3685070606957362e-16
1.2567918120610737, 1.3685070606957362e-16, 1.3685070310298643e-16, 1.368507060695736e-16
0.6896009866164013, -1.800747976076974e-05, -1.7535553221909646e-05, -1.753470951104328e-05
1.3431221008204492, -3.0266030447736984e-05, -2.9100723767049964e-05, -2.9099260227244762e-05
0.9153051252497093, -4.791432249369869e-06, -5.321658458388608e-06, -5.321533518039004e-06
1.1090494450952049, -1.905452154337197e-06, -2.1200724514701236e-06, -2.1200433253716962e-06
1.1119075371219098, -4.163262223172897e-06, -4.7343733372774635e-06, -4.734044280887022e-06
1.0017309996733506, -4.850534109749785e-05, -5.168049170821115e-05, -5.16787182312408e-05
1.2104477508550846, -2.486687236515059e-05, -2.3869547250657945e-05, -2.386831674397658e-05
1.072340423423287, 1.3685070606957362e-16, 2.0527605465447966e-16, 1.368507060695736e-16
0.9181037823973209, -8.278409692057377e-06, -8.220466809438536e-06, -8.22034767049609e-06
0.9082439121437268, -3.156276854851853e-05, -2.980727861641606e-05, -2.9805665356635683e-05
1.0278692691075573, -5.222883251547983e-05, -4.996885946412302e-05, -4.996701017742575e-05
0.7294328571566828, -4.091103215492633e-06, -3.7627689793640827e-06, -3.762602154454692e-06
1.11556686843739, -1.1012893017248774e-05, -1.142313340443523e-05, -1.1422864909868144e-05
1.0920451445234352, -1.2576923621908518e-05, -1.3139557255945538e-05, -1.3139390906367721e-05
1.1461557083186533, -7.78424175214796e-06, -8.233816843060672e-06, -8.233665701799151e-06
1.1247084996285173, -1.225425512520686e-05, -1.208180766436236e-05, -1.208126476259062e-05
1.173526950922159, -1.3147619864502425e-06, -1.2529614203335208e-06, -1.2529433254294038e-06
1.1862822320109256, -5.087557252308858e-06, -4.8408789617707355e-06, -4.840823141745146e-06
0.6616461552529944, -8.194737155279405e-05, -8.20182128553965e-05, -8.201724776132109e-05
1.1049271661529811, -8.615151727898611e-06, -7.444041377369721e-06, -7.4436692795314704e-06
0.920577001131725, -6.574749335315265e-06, -7.077885602780097e-06, -7.077680612362413e-06
0.4511536504759661, 1.3685070606957362e-16, 1.3685070310298643e-16, 1.3685070606957362e-16
0.7707039973756624, -5.0150880268914065e-06, -5.245872012440349e-06, -5.245792961750261e-06
0.9293264785973558, -8.34588043645948e-06, -8.38987025129418e-06, -8.389797663362762e-06
0.32514302450892313, -2.1234890153690147e-06, -2.008074036788882e-06, -2.00792006915913e-06
0.9395579403902465, -3.366000678938872e-05, -3.470604732032788e-05, -3.470479295663765e-05
0.7001370427602885, -2.41992423604519e-06, -2.3466097611633103e-06, -2.3465779539846094e-06
0.6554344985365421, 1.3685070606957362e-16, -0.0, 1.3685070606957362e-16
0.9733375408477768, -6.179640010301512e-05, -5.986933876524331e-05, -5.9867715694073966e-05
1.1542970634865972, -9.773100628008753e-06, -9.925295999575064e-06, -9.925166652226557e-06
0.6912563082575098, -4.074858152192752e-06, -4.164809224807303e-06, -4.164686998281031e-06
0.7690631308212572, -5.773520027919515e-06, -5.565986224514256e-06, -5.565925317195574e-06
1.5517507216845643, -1.1339319124017037e-05, -1.1866863292832111e-05, -1.1866609820953491e-05
0.9854691166088452, -4.901334315576644e-05, -4.902582539768291e-05, -4.9024081187401945e-05
0.7114493490579346, -6.082305966624235e-05, -6.0287155876045e-05, -6.028540347177769e-05
0.6559959020479129, -5.379623176749149e-06, -5.568785387986318e-06, -5.568686514547816e-06
1.4588855608156999, -1.038222375054413e-05, -1.1601613975973096e-05, -1.1601117641086796e-05
1.081612522917391, -7.274776900760408e-06, -8.280734989600285e-06, -8.280160246399804e-06
0.7717781658247496, -4.124060418682357e-05, -4.330152312931812e-05, -4.329972096693429e-05
1.0702423773494467, -6.326101152716988e-06, -6.340004209746772e-06, -6.339938813648647e-06
1.0886700884379739, -8.593589216541107e-06, -8.922795754513405e-06, -8.922722413364698e-06
0.8208536922712291, -7.167318308235522e-06, -6.734212569335427e-06, -6.73388146240935e-06
1.0198647636450868, -1.63122565280673e-05, -1.4875169995202576e-05, -1.4874184719090562e-05
0.7664929056914447, -3.0868324901111063e-06, -3.2636887210975653e-06, -3.263646911431138e-06
1.0509994733670835, -1.195781115522559e-05, -1.1600466800702898e-05, -1.1600166630693944e-05
0.9931135256759245, -1.5224562714110794e-05, -1.5142212929507038e-05, -1.5142159371910703e-05
0.8472705756482709, -4.957924462257185e-06, -5.366412744009671e-06, -5.366308743562396e-06
1.6170010459373247, -1.8542632518719865e-05, -1.7871500340386956e-05, -1.7870668440377167e-05
0.461112146493927, -4.0249769066497064e-05, -4.158027153662149e-05, -4.157841820516566e-05
0.8416869417617237, -1.1897846881651603e-05, -1.2419880266694952e-05, -1.241909338310385e-05
1.0089753884976713, -1.4829114774254497e-05, -1.4614654517246756e-05, -1.4614131223304224e-05
0.7127018231664518, -5.9831197649116595e-06, -6.143098711869668e-06, -6.143034365428575e-06
1.1725535268234684, -1.4802452092134204e-05, -1.591067806715688e-05, -1.5909915667731742e-05
0.8294603281716233, -3.820591053104754e-06, -4.265101947483753e-06, -4.26488198549213e-06
0.6650487914844333, -1.3338165079949826e-06, -1.1274671655237626e-06, -1.1274507682192497e-06
0.6661074985678866, -3.5025692988645943e-05, -3.5572792679167366e-05, -3.557128357467276e-05
0.3337314832306776, -2.458033279134671e-06, -2.4433236192346347e-06, -2.443290692832523e-06
0.7697522317666767, -1.3085776787126791e-05, -1.3175110225175123e-05, -1.3174779653719633e-05
0.9506097060498744, -8.593589216541107e-06, -8.660675758467514e-06, -8.66060273041678e-06
1.0525931954225693, -3.0114935128855437e-05, -3.0600305371426915e-05, -3.059866887663523e-05
0.9328017301869762, -5.521131733864818e-06, -5.522438146454721e-06, -5.5221288600237535e-06
0.6882750352329964, -5.139855172450864e-05, -5.431692187930862e-05, -5.431519644037298e-05
0.6105851292566331, -1.0289441632791355e-06, -1.021684821916137e-06, -1.0216698751507325e-06
1.1072121128846408, -5.144720816943078e-06, -5.164439462951816e-06, -5.1643812671792745e-06
0.8849976567367476, -1.1618897595224053e-05, -1.1312715197778526e-05, -1.1312148781957408e-05
1.118331603549395, -3.0228389172313596e-05, -2.8117192371391662e-05, -2.8115634696592915e-05
1.2885735121939472, -2.5434072398550555e-05, -2.5105608681890878e-05, -2.510430504098206e-05
0.7032141915383456, -5.600159278288641e-06, -5.022000640442062e-06, -5.0218125359945405e-06
1.3104753784351268, -1.4556533908875704e-05, -1.338605833273866e-05, -1.3385652038640035e-05
0.4062969262980306, 1.3685070606957362e-16, 6.84253515514932e-17, 1.3685070606957362e-16
0.9265160909878254, -2.1521638631304475e-05, -2.1344497103467718e-05, -2.1343512024232806e-05
0.6351666072348066, -5.849738114098476e-06, -6.112954806631767e-06, -6.112890626613242e-06
0.7325776114702471, 1.3685070606957362e-16, 1.3685070310298643e-16, 1.3685070606957365e-16
1.3697894504552166, -6.978738248923333e-06, -7.2499244710533e-06, -7.249767089151413e-06
1.010058213108174, -1.0098896417343948e-06, -1.0358244278146755e-06, -1.035809286284984e-06
0.36361653297154845, 1.3685070606957362e-16, 2.7370140620597287e-16, 1.368507060695736e-16
0.5813863260464149, -1.943561197426678e-06, -2.021732133650352e-06, -2.0217041970955524e-06
0.7140950710924405, -6.459482803530172e-06, -6.361340303642341e-06, -6.361274797633985e-06
0.8428230990164092, -7.134522338674288e-05, -6.994651769691474e-05, -6.994542046001654e-05
1.0874887202933903, -2.3612327302473397e-05, -2.3522133057901085e-05, -2.35210978672194e-05
0.6904735994505768, -1.546416208650012e-05, -1.6423508793752367e-05, -1.6422898892912947e-05
0.7720168569562442, -4.3953223532225374e-05, -4.596136655096451e-05, -4.595949934159589e-05
0.718824159605707, -1.5815252880766091e-06, -1.4314675710382147e-06, -1.4314471054957445e-06
0.4598817109671729, -1.049312098609334e-05, -1.227634287187681e-05, -1.2275553694087567e-05
0.7415171038935043, -1.730150556248751e-05, -1.7362642295912095e-05, -1.7362618464377426e-05
1.0931541881388782, -6.322205932515143e-05, -6.322118017351838e-05, -6.32194721760637e-05
1.203417645035652, -9.154917683115437e-06, -9.019556501092915e-06, -9.019452183231811e-06
1.2920253705501141, -6.002174286456399e-06, -5.667294065014479e-06, -5.667232515038712e-06
0.8704114238074248, -1.1070677017357368e-05, -1.1113667387066045e-05, -1.1113595791168034e-05
0.8302020934400263, 1.3685070606957362e-16, 6.84253515514932e-17, 1.3685070606957362e-16
0.6879612046423067, -2.0285585222098923e-05, -2.1260174581310288e-05, -2.1259431290491918e-05
0.35880425372166613, -1.2080566659228614e-05, -1.2271147708400268e-05, -1.2271080178626598e-05
0.9222881724634784, -1.2213948310041797e-05, -1.1976693980255437e-05, -1.1976625209856517e-05
0.901754276055863, -1.7875666697252673e-05, -1.760436026380897e-05, -1.7603234201760965e-05
0.8472027086664333, -7.737394116586714e-06, -7.349799378527862e-06, -7.349362764555618e-06
0.9895931635206944, -3.656598080725112e-06, -4.019873071278532e-06, -4.019630786305407e-06
0.7394520080211895, -1.824270108761809e-05, -1.8479821073928974e-05, -1.8478651077083592e-05
0.7062048899003057, -5.4082740021809376e-05, -5.3183719210916654e-05, -5.318218167525198e-05
1.0149523842191643, -7.312256759070424e-06, -6.478803614913377e-06, -6.478554231431075e-06
0.8099461176135276, -3.42981387668478e-07, -4.3840982785474346e-07, -4.384032066599868e-07
0.8481182097858013, -1.5820251363013094e-05, -1.630471390206423e-05, -1.630462906553829e-05
0.9438036742891024, -1.3147619864502425e-06, -1.2999397830100933e-06, -1.2999210592429143e-06
1.3330992766709215, -2.1930522176215792e-05, -2.060558601667317e-05, -2.0604957906219285e-05
0.770958631506677, -7.787478034149473e-05, -7.857655492989656e-05, -7.857542975369347e-05
1.4071571578828177, -5.388813369675931e-06, -5.588408560169014e-06, -5.588144842622196e-06
0.8537167152280963, -4.0014495230269945e-07, -3.5546685289176704e-07, -3.5546146047307593e-07
0.7582674678952496, 1.3685070606957362e-16, 6.84253515514932e-17, 1.3685070606957365e-16
0.7885821407062161, -3.368625756402439e-05, -3.531178114254171e-05, -3.531002764427519e-05
0.6095589424647232, -2.2489679118629822e-05, -2.1658151475838408e-05, -2.165683609411198e-05
0.9853324707710769, 1.3685070606957362e-16, 6.84253515514932e-17, 1.3685070606957365e-16
0.441616471309583, -5.215434356182781e-07, -7.723707683338764e-07, -7.723233351065456e-07
1.0536703908864111, -4.266032552419621e-06, -4.053435084191869e-06, -4.053132709718035e-06
0.9047807401317953, -1.3776419076710518e-05, -1.3986320878421237e-05, -1.398626337126226e-05
1.0737598287243155, -8.130351565240429e-06, -7.677455706359073e-06, -7.677174009153904e-06
0.6617408491361835, 1.3685070606957362e-16, -9.99353784035256e-09, -9.992755438549922e-09
0.5484106698946238, -9.652222797740251e-05, -9.652222797743425e-05, -9.652222797740251e-05
0.8519826642116843, -1.4546735594107716e-05, -1.362453901043936e-05, -1.3623949515950288e-05
1.136687658366244, -4.249158304340276e-06, -3.887038251290442e-06, -3.8869863755073546e-06
1.4370725189405877, -1.6001127332777177e-05, -1.729364483034408e-05, -1.7292904661862488e-05
1.187263206899742, -1.1868755668623623e-05, -1.1118388556880668e-05, -1.1117766519412996e-05
0.3867796363362678, -9.652222797740251e-05, -9.652222797743425e-05, -9.652222797740251e-05
1.1946357401319803, -1.866408083506778e-05, -1.9700614057993043e-05, -1.9699652142592256e-05
0.9742425032207228, -4.111846911829492e-05, -3.9895036019177336e-05, -3.9893203261271495e-05
0.727225932108866, -3.8109043075795897e-07, -3.8275780452008685e-07, -3.8275200650444066e-07
1.1524657632252882, -5.506756726293148e-06, -6.24813033773708e-06, -6.248065423727477e-06
1.1181520514436762, -1.5758089317363527e-05, -1.561205172450006e-05, -1.561200812401704e-05
0.9061307004820183, 1.3685070606957362e-16, -0.0, 1.368507060695737e-16
0.9663128225814915, -1.5559993169403297e-05, -1.443962711440699e-05, -1.443866602129868e-05
0.7793484242456881, -3.5806349336696136e-05, -3.5109584814894135e-05, -3.510784172753947e-05
0.6330086894595125, -9.652222797740251e-05, -9.652222797757109e-05, -9.65222279774025e-05
0.5526666212304953, 1.3685070606957362e-16, -0.0, 1.3685070606957362e-16
0.6373691070052347, -8.898461561256954e-06, -9.543855900212419e-06, -9.5437822629359e-06
0.780111887148397, -2.770187942941695e-05, -2.8061435504460027e-05, -2.8059876992075267e-05
0.7813320348794338, -6.554755411253874e-06, -6.192127559092407e-06, -6.192062945536905e-06
0.43543048132387374, 1.3685070606957362e-16, 6.84253515514932e-17, 1.3685070606957362e-16
1.0839514151268737, -9.279551992151762e-06, -9.31552103308407e-06, -9.315447432012528e-06
1.0504926978270326, -1.9681787165504325e-05, -2.055110970859056e-05, -2.0549882061180497e-05
1.1363278019770309, -1.32047834303683e-05, -1.298408014454184e-05, -1.2984016201039255e-05
1.048750792809774, -1.5487266937238463e-05, -1.547598823329422e-05, -1.547587246644946e-05
1.3476080957038292, -1.0232278069388787e-05, -1.0208013787896754e-05, -1.0207940526142134e-05
0.7953625673107437, -1.2085254922506776e-05, -1.2896086610053927e-05, -1.2895876251976412e-05
1.0656478345881104, 1.3685070606957362e-16, 6.84253515514932e-17, 1.3685070606957365e-16
0.7106718881191856, -4.249158304340276e-06, -4.605456212771137e-06, -4.605399902321108e-06
1.2131943027659744, -3.133688874977446e-06, -2.6572381974265735e-06, -2.6571790125068474e-06
0.8395116583574666, -6.07496247891613e-06, -7.277004280847453e-06, -7.276591669087116e-06
0.7769234298094471, -9.774969552315015e-06, -9.781204409344116e-06, -9.781130824166592e-06
0.9359342590284587, -3.204724974413444e-05, -3.109919232224931e-05, -3.109773046478846e-05
0.7048361021064811, 1.3685070606957362e-16, -0.0, 1.3685070606957365e-16
1.2940548463033212, -1.47993721456047e-05, -1.5068074001528989e-05, -1.5067101408564083e-05
1.462851421557867, -1.993198643678853e-05, -2.053083634742967e-05, -2.05299960231761e-05
0.9948451486791855, -1.3068282103573074e-05, -1.320673980523601e-05, -1.3206490855751844e-05
0.7409453921617615, -3.2011596193795496e-06, -3.0194901941790817e-06, -3.0194509147748756e-06
1.040918245564021, -4.992284644585154e-06, -4.567857323267004e-06, -4.567803639717213e-06
1.0933026439819993, -3.2011596193795492e-06, -2.9647634989900103e-06, -2.9647247993192967e-06
1.3798147059840862, -2.6180086590920513e-05, -2.5309901940197304e-05, -2.5308553687045695e-05
0.6992912228175442, -4.4691661609192084e-05, -4.462492592373734e-05, -4.4623214705434e-05
0.9798409103045398, -1.3300056038092006e-05, -1.3658202934780466e-05, -1.3658143141147817e-05
0.8110887030764105, -2.7629056238505185e-06, -2.605681090573283e-06, -2.605646319481773e-06
0.2935841410055614, -7.181253761515244e-05, -7.192189125629318e-05, -7.192045586315181e-05
0.9893075661440578, -1.699165336678844e-05, -1.6273808787867532e-05, -1.627324169269298e-05
0.8353512159339527, -9.60347885841235e-06, -9.885091550815066e-06, -9.885018017175087e-06
0.9922929249985575, -9.279551992151762e-06, -8.936224424670956e-06, -8.936151070615614e-06
0.7167361395069178, -2.174714696471238e-06, -1.925172625662493e-06, -1.9251331701804035e-06
0.8707822466732088, -7.504672030246037e-06, -7.607972609606469e-06, -7.607832510322044e-06
0.8880704873013847, 1.3685070606957362e-16, 6.84253515514932e-17, 1.3685070606957362e-16
0.6836265770721323, -8.4030440010937e-06, -8.36650304987059e-06, -8.366430505478767e-06
0.9930492098439325, -2.4653457450690564e-05, -2.5423479561812933e-05, -2.542227232200856e-05
1.3033442956908163, -4.246038628358231e-06, -4.8500452539430576e-06, -4.849783275039299e-06
0.9800020511875693, -6.4106075623118125e-06, -6.244961680638032e-06, -6.244616573692393e-06
0.38139228443633133, -2.934396317753183e-06, -2.886477292637878e-06, -2.886439432039217e-06
0.9069967564923731, -2.3948602465611174e-05, -2.4362830221372656e-05, -2.4361776185416477e-05
1.0035256373682997, -6.973954885238164e-06, -7.165347769142992e-06, -7.165278657258044e-06
0.4918352333835216, -3.2583231840137707e-06, -3.352468951166768e-06, -3.3524262457477015e-06
1.0792901422596226, -2.4199242360451898e-06, -2.6157234212660373e-06, -2.6156885376438006e-06
0.97973610559816, -1.507212654175287e-05, -1.5347704316755323e-05, -1.5347658162710175e-05
0.8353560782883511, -1.7549214342569133e-05, -1.7340770035774328e-05, -1.7340745926598036e-05
0.21321796005643287, -6.756555957059248e-07, -7.651168993938935e-07, -7.650574631953639e-07
0.7277910594563368, -1.8083387629211515e-05, -1.6614577622873693e-05, -1.6613712824837627e-05
0.9516765269258334, 1.3685070606957362e-16, 6.84253515514932e-17, 1.3685070606957362e-16
0.838437963318493, -5.754465506374773e-06, -5.833214877079001e-06, -5.833152310158707e-06
0.6509238704324105, -1.1217184055488386e-05, -1.0372385431792646e-05, -1.0372117528799613e-05
1.3414882476881098, -4.3598366377356044e-05, -4.140627448638748e-05, -4.1404668897481057e-05
0.6866309367444565, -4.534976127511383e-06, -4.789428611294943e-06, -4.789373184204572e-06
0.5675250626321234, -7.107336536051348e-06, -6.47363352357646e-06, -6.4735674508428186e-06
0.8852415007552681, -1.3719255512076295e-05, -1.3604286916783103e-05, -1.360422676415182e-05
1.0880983038182614, -7.012063928327645e-06, -7.168795710155861e-06, -7.168726585385754e-06
1.2165495263232096, -3.0403367643799735e-05, -3.0488421171107552e-05, -3.048684721103353e-05
0.694372519623583, -8.387781611234486e-05, -8.265891533448881e-05, -8.265798566627777e-05
1.0967893573285352, -3.08046467652276e-05, -3.0824992713709326e-05, -3.082336640092529e-05
0.9240348945083259, -2.3226867575342704e-05, -2.383957879771941e-05, -2.3838328446775228e-05
0.813892741421343, 1.3685070606957362e-16, 1.3685070310298643e-16, 1.3685070606957362e-16
0.5838785938792951, -1.61201252267136e-05, -1.5932083044839525e-05, -1.5932042686740745e-05
0.8549040356265243, 1.3685070606957362e-16, -1.3685070310298638e-16, 1.3685070606957365e-16
1.058104746427225, -5.525811247837888e-06, -5.418004274866195e-06, -5.417944336126525e-06
0.7340857931246794, -6.418728160492682e-05, -6.1002327103001494e-05, -6.100056924278725e-05
0.6509932271070867, -1.4024127856792141e-05, -1.397363255570581e-05, -1.3973574956918865e-05
1.17973510684643, -1.3852654661499665e-05, -1.653140717457425e-05, -1.653048114051767e-05
0.3256106359663482, -1.6987912123910078e-05, -1.7402205624152566e-05, -1.7401088640918957e-05
0.9921158007583125, -2.400567003487576e-05, -2.2239494179585787e-05, -2.2238258120493654e-05
0.9716694691003982, -4.633066942908205e-05, -4.583442798457943e-05, -4.583254321650342e-05
0.7227626397733212, -5.001031986362013e-06, -5.198826595515661e-06, -5.198713523895798e-06
0.23151247172314965, -8.764218300346889e-05, -8.783520939042411e-05, -8.783459036021903e-05
0.7944046628884354, -1.1089731538902108e-05, -1.0665150492529148e-05, -1.0665077905450657e-05
0.6430136554528625, 1.3685070606957362e-16, 1.3685070310298643e-16, 1.3685070606957365e-16
1.2714599176448558, -8.383989479548961e-06, -8.555157489678136e-06, -8.555084618870759e-06
0.7764171220194764, -1.5434162449871284e-06, -1.4130571598709618e-06, -1.4130363778559026e-06
0.784379758528658, -1.486252680352907e-06, -1.3553937980209386e-06, -1.3553743365884963e-06
0.7599257783942879, -3.455495761582225e-05, -3.5617408590546984e-05, -3.561565009651747e-05
0.9070508757522232, -2.4770877994477563e-07, -2.4687001775180034e-07, -2.468662510064238e-07
1.0806994947896953, 1.3685070606957362e-16, -0.0, 1.3685070606957372e-16
0.2998383585403925, 1.3685070606957362e-16, 1.3685070310298643e-16, 1.3685070606957362e-16
1.1065306770998433, -8.323706238932693e-06, -8.152203188272498e-06, -8.15197018590708e-06
0.39847837866212976, -2.3908461054717478e-05, -2.328671739226465e-05, -2.3285376036340295e-05
1.059584893782422, -9.748115840815158e-06, -8.846372227299242e-06, -8.84592291735108e-06
0.9095187987656541, -1.9176993078784747e-05, -2.0176127553282506e-05, -2.0175118570888194e-05
0.6678342984931084, -1.3071401779555119e-05, -1.3080211045945494e-05, -1.3080147649130473e-05
0.9932766835052718, -1.7651683203383764e-05, -1.9307332009045995e-05, -1.930675337188503e-05
1.2081589203716585, -1.579684504384266e-05, -1.3630524579087386e-05, -1.3629679593611735e-05
0.6661298961666524, -3.7828585444588286e-06, -4.3198895389296855e-06, -4.319647241063682e-06
1.221651143339457, -8.422098522638442e-06, -8.253795535465252e-06, -8.253723213640725e-06
0.6905843095245052, -1.2957074649055018e-06, -1.117000277342094e-06, -1.116984022841932e-06
0.6627541819649078, 1.3685070606957362e-16, 1.3685070310298643e-16, 1.3685070606957365e-16
0.8477638995640666, -2.135417603575306e-05, -2.2314939340339097e-05, -2.2313628203406898e-05
0.8836856802308859, -1.5053072018976472e-06, -1.296017454423134e-06, -1.2959987832038606e-06
0.9069417011426527, -7.032368070126223e-06, -7.145647940775692e-06, -7.145568882410456e-06
0.9378932242322755, -8.780075353489814e-06, -9.52999271413413e-06, -9.529817752399141e-06
0.6999983120987807, -1.6335361378805646e-05, -1.6140936700887277e-05, -1.6140332208940683e-05
0.8834688900899671, -3.653661035786507e-05, -3.6489317616562204e-05, -3.6488394910707976e-05
1.092450405899878, -2.534251365313633e-06, -2.590930595308006e-06, -2.5908959899185698e-06
1.276827549837355, -2.134106412874083e-06, -2.014611878382286e-06, -2.014584028756035e-06
0.7329749046896724, 1.3685070606957362e-16, 1.3685070310298643e-16, 1.3685070606957367e-16
0.5372681548303044, -1.930444559413936e-06, -1.7560464396198047e-06, -1.7559114371656456e-06
1.0986923925650505, -2.799144611334957e-05, -2.763364903356196e-05, -2.7632104690298933e-05
0.9185577073008844, -5.7283353573389676e-05, -5.6066722515347486e-05, -5.606491385738049e-05
0.6618813014286508, -1.2175839266952318e-05, -1.2100273337799736e-05, -1.2100205071190417e-05
0.9943782867229352, -4.024976906649707e-05, -3.9750802248841174e-05, -3.974897149775027e-05
0.34862941274395204, 1.3685070606957362e-16, 1.3685070310298643e-16, 1.3685070606957362e-16
0.9629233998231165, -2.4783400458479426e-05, -2.443973640026948e-05, -2.443869664873784e-05
0.9345612145444591, -1.195251120577815e-05, -1.3194927922678431e-05, -1.3194111301061879e-05
0.8088268575369524, -1.8863976327924569e-06, -1.990108582868491e-06, -1.9900810324055835e-06
0.18272727792951488, -6.650381507638778e-05, -6.479294096034486e-05, -6.479127311757784e-05
0.9707701546837203, -1.3609306428348829e-05, -1.3305665736549766e-05, -1.3305430809761087e-05
0.9080771082385205, -2.3847090505923377e-05, -2.3170057739987806e-05, -2.316869369158214e-05
1.2462620017714507, -3.432255449652385e-05, -3.572456582351145e-05, -3.57228052386302e-05
0.9780919832913033, -1.2581000199017398e-05, -1.1866599349310168e-05, -1.1865806385630496e-05
1.3855995025438437, -7.576520820189116e-06, -7.289947550455111e-06, -7.289669592891234e-06
0.8753690384744409, -1.905452154460363e-05, -1.9054521544642496e-05, -1.9054521544603628e-05
0.7979254128786823, -5.4342014351217815e-05, -5.3808838207516475e-05, -5.3806973622643614e-05
0.797610887677621, -1.4290891158418512e-05, -1.4247236727774911e-05, -1.424718116357168e-05
0.46079329021648874, 1.3685070606957362e-16, 6.84253515514932e-17, 1.3685070606957362e-16
1.3568872891089199, -1.6588697824682087e-05, -1.6705717399283418e-05, -1.6704906499762747e-05
0.7988636132157767, -1.812243607481765e-05, -2.120817014689103e-05, -2.120696848260735e-05
0.7843411781713858, -1.4736663542792038e-05, -1.3862865290722189e-05, -1.386236638577306e-05
0.6093032580915386, 1.3685070606957362e-16, 1.3685070310298643e-16, 1.3685070606957362e-16
0.6460237657381208, -3.091327665052319e-05, -3.113550772093962e-05, -3.113391789205497e-05
1.013730952672261, -9.089006776704358e-06, -9.239579698505255e-06, -9.23950612810537e-06
1.1763382750481945, -4.517427274907978e-05, -4.354423847050082e-05, -4.3542542996982106e-05
0.7036131087341538, -1.646310661451893e-05, -1.648408807505404e-05, -1.648405370048226e-05
0.4782929173469176, -5.395592543930766e-05, -5.472301310412605e-05, -5.4721157425157925e-05
0.771453973720616, -1.5628163808184854e-05, -1.563577677604268e-05, -1.563486981505376e-05
0.46676905972224797, -8.55704876074774e-06, -7.084423052850241e-06, -7.084136629810538e-06
0.8822873403643816, -5.373375075479964e-06, -5.347152670726725e-06, -5.347093208825224e-06
0.8716232442596233, -9.652222796385425e-07, -9.052936758927722e-07, -9.052236215108453e-07
1.1455445378666536, -1.8406995528429823e-05, -1.7320051294107383e-05, -1.731944912374356e-05
0.4070067149747114, 1.3685070606957362e-16, 2.7370140620597287e-16, 1.3685070606957362e-16
0.7105198204955014, -7.393154359222455e-06, -7.786048451590104e-06, -7.785977273679949e-06
0.889247485747662, -5.577981606254555e-05, -5.494706345976282e-05, -5.494548795642353e-05
0.8788944456557741, -1.1775694314512766e-05, -1.2102240756293815e-05, -1.2102172497735939e-05
1.044416142793374, -5.773520027919515e-06, -5.950691360446812e-06, -5.950628100594714e-06
0.6760445134119326, -1.55103805372819e-05, -1.5437486037773083e-05, -1.5437440738217008e-05
1.2665713493189226, -1.0806434322033333e-05, -1.1202379380924571e-05, -1.1201648032438895e-05
0.46474617993378126, 1.3685070606957362e-16, 1.3685070310298643e-16, 1.3685070606957362e-16
0.5502460109563396, 1.3685070606957362e-16, 1.3685070310298643e-16, 1.3685070606957362e-16
0.8200175892630133, -5.1156780826727355e-06, -4.860994291367353e-06, -4.860632840341082e-06
0.5016327651525196, -8.474651616414271e-05, -8.39371439954318e-05, -8.393628699316921e-05
0.8610891402179209, -2.405682939927161e-05, -2.4656063925505476e-05, -2.4654986846934555e-05
1.1141576653892096, -5.335266032390483e-06, -5.288038615553906e-06, -5.287979556733163e-06
1.225398315363512, -4.026752147072575e-06, -3.7412430883320974e-06, -3.741183599326195e-06
1.2352211945944591, -1.6930739809970764e-05, -1.670037825851338e-05, -1.6699686899539192e-05
0.8597407365769453, -1.6348779485250482e-05, -1.6173207574810726e-05, -1.6173169769460987e-05
0.1998724283199119, -1.8425722333627195e-05, -1.837044517675052e-05, -1.837043498169563e-05
0.87206531806792, -1.2518820654757645e-05, -1.2304650319526209e-05, -1.2304582939812867e-05
0.8424232620260715, -3.7156317010875423e-06, -3.836732247912911e-06, -3.836684881134556e-06
0.9276988145513793, -2.5533058868583736e-06, -2.4430629946725676e-06, -2.443030071335996e-06
1.1183707899532644, -1.1870966922236468e-05, -1.18767806644512e-05, -1.1876711505045222e-05
1.4140173304679606, -1.7869649354815596e-05, -1.7674363373084935e-05, -1.7673423786715367e-05
0.6739377902053093, -4.230103782795536e-06, -4.029833802894595e-06, -4.0297846832764304e-06
1.218500626470693, -1.6392322442599258e-05, -1.5489013692516742e-05, -1.5488152911388787e-05
0.8673901146292424, -4.7636303848166144e-07, -4.807489905979386e-07, -4.807417464668484e-07
0.676394489873485, -1.2290166396220759e-05, -1.200185360713056e-05, -1.2001784937291144e-05
0.6836121257614265, -4.954175601495674e-06, -5.143331678220171e-06, -5.143273632276461e-06
1.0776359306249659, -1.2937089475530378e-05, -1.3408667304475983e-05, -1.3408325486153913e-05
1.1089810416089745, -5.068502730764116e-06, -4.80340220919157e-06, -4.803346675135434e-06
0.7030111074059715, 1.3685070606957362e-16, 1.3685070310298643e-16, 1.3685070606957362e-16
0.6611769510152488, -1.905452154460363e-05, -1.9054521544642496e-05, -1.9054521544603634e-05
1.5607394153718954, -3.926430021232437e-05, -4.145381043676435e-05, -4.145221339244254e-05
1.0790887878028783, -4.053933574919802e-06, -4.105602167518718e-06, -4.1052943707624e-06
0.5858774293964016, -1.6019543920237362e-05, -1.5957448209044898e-05, -1.59573273471236e-05
1.2175056617367823, -5.773520027919515e-06, -5.273107056466275e-06, -5.273047922098604e-06
1.1776790886529525, -1.658804105402101e-05, -1.5232433547354407e-05, -1.5231858420081258e-05
0.9269073301979333, -1.9054521407889778e-08, -6.4870853999020514e-09, -6.486985233622388e-09
0.983055116056814, -2.885889654489359e-05, -3.0456817642572834e-05, -3.0455196827848002e-05
1.062700596974355, -1.2061512137683873e-05, -1.2085856021684022e-05, -1.2085787694751021e-05
1.2720725737150393, -1.2233020330196725e-05, -1.1335695218700385e-05, -1.1334939476537874e-05
0.6922999026282912, -1.7758814079561278e-05, -1.8087082880465286e-05, -1.8087068684743353e-05
0.008446446136154657, -1.905452154460363e-05, -1.9054521544642496e-05, -1.905452154460363e-05
1.0819252197325109, -6.282546458621068e-05, -6.248532235189131e-05, -6.248382009098711e-05
1.3885051447292616, -2.703453301995113e-05, -2.710958041208899e-05, -2.710844895490897e-05
0.9512288582353443, -3.2278253074673913e-05, -3.1812412124263684e-05, -3.181074674147149e-05
0.6943507551677324, -6.478537323843257e-07, -7.764651747421907e-07, -7.764536610678743e-07
1.6634764955691352, -1.1210625736482014e-05, -1.111530758569464e-05, -1.1114976670162434e-05
0.4009375185115222, 1.3685070606957362e-16, 1.3685070310298643e-16, 1.3685070606957362e-16
0.7585540735909081, -1.2933978548853425e-05, -1.2391284685365004e-05, -1.2390438964860348e-05
0.6687771899778527, 1.3685070606957362e-16, 1.3685070310298643e-16, 1.3685070606957365e-16
0.6548968197338119, 1.3685070606957362e-16, 1.3685070310298643e-16, 1.3685070606957362e-16
0.8230570631620138, -1.6996012781065627e-06, -1.5265934079560436e-06, -1.5265513429461718e-06
1.272445449827957, -9.164214750766678e-06, -9.279635923859626e-06, -9.279397686816674e-06
0.8561520039789453, -3.9411680336265676e-05, -4.0985943504967644e-05, -4.0984136525274605e-05
1.0219717325579776, -1.9245315017493325e-05, -1.887939016797182e-05, -1.8878858640471984e-05
0.6643554673419853, -1.7606377907203357e-05, -1.7667722117867383e-05, -1.7667702240369264e-05
0.8663912165481447, -1.156609457752062e-05, -1.1642620749890171e-05, -1.1642550742531902e-05
0.634489891810274, -1.9299748582787767e-05, -1.858547250353754e-05, -1.858476737644177e-05
1.0132918490703127, -3.944915144403892e-06, -3.599654174273055e-06, -3.599443298613038e-06
1.1146310196539377, -1.2537875176302387e-05, -1.247116165435337e-05, -1.2471095047536571e-05
1.304739627508918, -1.218366470482271e-05, -1.1126542960483802e-05, -1.1125872310184407e-05
1.0014379521097427, -1.4513196757360718e-05, -1.4432328634064565e-05, -1.4431821844683663e-05
0.9516109675749315, -2.3808890991779827e-05, -2.4635841346067624e-05, -2.463466859492769e-05
1.483331353079954, -7.670610124365351e-06, -8.136119484922193e-06, -8.135670740370981e-06
0.8375521108383843, -6.497591846619652e-06, -6.152452992125587e-06, -6.152388594541917e-06
1.3268668727627895, -6.7955956545919425e-06, -7.875149449961131e-06, -7.874886053849413e-06
0.5641328765994984, 1.3685070606957362e-16, 1.3685070310298643e-16, 1.3685070606957362e-16
0.8783818321236524, -3.7727952657217637e-06, -4.222366180802652e-06, -4.222315374166849e-06
1.3938703163917094, -1.614606578361208e-05, -1.656044735989291e-05, -1.6559784487527407e-05
0.8279622552733551, -9.057145834884062e-06, -9.049978004205447e-06, -9.049862066212702e-06
0.7498974785194649, -1.1394603883617956e-05, -1.1684485106848248e-05, -1.168441524444034e-05
1.1622593137370612, -1.54151079295582e-05, -1.5327279991023897e-05, -1.5327233644307478e-05
1.42451067775444, -1.4537979503025765e-05, -1.3558397457140248e-05, -1.3558187100731899e-05
1.4025903307137608, -1.934410572714644e-05, -2.013503850850151e-05, -2.0134239681486532e-05
0.6333228878851449, -1.615823426980308e-05, -1.6349883832492997e-05, -1.6349847957783802e-05
0.8048304410764656, -7.876088840928143e-05, -7.968292044186712e-05, -7.968183479303147e-05
0.5908174209236572, -3.677496885930565e-05, -3.751759358466355e-05, -3.751579768619716e-05
0.47609347295151466, -2.1834620382480965e-06, -1.9896973470123137e-06, -1.9896147684911328e-06
0.9381830910593332, -2.089751893430111e-05, -2.0737335764120878e-05, -2.073656213463471e-05
1.0333801200757518, -1.4348054723052731e-05, -1.4220619364829314e-05, -1.4220563597189539e-05
0.9411188216057184, -6.497591846619653e-06, -6.30835793816061e-06, -6.30829270639264e-06
0.9079689886316133, -6.4669892743582855e-06, -7.517336974094033e-06, -7.51679418466869e-06
1.3219910124503882, -7.700844911488256e-06, -8.061436677142633e-06, -8.061061560093165e-06
0.7671409329845928, -1.0143299845245093e-05, -9.654276380023306e-06, -9.65359735547873e-06
0.6439398649998224, -2.01977928360564e-06, -2.0728984846090973e-06, -2.0728699270725407e-06
0.5180149921643504, 1.3685070606957362e-16, 1.3685070310298643e-16, 1.3685070606957367e-16
0.5863637462061247, -9.2033339059728e-06, -9.563622414735701e-06, -9.563548778223679e-06
0.19477876285251308, 1.3685070606957362e-16, 1.3685070310298643e-16, 1.3685070606957362e-16
0.9188955813711767, -3.75499036443086e-06, -3.7756300015588967e-06, -3.7755668857483167e-06
0.10062378747413558, 1.3685070606957362e-16, 1.3685070310298643e-16, 1.3685070606957362e-16
0.8635475623917964, -4.6234147201104514e-05, -4.774798229001196e-05, -4.774609295645367e-05
1.2281840989355914, -2.4033715799228174e-05, -2.3617801938506392e-05, -2.3616698351277247e-05
0.8091591959960915, -5.791333677283853e-07, -5.781144383921507e-07, -5.78069441410225e-07
0.8377322525623668, -1.804965663166301e-05, -1.669734560251493e-05, -1.669626431423688e-05
1.3141848618632306, -3.852232619547952e-05, -3.700238409480793e-05, -3.700059889763208e-05
1.2071441464092536, -9.748745025594625e-06, -9.800990430307746e-06, -9.800300905867415e-06
1.0603115813174406, -2.591758321150236e-05, -2.4937180684449606e-05, -2.4935820950989834e-05
0.7683995638736691, -6.287992109627507e-06, -6.408605666586593e-06, -6.408539919569029e-06
0.984428811478244, -2.3050154850252386e-05, -2.130052141867131e-05, -2.1299239719754437e-05
0.918419384667826, -3.364502009564776e-05, -3.3420529660497186e-05, -3.3419036952472366e-05
0.892097084834153, -4.758545839279006e-05, -4.866524937928038e-05, -4.866335996368001e-05
1.0316262038719297, -1.9420013594356546e-06, -1.758390107561299e-06, -1.758297322249198e-06
0.651283066659347, -7.926680962475188e-06, -7.444056427480866e-06, -7.443986310736443e-06
1.1439508230904791, -1.4576708981589615e-05, -1.4231554404193403e-05, -1.4231498719911825e-05
1.2734431171563216, -2.9378237959378448e-05, -2.7979665533352645e-05, -2.7978156086590923e-05
1.2581648918451083, -2.1423556565335914e-05, -2.1606629471186048e-05, -2.1605520828487835e-05
0.8137173609534486, 1.3685070606957362e-16, 2.0527605465447966e-16, 1.368507060695736e-16
0.8232586069830804, -4.2910533546017176e-05, -4.131357231674996e-05, -4.131173178981205e-05
1.3136786093037973, -1.566344589441929e-05, -1.582878372900074e-05, -1.5828540667722173e-05
1.0716485429414717, -6.244574367785492e-06, -5.858249850654594e-06, -5.858137334961757e-06
0.36350178568325475, 1.3685070606957362e-16, 1.3685070310298643e-16, 1.3685070606957362e-16
1.096867198331423, -2.012158350041419e-05, -1.931986461143615e-05, -1.9319546163313684e-05
0.9190308320491146, -2.6833179377619094e-05, -2.5416684634545645e-05, -2.541521847836317e-05
0.7677443524284446, -1.707285130395062e-05, -1.7067651527434513e-05, -1.7067624016182735e-05
1.0257210295778756, -1.2899911085652454e-05, -1.3114408202119833e-05, -1.3114345003477486e-05
0.5579253542845981, -6.154610458814323e-06, -6.072064159316526e-06, -6.072000207082814e-06
0.632237732453573, -4.75389122256609e-05, -4.509086136104008e-05, -4.50891125213195e-05
0.8812104208098275, -7.3597335794111345e-06, -7.821176799916948e-06, -7.820974215350504e-06
0.7717235847720061, -6.598744903268242e-06, -6.114651007193966e-06, -6.114293035241988e-06
0.37425098138424695, -7.793299311662006e-06, -7.427333242181448e-06, -7.427263182204411e-06
0.8797713985247461, -2.934396317753183e-06, -3.127207301917471e-06, -3.127166894477759e-06
0.8519458715670909, -6.911522393053387e-05, -6.768009947115428e-05, -6.767859242680477e-05
1.2152850140713876, -9.884927385347575e-06, -9.559778376167534e-06, -9.559534585176744e-06
1.0936382794636716, -1.1394603883617956e-05, -1.1748868690580562e-05, -1.1748799056951279e-05
0.9480107586680026, -2.1872994353503108e-05, -2.3064441630492987e-05, -2.3063726174146567e-05
0.9677173604358777, -1.1261222232804773e-05, -1.1071466113926271e-05, -1.107139441103114e-05
0.8783948787420195, -1.216180072503311e-05, -1.3608851389376997e-05, -1.3607936009942025e-05
1.1726862231725959, -7.469372445401417e-06, -7.593817558897412e-06, -7.593746954057056e-06
0.41702090747873155, -4.744575864503529e-06, -4.769219877427727e-06, -4.769164606288477e-06
1.202297389121749, -1.0976352561455409e-05, -1.1092622543063754e-05, -1.1092080850534468e-05
1.0174064259710638, -1.1660436532032764e-05, -1.1850782329777825e-05, -1.1850423539473865e-05
1.143438546359883, -1.074519906241085e-05, -1.1232114626215866e-05, -1.1231563523515486e-05
0.8364640563211048, -4.1890646942115236e-05, -4.305674356720722e-05, -4.305487599813345e-05
0.8488029237673583, -3.5172785463799304e-06, -3.3263677887188503e-06, -3.326274994913095e-06
0.3572122488105775, -7.31256697680761e-06, -6.357683871911733e-06, -6.357500129139959e-06
0.9188836415006263, 1.3685070606957362e-16, 2.0527605465447966e-16, 1.3685070606957365e-16
0.881808216187611, 1.3685070606957362e-16, 1.3685070310298643e-16, 1.3685070606957362e-16
0.5400979143742312, -2.237815269830115e-05, -2.2544846698259424e-05, -2.2543902114970633e-05
0.7318471479646619, -8.879407039712214e-06, -8.829406253314836e-06, -8.829333010837093e-06
0.7414151960428682, -1.4290891157186852e-06, -1.4652201037602264e-06, -1.4651991958172791e-06
1.2465194316248192, -2.918688248965287e-05, -2.997035058617929e-05, -2.9968827662864123e-05
1.0894332036147607, -8.319966127476274e-06, -9.168419148958815e-06, -9.167772937801812e-06
1.0827865510450498, -1.077549141693503e-05, -1.070549555789272e-05, -1.0705288192194286e-05
0.7352447863139757, -6.859627754738068e-07, -6.337826633416109e-07, -6.337731919334917e-07
0.5792468960402637, 1.3685070606957362e-16, 1.3685070310298643e-16, 1.3685070606957362e-16
0.6767453649714422, -4.668357778324566e-06, -4.776397941057986e-06, -4.776342614579119e-06
0.4785654171501643, 1.3685070606957362e-16, 6.84253515514932e-17, 1.3685070606957357e-16
1.000209270086863, -1.9963941243928734e-05, -1.9708201120158835e-05, -1.9707474693611865e-05
1.207705855641278, -2.5486547699906613e-05, -2.661877015657482e-05, -2.661752210202901e-05
0.9550783931030823, -2.116022315742878e-05, -2.1857055436223606e-05, -2.1856186952444826e-05
0.651821987930022, -4.230103782795536e-06, -4.168830536508371e-06, -4.168780192798646e-06
0.6060116037924494, -1.6767978958003113e-06, -1.5275016858748712e-06, -1.5274799661867137e-06
0.5112813460376824, -1.3995723056606358e-05, -1.556053874172033e-05, -1.555951672098059e-05
0.45236997382930283, -1.930444559413936e-06, -2.0053458504058357e-06, -2.0051920876100633e-06
0.9265550804018619, -1.1661996370023789e-05, -1.1424820931452268e-05, -1.1424610367279054e-05
1.0978435127825594, -1.659494592595127e-05, -1.669251464422634e-05, -1.669166255490389e-05
1.234532754880785, -2.4389787575899307e-06, -2.4915709984133716e-06, -2.4915375196006192e-06
1.0166678621540175, 1.3685070606957362e-16, 6.84253515514932e-17, 1.3685070606957362e-16
0.7654761803564336, -3.41744876204018e-05, -3.366221393819665e-05, -3.3660649976320656e-05
0.7017678576123533, -9.584424336867612e-06, -9.583770051769947e-06, -9.583696416836448e-06
1.0897136178729088, -2.007317602686192e-05, -1.9350017482556306e-05, -1.9349283626943038e-05
0.4137755478874695, -1.3400327126831056e-05, -1.340859527317017e-05, -1.3408500724455759e-05
0.711739601923397, -2.6167175527617795e-06, -2.2920397835867607e-06, -2.2919880465537663e-06
0.955324276192328, -1.994166443054529e-06, -1.591353941880552e-06, -1.5912990739276362e-06
1.013028842365581, -7.005514358626367e-06, -8.507747843049358e-06, -8.507150369376735e-06
0.17849454317401267, 1.3685070606957362e-16, 1.3685070310298643e-16, 1.3685070606957362e-16
0.786701985524889, -1.5224562714110794e-05, -1.5613687683535595e-05, -1.5613644098773114e-05
1.2774882168240342, -1.3510143540663635e-05, -1.3910399215626769e-05, -1.3909595424345927e-05
0.6165340014823356, 1.3685070606957362e-16, 6.84253515514932e-17, 1.3685070606957365e-16
0.741866360257435, -8.493956061886614e-06, -8.587335686922272e-06, -8.586723091626242e-06
1.0766976039267322, -1.2065278497055568e-05, -1.2464074874162744e-05, -1.2463224921455173e-05
0.5826169875553135, -5.941519659609184e-05, -5.6863606278259144e-05, -5.6862389821238866e-05
0.7368212657570947, -1.2880856564107716e-05, -1.2875804083227811e-05, -1.2875739541934528e-05
1.1480150964775344, -2.934396317753183e-06, -2.9766172455758797e-06, -2.9765784201248057e-06
0.6910490496060576, -7.301639361565356e-06, -6.40725487414356e-06, -6.40684701374068e-06
0.5847340817507101, -1.8397946718220874e-05, -1.8857615815267536e-05, -1.8856518920862525e-05
1.0509535791695603, -1.9474057484240387e-05, -1.9042800408809922e-05, -1.904182364393714e-05
0.38452633473152875, -1.4138454986060586e-05, -1.4470756441049444e-05, -1.447070262923303e-05
0.6383606449017691, -2.7421370304998376e-05, -2.6758103728650998e-05, -2.6756649458920643e-05
1.1442178886532006, -1.5243617234423877e-06, -1.2058875850227805e-06, -1.2058701238292193e-06
1.012740160327773, -9.241442949062283e-06, -8.521628478722769e-06, -8.521555661620754e-06
0.8665666079279595, -7.964790005564669e-06, -8.306258216163368e-06, -8.306185788197282e-06
1.0390301142590315, -7.76612663311987e-06, -8.045999811366055e-06, -8.045776300210395e-06
0.42646885089471515, -1.969053450728118e-05, -1.993047129972125e-05, -1.9929232913395024e-05
0.7135457029825863, -1.7567045491775318e-05, -2.0699033052156735e-05, -2.0697759816260482e-05
0.688882272247665, -1.0518095892559892e-05, -1.0474800684782375e-05, -1.0474727775601682e-05
0.565984082696984, -5.9253357648030656e-06, -5.329642755361681e-06, -5.32942257315407e-06
0.6712861571599279, -8.243739291992218e-06, -8.313074333311648e-06, -8.312849171726836e-06
1.1711146435948332, -1.0618366981298944e-05, -1.0643339948139591e-05, -1.0643217188818633e-05
0.5005722631325484, 1.3685070606957362e-16, 2.0527605465447966e-16, 1.3685070606957362e-16
0.6177396143847346, 1.3685070606957362e-16, 1.3685070310298643e-16, 1.3685070606957362e-16
0.6565480639581656, 1.3685070606957362e-16, 2.7370140620597287e-16, 1.3685070606957362e-16
0.859142498877989, -3.418541523564406e-05, -3.378245138654411e-05, -3.378109983409155e-05
0.6621854490248258, -4.0635857978407226e-05, -3.8066103559154204e-05, -3.806429834290006e-05
0.890362200671021, -7.1263910575960886e-06, -7.015101144198888e-06, -7.0150326265393865e-06
1.1880447545543111, -1.432370900136564e-05, -1.3798443962460042e-05, -1.3797606530381302e-05
0.813417004780919, 1.3685070606957362e-16, 1.3685070310298643e-16, 1.3685070606957357e-16
0.8675291307679978, -3.79860718557309e-05, -3.868766747638979e-05, -3.8685864006507066e-05
0.4140711356880116, -2.9149712849080042e-05, -2.8821770759805274e-05, -2.882018779637037e-05
0.7543794725402616, -1.1047253199576744e-05, -1.1202354498771447e-05, -1.1202112026857951e-05
0.860861430233953, -1.0441877806380934e-05, -1.0298411783338068e-05, -1.0298338628198412e-05
0.5159421356414807, -2.6535769755974237e-06, -2.3359343985984097e-06, -2.335884669708709e-06
0.8686598976011016, -1.1375549362073216e-05, -1.1367109995127469e-05, -1.136703910384377e-05
0.88007034970379, -2.457972985571418e-05, -2.607827189402348e-05, -2.6077408343132746e-05
0.9272993066338879, -4.362804704571095e-05, -4.214086005687558e-05, -4.2139000902925213e-05
0.9604358978189216, -1.905452154460363e-05, -1.9054521544368803e-05, -1.9054521544603634e-05
0.4821010977646421, 1.3685070606957362e-16, 1.3685070310298643e-16, 1.3685070606957362e-16
0.5520792949854465, 1.3685070606957362e-16, 2.0527605465447966e-16, 1.368507060695736e-16
0.5520731834843224, -2.0848801243011654e-05, -2.1336783451831568e-05, -2.133548202543292e-05
0.9497864313811885, -1.196007036188692e-05, -1.2245301770456016e-05, -1.2244895822841393e-05
0.6669690152761574, -1.7644486950292835e-05, -1.7602430921067037e-05, -1.76024101847948e-05
0.8226488016325278, -5.332493720556073e-05, -5.329552473847965e-05, -5.3293707317004866e-05
0.6595407830645822, -4.268212825885017e-06, -4.305704453830038e-06, -4.305652935130851e-06
1.3255424209874094, -6.535700889709133e-06, -6.587657274755062e-06, -6.587590647528641e-06
0.696370951441754, -2.2289136941151723e-05, -2.4780826041709775e-05, -2.477942078597259e-05
0.9212815816159476, -1.3320067460763581e-05, -1.2928161762913188e-05, -1.2927285030339344e-05
1.2461145686093817, -4.729589170762578e-06, -3.7610512411920346e-06, -3.760768213806091e-06
0.896809954372433, -1.8006522859642908e-05, -1.8160308940868468e-05, -1.816029576655153e-05
0.991390495923859, -4.8398484722272304e-06, -4.9898045023210955e-06, -4.98974756749509e-06
1.0998426300756154, -1.0708641108007299e-05, -1.0421238157669816e-05, -1.0421165168430356e-05
2.0, -1.8844037436710752e-05, -1.6659158940133262e-05, -1.6658380254689365e-05
0.0, 1.3685070606957362e-16, 1.3685070310298643e-16, 1.3685070606957362e-16
