n: 5, k: 2000, t: 500
Entropy, Sampling, Jensen, Exact
0.8937312010450084, -1.2107132026254015e-05, -1.1117072781906948e-05, -1.1116482366294258e-05
0.37871162930925084, -1.4114578965631824e-05, -1.4223067668133735e-05, -1.4222149488971429e-05
1.3815147978529438, -1.6101398421516228e-05, -1.6112900618290558e-05, -1.6112222445953287e-05
0.9646046072111089, -2.7533667895017476e-05, -2.6108291335857357e-05, -2.610682088813021e-05
1.3116399755876054, -1.990453796675507e-05, -2.0089590219566164e-05, -2.0089095346714824e-05
0.9385035206835489, -2.6107069270364516e-05, -2.5786324538114847e-05, -2.5785132663339808e-05
0.2884351711750248, -9.652222797740251e-05, -9.652222797743425e-05, -9.652222797740251e-05
1.0378795133297085, -9.959111557624643e-06, -1.0017392886228858e-05, -1.0017308270618306e-05
1.0175670745766232, -8.34588043645948e-06, -8.145621938312915e-06, -8.145549849410866e-06
0.6273357773180122, -1.905452154460363e-05, -1.9054521544642496e-05, -1.905452154460363e-05
1.0015346729579162, -5.697301941740553e-06, -5.499894897914028e-06, -5.499834418838851e-06
0.6398186142083312, -3.0849930188145275e-05, -3.1170593014503044e-05, -3.1169383068887604e-05
0.49177517198536574, -5.664432354932313e-05, -5.617534751453026e-05, -5.617398394930725e-05
1.36851204242552, -1.3664449203038797e-05, -1.3178723724945907e-05, -1.3178088111410725e-05
0.5278918992671308, -1.27570021740669e-05, -1.2660398920142097e-05, -1.266033324643856e-05
0.5320433391703664, -8.542217175998548e-05, -8.573082368991904e-05, -8.573007312723239e-05
1.244374658484227, -4.0885629456091395e-05, -4.0036431980731785e-05, -4.003459848823854e-05
1.0319007011812174, -1.022472908870927e-05, -9.408644353566577e-06, -9.408268519832902e-06
0.835100454358573, -1.1007735052712287e-05, -1.1365888652770936e-05, -1.136580153814743e-05
0.804715803311258, -1.2785583956384012e-05, -1.2652897447576379e-05, -1.2652831735702122e-05
1.0293370303385392, -2.115532513146673e-05, -1.9306903678942435e-05, -1.9306126174562522e-05
0.8159553421254729, -3.4072807427887776e-05, -3.292178809171528e-05, -3.292040705501187e-05
0.6077940756558139, -1.4548127199272506e-05, -1.4607335582471348e-05, -1.460728288120027e-05
0.6576194021050161, -2.7629056238505185e-06, -2.5616787414406658e-06, -2.561644466131964e-06
1.3610403827358937, -2.2029242176268912e-05, -2.1800981044944142e-05, -2.179981979618099e-05
0.7021113687244521, -2.0158930123118346e-05, -2.1254655034059868e-05, -2.1253474001603936e-05
0.9764478267049098, -8.235776243863419e-06, -8.725437423624857e-06, -8.725094332113376e-06
1.1747176392800533, -3.9901720439909705e-05, -4.056724607979341e-05, -4.056573706085374e-05
0.8129753135745288, -1.3909800726292043e-06, -1.3496825388726018e-06, -1.3496631532104077e-06
0.9330964833479332, -5.792970885472571e-05, -5.815841017104546e-05, -5.8156648106252426e-05
0.36727585553059494, -1.905452154460363e-05, -1.9054521544642496e-05, -1.905452154460363e-05
0.8290320243313858, -2.6691050385029054e-05, -2.6288731840036434e-05, -2.6287268915256898e-05
1.2148157225068954, -3.238951946324285e-05, -3.091063967968333e-05, -3.0909112946438326e-05
0.8082540017187194, -3.3132112226583347e-05, -3.243798801195186e-05, -3.2436358967741524e-05
1.2760520935636601, -3.3832966753759434e-05, -3.4213471903035595e-05, -3.421188464591633e-05
0.5795029615044727, 1.3685070606957362e-16, 2.0527605465447966e-16, 1.368507060695736e-16
0.7257953156055533, -1.8673431112477164e-06, -1.974161534487897e-06, -1.9741341791378198e-06
0.9486796313822727, -3.322316189763466e-05, -3.42531130482566e-05, -3.425170976532879e-05
0.45071680236490447, -8.241080567963406e-06, -8.570673083722463e-06, -8.570600188502795e-06
0.2839328293220592, 1.3685070606957362e-16, 1.3685070310298643e-16, 1.3685070606957362e-16
0.5752925539751611, 1.3685070606957362e-16, 2.0527605465447966e-16, 1.3685070606957365e-16
0.7733587826586454, 1.3685070606957362e-16, 2.7370140620597287e-16, 1.3685070606957367e-16
1.3266146890427462, -1.3092184371917113e-05, -1.3097368367896423e-05, -1.3096859928783781e-05
0.9020482265467271, -1.905452154460363e-05, -1.9054521544642496e-05, -1.9054521544603624e-05
0.7762026140876547, -1.4490963634638285e-05, -1.4721245205207511e-05, -1.4721193453386243e-05
0.47867420643576725, -9.470097207599167e-06, -9.336238165592125e-06, -9.336164557532824e-06
0.8726378344259438, -1.877791702274109e-05, -1.7824833961503974e-05, -1.7824027081973238e-05
0.7647198609728494, -1.1004611002077695e-05, -1.1163588518593418e-05, -1.1163516296569856e-05
0.47155933278548307, 1.3685070606957362e-16, 2.7370140620597287e-16, 1.368507060695736e-16
0.46292350191857634, -1.5748562056591155e-05, -1.5539884493109354e-05, -1.553984018398388e-05
0.6309958900522439, -1.1256857311221436e-05, -1.180621098647144e-05, -1.1805773986684236e-05
0.8959896217198423, -1.4727668480530982e-05, -1.5037108979232177e-05, -1.5036126431941163e-05
1.171074374543863, -1.8755436349203737e-05, -1.8515072531100722e-05, -1.8514715526494672e-05
0.4759078221684133, -6.9644276244657944e-06, -6.744797593265983e-06, -6.744730236713292e-06
1.045378514390722, -7.259772708409272e-06, -7.331402160548858e-06, -7.331332434730791e-06
0.6012479996466837, -1.905452154460363e-05, -1.905452154450565e-05, -1.9054521544603624e-05
0.579153601271919, -1.905452154460363e-05, -1.9054521544642496e-05, -1.9054521544603634e-05
1.1632668322947242, -2.220385692080617e-05, -2.201059077110109e-05, -2.200943304211563e-05
0.9770807531889716, -1.060228577617275e-05, -1.0016850940388157e-05, -1.0016548939325685e-05
1.1027402019202472, -2.221447431831124e-05, -2.2861357452560353e-05, -2.2860301608384397e-05
0.8345789031028051, -4.613762497312697e-05, -4.581065450284414e-05, -4.5808769829189395e-05
0.7271454876035226, -2.261430030370851e-05, -2.320871829961706e-05, -2.3207958522303555e-05
1.2208927187450114, -4.1271766365686364e-05, -4.0975696458778974e-05, -4.097397299947053e-05
1.0349333153316258, -6.039620298721389e-05, -6.093992727015207e-05, -6.093833218982258e-05
0.6363102496575781, -7.878889549744744e-06, -8.096665499156022e-06, -8.096546799587063e-06
0.9605899452345398, -1.3568401050972127e-05, -1.2903825827187563e-05, -1.2902960723090957e-05
0.9205932255174536, -2.2870454957134902e-05, -2.103077202720673e-05, -2.102960011167711e-05
0.9389687419251673, -8.77320244209371e-06, -8.265461550539473e-06, -8.26536093758771e-06
0.9003094427606746, -3.9844780741910765e-05, -4.046988531368661e-05, -4.046808972704467e-05
0.7966828774209028, -7.108431047436591e-06, -6.650373994363252e-06, -6.65028295982591e-06
0.375012716226576, 1.3685070606957362e-16, 1.3685070310298643e-16, 1.3685070606957362e-16
0.5619142914789049, -6.370467046380747e-06, -5.941110284581973e-06, -5.940673709940732e-06
0.7351955669813297, -2.7364051631495565e-05, -2.8620060546087665e-05, -2.8618483977775824e-05
1.2233867730197645, -1.6564795556338044e-05, -1.835079940200472e-05, -1.8350133848068885e-05
0.9908042298063812, -1.0670532064917818e-05, -1.0537559813362505e-05, -1.0537487003779977e-05
0.504257303120222, -1.4538294095415495e-05, -1.4997340317744812e-05, -1.4996982966582103e-05
1.048875902273743, -1.2644239257442027e-05, -1.2960073258062463e-05, -1.2959922957066437e-05
0.9810568487232245, -6.268937588082767e-06, -6.213012034538616e-06, -6.212947308186721e-06
1.0837877927716864, -1.5096808727860766e-06, -2.1956195564737853e-06, -2.195538163269284e-06
1.0369180241963845, -2.1230817952465473e-05, -2.1615765808323807e-05, -2.161493080404836e-05
0.7028668342347615, -3.64315090209369e-05, -3.737624323078037e-05, -3.7374841682963755e-05
0.6579470532472397, -1.534874044584643e-05, -1.5693338329693516e-05, -1.5692805236556756e-05
1.0008488731413157, -1.536747162569635e-05, -1.541485375038636e-05, -1.541480823382074e-05
0.7413472796617229, -3.838865655653983e-06, -3.045499888938404e-06, -3.045314140104253e-06
0.9246189820474917, -2.8184171602262368e-05, -2.6646463774653177e-05, -2.6645224958556337e-05
0.7885210738318509, -1.991197501288529e-06, -1.8508930198217913e-06, -1.8508671876243698e-06
0.7462003115213759, -1.905452154460363e-05, -1.9054521544642496e-05, -1.9054521544603628e-05
1.2486063910703633, -5.9642291015406035e-06, -6.1556662387720865e-06, -6.155254147666331e-06
0.7655812900119142, -8.03210564109818e-06, -7.978294506169369e-06, -7.97822186783078e-06
1.0470520386537578, -8.94091386079839e-06, -8.276222880808522e-06, -8.27588587931689e-06
1.3231950301352151, -1.8527885351357186e-05, -1.901734486474331e-05, -1.901654143280888e-05
1.1062324208831078, -1.346485080272989e-05, -1.197449500584832e-05, -1.197367368304168e-05
0.5134213439663888, -8.745242699296796e-05, -8.814808018213382e-05, -8.814753883796175e-05
0.8386254764624222, -1.049373267226262e-05, -1.0838984315998889e-05, -1.0838808958700908e-05
1.1895256490000325, -7.665230734253901e-06, -7.433734503210354e-06, -7.4335636298081e-06
0.7589941385927066, -3.6489408756809506e-06, -3.854440872394511e-06, -3.854393342334073e-06
1.0302565371838113, -4.895607307739022e-06, -4.63182662601919e-06, -4.631745817845577e-06
0.4767053089286435, -4.506394345194273e-06, -4.643129944846271e-06, -4.6430756599268035e-06
0.8712508006193069, 1.3685070606957362e-16, 2.0527605465447966e-16, 1.3685070606957362e-16
0.9796566107580164, 1.3685070606957362e-16, 1.3685070310298643e-16, 1.368507060695736e-16
0.9358573329473667, -8.673400509997009e-05, -8.628973811929243e-05, -8.628917783368846e-05
0.8544669684123616, 1.3685070606957362e-16, -0.0, 1.3685070606957362e-16
1.1506330550479749, -1.7149069376581367e-07, -2.005677355724569e-07, -2.0056466782781618e-07
0.4722012873117788, -6.592864454343355e-06, -6.561219958579444e-06, -6.561153458231519e-06
0.842629706274988, -1.3655072676482471e-05, -1.3674198479353654e-05, -1.3673742395210548e-05
0.8824300547846258, -2.852231399257349e-05, -2.6539931008741673e-05, -2.653860890580927e-05
1.018517422504258, -6.7357733659289095e-06, -6.820403822947589e-06, -6.8203361297580875e-06
0.5586169544830828, -1.9063140025427173e-05, -1.9292701109056002e-05, -1.9291492369348108e-05
1.1956883615474516, -8.101300081664992e-06, -8.651662903631348e-06, -8.651336919616683e-06
1.1014222394341584, -9.577710908992647e-06, -9.671435697899432e-06, -9.671249746071411e-06
0.9874108185963639, -2.879300091621528e-05, -2.8591376303248027e-05, -2.859023661855525e-05
0.9277731474632802, -1.6264615849552902e-05, -1.6720875339835164e-05, -1.671997650028804e-05
0.6194581658699303, -1.8191471031863324e-05, -1.858943088174905e-05, -1.8588315851441907e-05
1.1507160374863576, -4.681328056773808e-06, -4.178848119682459e-06, -4.178535068637831e-06
0.7108044800475137, -3.3782779778453695e-07, -2.621142754733427e-07, -2.6209380815456105e-07
1.0220921410361536, -6.977943938077502e-06, -6.2844689314652665e-06, -6.284252887479505e-06
1.429992481716962, -2.243921024856624e-05, -2.0684534301092086e-05, -2.0683509704192026e-05
0.7165821496542666, -6.0590730407014155e-05, -6.249754316648031e-05, -6.249586185281807e-05
1.318972127518749, -3.307540086459726e-05, -3.291504630157404e-05, -3.291409687335242e-05
0.6771011424068606, -6.7684229760498095e-06, -6.6578101558919915e-06, -6.657448446141456e-06
0.8556918511825067, -9.138840852641792e-06, -1.0832004269524022e-05, -1.0831360048548325e-05
0.910746255396508, -3.407390631392557e-05, -3.4741998695174565e-05, -3.4740341913720457e-05
1.1729494311330548, -2.0744927653074595e-05, -2.1014901488366685e-05, -2.101406412586616e-05
0.7190011510422682, -2.3311673519777386e-05, -2.329125424888243e-05, -2.329013604229368e-05
1.2248952328101683, -1.1427154170107503e-05, -1.1612244735934579e-05, -1.1611974262575676e-05
0.9520127938728382, -5.5067567262931465e-06, -5.361803274055367e-06, -5.361743712935766e-06
0.8979100219265359, -6.002174286456401e-06, -5.716378540791206e-06, -5.716316685257267e-06
1.1203324352020727, -5.209226994231729e-06, -5.499866639864513e-06, -5.499722510894686e-06
1.0589859886826045, -1.1261222232804773e-05, -1.1482846003604417e-05, -1.1482775468571328e-05
0.7943238971608386, -2.712898103886326e-05, -2.7380115085461487e-05, -2.7379090980218835e-05
1.130153618741165, -4.1855817058528946e-05, -4.367403712872619e-05, -4.367218528485259e-05
1.2412466826289028, -2.727842830145672e-05, -2.7622653223387783e-05, -2.7621224971246278e-05
0.7249178686207913, 1.3685070606957362e-16, 1.3685070310298643e-16, 1.3685070606957367e-16
1.0216937059406213, -2.5355665289601103e-05, -2.5758734410091094e-05, -2.575750013779012e-05
0.5833971783659688, -3.5023089674647434e-05, -3.462953621384121e-05, -3.46278505808676e-05
0.7533751688571078, 1.3685070606957362e-16, 6.84253515514932e-17, 1.368507060695736e-16
0.6035972329968613, -3.580974657953026e-05, -3.6557549128651556e-05, -3.655577071398885e-05
1.0326547528244616, -1.6843744842765595e-05, -1.8427741752342723e-05, -1.842691461378117e-05
0.6120766782737161, -4.782684907593009e-06, -5.01392856347242e-06, -5.0138714517099714e-06
0.2854126167179317, -1.6196343299344342e-07, -1.8801398455929326e-07, -1.8801110667083653e-07
0.9685267710204727, -2.5710362960949293e-05, -2.6721363033680632e-05, -2.6720004751604446e-05
0.6264167321520652, -3.52788743256538e-05, -3.615645022051732e-05, -3.61546795533859e-05
0.8984331243828911, -7.878118380054325e-06, -8.449410981129411e-06, -8.44884697822614e-06
0.6138561795103065, 1.3685070606957362e-16, 2.0527605465447966e-16, 1.3685070606957365e-16
0.7720878393669395, -7.326463533815863e-06, -7.409348591256355e-06, -7.409278592886073e-06
0.8505249240243105, -2.297229025851752e-05, -2.2778272306044925e-05, -2.2776909593068804e-05
1.3853660561635717, -3.425620704720763e-05, -3.255651502064182e-05, -3.255486957767897e-05
0.6680956311550115, -6.244818287991406e-05, -6.190759911134391e-05, -6.190586365851798e-05
0.7232184661819353, -7.459845184629046e-06, -7.641439710510348e-06, -7.641368958172769e-06
0.5519006805609721, -5.772029233043169e-05, -5.803368546132868e-05, -5.8031873382401734e-05
0.7539247154234274, -1.4290891157186854e-06, -1.4954403477037097e-06, -1.4954190450756734e-06
0.8682623944719714, -2.5578390412679423e-06, -2.8729210127766484e-06, -2.87270274945716e-06
0.7806691224761477, -1.2776056695611641e-05, -1.2522465064239118e-05, -1.2522398704519837e-05
1.260850864438416, -2.8817861893820544e-05, -3.009508757381484e-05, -3.009349145245583e-05
0.6337295857770844, -1.7301505562487506e-05, -1.7417598633332605e-05, -1.7417575502859655e-05
0.16198309985904735, -3.906176915303292e-07, -3.601397118633878e-07, -3.601342499440441e-07
0.9821765518429322, -1.3547777942131272e-05, -1.323820528349898e-05, -1.3237621142179279e-05
0.8823840245807479, -1.271889313097742e-05, -1.2350737911909067e-05, -1.2350670741755412e-05
0.6790774028651861, 1.3685070606957362e-16, 2.0527605465447966e-16, 1.368507060695736e-16
1.013705811986958, -1.1407414678546058e-05, -1.1696118336465904e-05, -1.1695891749218214e-05
1.3543745429102674, -9.553201329131872e-06, -1.1024130214882102e-05, -1.1023380162697449e-05
0.9412504325391223, -9.794024073859757e-06, -9.758922632824904e-06, -9.758849038884299e-06
0.865361099708721, -9.241442949062283e-06, -9.24023938783005e-06, -9.240165817125555e-06
0.3100489689985107, -7.99337178788178e-06, -8.146110632283455e-06, -8.146038542347283e-06
1.0287049017185934, -1.3074999906100583e-05, -1.4049260046703311e-05, -1.4048908652056175e-05
0.6363423195851389, 1.3685070606957362e-16, 1.3685070310298643e-16, 1.3685070606957362e-16
1.1853939555970858, -1.4088642783385886e-05, -1.4197540262863917e-05, -1.4196983867964808e-05
1.0974709848656896, -9.765442291542645e-06, -1.0087576509180594e-05, -1.0087503126216091e-05
0.42597429808794357, -1.8863976327924566e-06, -1.954265432249873e-06, -1.9542383210816797e-06
1.38559899786925, -1.3150315024545219e-05, -1.3794176797695221e-05, -1.3793604724491751e-05
1.4478257676219648, -1.7216068067157273e-05, -1.728066314018235e-05, -1.728001053531928e-05
0.8608345607776016, -1.3945268545194553e-05, -1.3795475752484121e-05, -1.3794843908314795e-05
0.6386645860972608, -4.201522000478423e-06, -3.826592980910004e-06, -3.826545707707261e-06
0.5521339690320811, -8.92830608778554e-06, -8.848997093120085e-06, -8.848367710121436e-06
0.262336369718366, 1.3685070606957362e-16, 1.3685070310298643e-16, 1.3685070606957362e-16
0.6869299102129269, -2.557885574051686e-05, -2.4242912324654265e-05, -2.4241634987444916e-05
0.35720157587723994, -1.905452154460363e-05, -1.9054521544642496e-05, -1.905452154460363e-05
0.8038959587022049, -1.1833017362668125e-05, -1.1735478334854658e-05, -1.173528581684874e-05
1.197467554715408, -1.6120289084887283e-05, -1.6267122266741e-05, -1.6266757781955007e-05
0.26778599568928574, -1.905452154460363e-05, -1.9054521544642496e-05, -1.905452154460363e-05
1.3092688023652097, -1.5100148562756751e-05, -1.3721859213362982e-05, -1.3721153280734533e-05
0.79928339690578, -1.7004932731552922e-05, -1.5729062582296748e-05, -1.5728179228014692e-05
1.070084284312109, -3.2069893642919546e-05, -3.2410632530441324e-05, -3.240924158440049e-05
0.8097769384620769, -2.1471498712282406e-05, -2.158611841548321e-05, -2.158530758797601e-05
0.48786422971918986, -8.098171656377852e-06, -8.230312427053759e-06, -8.23024015399539e-06
0.6459801579708422, -1.3223837951913044e-05, -1.2961156261214593e-05, -1.2961092189688438e-05
0.7081311408571812, -4.261456365194678e-05, -4.501222743219113e-05, -4.501034645081123e-05
0.6112684340703383, 1.3685070606957362e-16, 2.0527605465447966e-16, 1.3685070606957365e-16
0.5962290936060225, -9.555700569762712e-05, -9.549772250719373e-05, -9.549764322112609e-05
0.9154492839683966, -6.954900362461769e-07, -6.863369911772064e-07, -6.863267636870182e-07
1.2965445455713343, -8.765079909212115e-07, -8.913723650409303e-07, -8.913592304305417e-07
0.7135209926516052, -3.5230613210433354e-06, -3.0425480237248937e-06, -3.042317292283599e-06
0.9842965735518157, -4.6874122998693066e-06, -5.104364251934968e-06, -5.1043064846623685e-06
1.192225503905763, -7.5551177923527495e-06, -7.453709098836047e-06, -7.45363328135611e-06
1.0960382949938436, -1.1122385523675556e-05, -1.0829046667563437e-05, -1.0828530316003027e-05
0.7930538976314753, -3.9823950027139095e-06, -4.210456415596128e-06, -4.21040571134626e-06
0.8029108672657731, -3.4393411386888057e-06, -3.677156732199015e-06, -3.677110859113605e-06
1.1867693021743277, -1.9670997160520476e-05, -1.8837114478604814e-05, -1.8836525200761706e-05
0.809143905845785, -2.0864701090122317e-06, -1.9617810783345566e-06, -1.9617538750879822e-06
0.6935055267454319, -3.9626424913836663e-05, -3.9785295160933536e-05, -3.978389506466182e-05
0.9470978403439718, -1.2075402702910308e-05, -1.222602527771732e-05, -1.222576142113628e-05
0.7242334893962139, -2.387876288775239e-05, -2.421004759259531e-05, -2.4209644331590217e-05
0.6421470918466743, -3.7268667097956746e-05, -3.9523719984019663e-05, -3.9521972484487114e-05
0.5913751228516306, -1.0413296024063823e-05, -1.0520844571066553e-05, -1.0520771734449012e-05
1.0524558219476878, -9.150488792700744e-06, -9.568742476776122e-06, -9.568518078027502e-06
1.3674317162064968, -1.4851607938823563e-05, -1.515884610734512e-05, -1.5158181507696561e-05
0.533148821301187, -8.501827357213187e-05, -8.538340189852755e-05, -8.538280250519742e-05
0.8409834965661952, -2.0705263146646633e-05, -2.0348522543433805e-05, -2.034743757785439e-05
0.519458091052677, -2.896287274663702e-06, -2.959278955204314e-06, -2.9592403145089074e-06
1.3656377169322869, -2.6489272979147438e-05, -2.730766322289427e-05, -2.730627746166377e-05
1.0357384686532296, -1.2220194045194897e-05, -1.3664169449663741e-05, -1.3663277223758561e-05
0.49833758491146735, -2.762905622618863e-07, -3.5091936944814105e-07, -3.509140445438736e-07
0.42705225272385927, -1.2837456320875886e-05, -1.2514541005383344e-05, -1.2513688123784418e-05
0.8659286754942442, -8.672306543227741e-06, -9.043160451589963e-06, -9.043071049623195e-06
1.3176284624006818, -8.148471058921063e-06, -8.15581889229539e-06, -8.155401298008321e-06
1.2051658163230061, -6.2975193703998775e-06, -6.58278863967217e-06, -6.582722035479077e-06
1.0141599009373006, -1.4948272151712057e-05, -1.4896419434434578e-05, -1.4896369183584714e-05
0.7954563233914771, -2.0830673000025926e-05, -2.0931144902306093e-05, -2.0930328946425635e-05
0.9781093735197401, -7.084731533537705e-05, -7.090667633883605e-05, -7.090520280769274e-05
0.9422688034778801, -7.57417231389749e-06, -7.416456804296925e-06, -7.416386781461485e-06
1.1008548568167194, -1.606094087213512e-05, -1.555488601760063e-05, -1.5554462021524928e-05
0.3434515322226544, 1.3685070606957362e-16, 1.3685070310298643e-16, 1.3685070606957362e-16
1.1156815581622594, -2.3144397013242008e-05, -2.401722566631076e-05, -2.4016192892203158e-05
1.1332938991547619, -8.383989478317304e-07, -8.594306154950021e-07, -8.594179294699221e-07
0.9010859666664531, -5.1159435177335285e-05, -5.0913316947843925e-05, -5.09114695213025e-05
0.8285492241975498, -5.486288964306359e-05, -5.263999640761468e-05, -5.2638170315526534e-05
0.7610102186716117, 1.3685070606957362e-16, 1.3685070310298643e-16, 1.3685070606957357e-16
1.1178773923382637, -4.191994739706054e-06, -4.065277595545504e-06, -4.065228160887809e-06
1.3508510096367485, -5.799799586255822e-06, -5.863896158573585e-06, -5.8634652616048145e-06
0.749570401737819, -7.95792584347366e-06, -7.1705107108800845e-06, -7.170168480904753e-06
0.43868067755446544, -1.1956712269187802e-05, -1.1898433808806164e-05, -1.189836473248519e-05
1.2061440224421658, -1.709878311154401e-05, -1.6975481893018036e-05, -1.6975208602325022e-05
1.1664259878411831, -3.9233486231685817e-05, -3.8892812339908075e-05, -3.889114598037388e-05
1.5424433173843073, -2.3640962943238796e-05, -2.3907762157572405e-05, -2.3906611110790306e-05
0.9899417749916468, -6.43943821014113e-05, -6.365636275095742e-05, -6.365469225943746e-05
1.1492629609148883, -1.122124750863963e-05, -1.0718600242541919e-05, -1.071820584510691e-05
0.39727804138993417, 1.3685070606957362e-16, 1.3685070310298643e-16, 1.3685070606957362e-16
1.2945726466966492, -2.3358529904643723e-05, -2.2584685251930194e-05, -2.2583543935553558e-05
0.6928995372680583, -2.79914461121179e-06, -3.5515147190234547e-06, -3.551246856310561e-06
1.014805404103029, -1.7039607506270628e-05, -1.556068502622824e-05, -1.5559745965924077e-05
0.9888063675760387, -3.6775226579980613e-06, -3.910300902865976e-06, -3.910252860865147e-06
0.6483267746289775, -7.948605473936681e-05, -7.965767786676652e-05, -7.965658800102799e-05
0.577146896552782, 1.3685070606957362e-16, 1.3685070310298643e-16, 1.3685070606957365e-16
0.39603945711278504, 1.3685070606957362e-16, 1.3685070310298643e-16, 1.3685070606957362e-16
1.2926739175945596, -1.6020026745453324e-05, -1.5556391322150697e-05, -1.5555723064876066e-05
0.9398958425873107, -1.1089731538902108e-05, -1.131530380543092e-05, -1.131523276169122e-05
1.0428821183517438, -3.4704719574077636e-05, -3.58117528099397e-05, -3.58099897189491e-05
1.0615664248528223, -2.7171007175540484e-05, -2.6665083446943284e-05, -2.6663572505194814e-05
1.2755477520657101, -1.1308858536666626e-05, -1.087611387792437e-05, -1.0876041715677855e-05
1.0774921653054759, -1.4361193234328205e-05, -1.5281620423703283e-05, -1.5280707696707405e-05
0.7405061920867475, -9.365297339103095e-06, -9.550986213766517e-06, -9.550912576429622e-06
1.1181953347345606, -2.5141979624001857e-05, -2.4586117424155257e-05, -2.458477115065655e-05
0.5242131209696069, 1.3685070606957362e-16, 1.3685070310298643e-16, 1.3685070606957362e-16
0.46738829120374914, -1.223300283158654e-05, -1.2149554525089563e-05, -1.2149486465938506e-05
0.6189577942217614, 1.3685070606957362e-16, 2.0527605465447966e-16, 1.3685070606957365e-16
1.1665348443580215, -1.0051260114713752e-05, -1.0279345778802505e-05, -1.0279272600270037e-05
1.3380747610378978, -1.8340623670065513e-05, -1.767539293434947e-05, -1.767450415323213e-05
0.9129699120230927, -1.4872054065533096e-05, -1.4754764996537816e-05, -1.4754713527394238e-05
0.35482152237211895, -1.726339651939803e-05, -1.732877311204112e-05, -1.7328748850984847e-05
0.8327992007605406, -5.6306111163339605e-06, -5.963938013021183e-06, -5.963874676473555e-06
0.865269567490001, 1.3685070606957362e-16, -0.0, 1.3685070606957367e-16
0.6860583940202407, -1.4043984170595128e-05, -1.4506907780937756e-05, -1.4505942563666057e-05
0.717039192237619, -3.179078924762339e-05, -3.099395072957368e-05, -3.0992702873885604e-05
0.8245646016452225, -7.506555209931886e-06, -8.092197237732685e-06, -8.091629412950871e-06
0.6638786319044242, -7.79673119322773e-05, -7.885381761509927e-05, -7.885275105876323e-05
0.7540779137956622, -5.878319896415587e-06, -6.056585951745022e-06, -6.056522086483285e-06
0.8129788160291076, -3.1549324192926745e-06, -3.2901850443275652e-06, -3.2899903281570737e-06
1.033006207610021, 1.3685070606957362e-16, 2.7370140620597287e-16, 1.368507060695736e-16
0.4856664550958075, -1.457670898035796e-06, -1.492057560615615e-06, -1.492036302056653e-06
0.6902176353520348, -1.365789525868497e-05, -1.2065030241067212e-05, -1.2064203594673972e-05
1.3049471578254452, -1.9279052549266075e-05, -2.0185837867804283e-05, -2.0184989496903426e-05
1.1294666492904928, -5.565169911181206e-06, -5.8136018554217845e-06, -5.813534864022877e-06
0.4714212402224119, -5.530704623557825e-05, -5.606871465084993e-05, -5.606699081786811e-05
0.6396066037275893, -8.84143608272892e-05, -8.739321867401998e-05, -8.739257142136634e-05
0.6684900469564987, -1.556943165625452e-05, -1.555966681003654e-05, -1.5559047324615863e-05
0.5406741382365878, -1.700616047854403e-05, -1.7052507624820517e-05, -1.7052479928504075e-05
0.7225597761559663, -4.020648656879738e-05, -4.092052327098985e-05, -4.091867757355105e-05
0.8711111617080178, -8.257476603464807e-05, -8.352513775662141e-05, -8.352425704279403e-05
0.6101014620770052, -1.019416902506765e-06, -1.0521034604373628e-06, -1.0520880945944103e-06
0.8982382640033766, -1.3308158705015676e-05, -1.3501610493242859e-05, -1.3501525939475346e-05
1.088341054169833, -9.641587901501832e-06, -9.531386376311166e-06, -9.531312738851472e-06
0.4883932740777068, 1.3685070606957362e-16, 2.7370140620597287e-16, 1.3685070606957375e-16
0.8687727614737609, -9.366889067554623e-06, -9.1767757271048e-06, -9.176125516443266e-06
0.9613886390158937, -4.753719727880129e-05, -4.543504028123778e-05, -4.5433157215730916e-05
1.1621690353089946, -6.678609801294687e-06, -6.9073406557305495e-06, -6.9072725865945445e-06
0.9089208515919939, -2.1779029781027067e-05, -2.2503155218444297e-05, -2.250214917152064e-05
0.6110613852816187, -1.4767900880426674e-05, -1.4679433961114838e-05, -1.467845931928713e-05
1.0580095541850763, -3.144812682686035e-05, -3.241965373356201e-05, -3.241805617711329e-05
0.67659487551722, -9.569286908910613e-06, -9.856328198899344e-06, -9.855713283425146e-06
1.0113483543809922, -2.171561374047111e-05, -2.158637494148925e-05, -2.1585633084998878e-05
1.1914335721341407, -1.8596459356449626e-05, -1.7037414821295454e-05, -1.7036332915927713e-05
1.01477878182811, -2.3769598097672983e-05, -2.439203896662617e-05, -2.439128342073161e-05
1.1718075604372582, -1.1249044997308682e-05, -1.1618306196283224e-05, -1.1618003788757278e-05
0.7096942044528229, -4.367630815969972e-05, -4.461671247658497e-05, -4.4614833707302945e-05
0.7612935958159569, -1.4333550854527747e-05, -1.4564478442120127e-05, -1.4563510074607434e-05
0.9323818037105523, -2.1055246305569722e-06, -2.0942848622686017e-06, -2.094256046496106e-06
0.6415826326138847, -1.718390802302097e-05, -1.7411065468338504e-05, -1.741062559992974e-05
0.21642338121691954, 1.3685070606957362e-16, 1.3685070310298643e-16, 1.3685070606957362e-16
0.8961513893017712, -1.3938382509840811e-05, -1.354011087508444e-05, -1.3540050301121256e-05
0.9228237505451868, -7.678972182393562e-06, -7.693464810375204e-06, -7.69339390106898e-06
0.734858728327584, -8.846611070027813e-06, -8.798908724076955e-06, -8.798713252983019e-06
0.793053893999829, -4.81645917606553e-05, -4.9542320829264354e-05, -4.954043261191341e-05
0.934075849412485, -9.742496924325438e-06, -1.0171099328446589e-05, -1.0170429387754817e-05
0.7386976085035887, -2.2394393386948484e-05, -2.2777331645909715e-05, -2.2776530237507083e-05
0.8089167986600451, -9.56536981532287e-06, -9.388749126168247e-06, -9.388675504088545e-06
0.7990366436009927, -4.1009760905516194e-05, -4.076559259085988e-05, -4.076391078107288e-05
1.0438541044432381, -7.43221155413368e-06, -8.399641108967377e-06, -8.399040624418858e-06
1.3021295197678593, -1.2002793109711176e-05, -1.2523485595578335e-05, -1.252312657866368e-05
1.055923880581822, -9.365297339103095e-06, -9.516986776050093e-06, -9.516913138774355e-06
0.8569423579552604, -1.5224562714110792e-05, -1.494602591496506e-05, -1.4945976098483496e-05
0.9129179910075426, -7.455316404872025e-06, -7.512306672084078e-06, -7.512214416992893e-06
1.2320832651183808, -1.775779723347929e-05, -1.885921073814479e-05, -1.885823279455541e-05
0.7447537640949584, -1.7196705693991432e-05, -1.725797733972973e-05, -1.725795218646747e-05
0.9619020374245373, -4.944648340723303e-06, -4.680098864226799e-06, -4.680044287379753e-06
0.27976906995099915, -1.6196054968418105e-05, -1.4835234039350965e-05, -1.4834253268318919e-05
0.2651533652152397, -3.870541341885644e-05, -3.772065286972205e-05, -3.7718853464847765e-05
0.8363475712130335, -1.5579105276590388e-05, -1.558570117901664e-05, -1.5585495114968176e-05
0.12561130429524126, 1.3685070606957362e-16, 1.3685070310298643e-16, 1.368507060695736e-16
1.04743278971227, -1.0670532064917818e-05, -1.0818444862825348e-05, -1.081837257748836e-05
0.8425281238466757, -4.078064132037354e-05, -4.155689513926752e-05, -4.155504206173526e-05
0.33869076867537107, -1.851146768057853e-05, -1.8448502350582333e-05, -1.844849328056897e-05
1.0489139568709724, -6.542573801105237e-06, -6.4424111847809325e-06, -6.442312811764161e-06
0.6549472660678614, -9.460569946826797e-06, -9.703891704692695e-06, -9.703818092381055e-06
0.9123204945646023, -3.9442859596244285e-06, -4.240518679543145e-06, -4.2404677166479096e-06
0.8525640225245047, -1.1784915732200498e-05, -1.150702174092024e-05, -1.1506667405730085e-05
0.901742963833571, -6.111972635967821e-06, -6.18825938281236e-06, -6.18816677571345e-06
0.5518825307790814, -7.1168637968237175e-06, -7.493585004116362e-06, -7.493514721876534e-06
1.1422651502152912, -1.2456197657154843e-05, -1.1958786612359723e-05, -1.1958457209016847e-05
0.7233994317802488, -6.3356284134893585e-06, -6.520503812173265e-06, -6.520437508999429e-06
1.006360285547421, -9.772319577591296e-06, -9.220983350707304e-06, -9.220706508399842e-06
0.8115428336711412, -1.943561197426678e-06, -1.8499056752072489e-06, -1.8498798551536098e-06
1.304897313208939, -9.946824448786994e-06, -1.0545546690096589e-05, -1.054503302026196e-05
0.5017501293964186, -1.4478334195262393e-06, -1.7615313329542653e-06, -1.761395916685001e-06
0.4907431626878623, -8.241080567963406e-06, -7.983332600522735e-06, -7.983260896804582e-06
1.3870441656969228, -4.627397613141713e-05, -4.519529495859426e-05, -4.5193415157261636e-05
0.8788521386905748, -8.495826117614823e-06, -7.567161876893672e-06, -7.5667733530314515e-06
0.43996002420378977, -1.8673431112477164e-06, -1.6681176075565335e-06, -1.6680940790441694e-06
1.128079408643192, -1.6167761530575446e-05, -1.6044965123019874e-05, -1.6044925948248402e-05
0.9926486448513107, -1.0903867845964234e-05, -9.905671074365522e-06, -9.905014620855136e-06
1.265375325807076, -4.3202271752878436e-06, -4.271066899471726e-06, -4.2708151525963025e-06
0.8868823474742904, -3.242959416993563e-05, -3.3500439475529543e-05, -3.349873360957949e-05
0.8067875272980078, -1.9245066758819376e-06, -1.8395977699340694e-06, -1.8395720783352492e-06
0.6268518469897579, -2.8105419277123697e-06, -2.8681943692950603e-06, -2.868156706004831e-06
1.2598718395702881, -3.3467746627081704e-05, -3.2047362899327274e-05, -3.204603700310377e-05
1.0795862516313566, -1.417017394296993e-05, -1.3431531193812836e-05, -1.3430945302471759e-05
0.6808482385685498, -8.4030440010937e-06, -8.844043937181378e-06, -8.843970678272139e-06
1.2000678893939334, -1.2794891932912046e-05, -1.3348433215992977e-05, -1.3347552814378605e-05
1.2955204882580484, -1.3548407126910734e-05, -1.295625297570199e-05, -1.2955486760952063e-05
1.385822189020303, -2.70059196917756e-05, -2.54434147271099e-05, -2.5441952617171004e-05
0.9211458386306741, -1.3253527369573036e-05, -1.3111432369301388e-05, -1.311077987753241e-05
1.1683640866321041, -1.1097548227467408e-05, -1.1472711096881585e-05, -1.1472326584637746e-05
0.8204845347021801, 1.3685070606957362e-16, 6.84253515514932e-17, 1.3685070606957362e-16
0.663449860086302, -1.697757869622692e-05, -1.7142277455517596e-05, -1.7142250861962066e-05
0.8926289063350165, -1.1515032754592083e-05, -1.167859351547775e-05, -1.1678067135590384e-05
1.2283536779256377, -3.089772597552827e-05, -2.938207609235321e-05, -2.938079751421522e-05
1.0551368498559326, -2.750394931164662e-05, -2.7522155954857588e-05, -2.7520810241293093e-05
0.7519665851171576, -9.480249278498457e-06, -9.029779237143244e-06, -9.02970150576595e-06
1.1771391051747024, -1.7567045491775318e-05, -1.7354637151567817e-05, -1.7353522551934488e-05
0.7147909036930753, -1.6085472324026966e-06, -1.6662890243562166e-06, -1.6661821830901595e-06
0.9473995681325837, -1.672582833625678e-05, -1.6122262510019787e-05, -1.612144621986447e-05
0.7908976756136716, -1.5234089974883167e-05, -1.499892824635269e-05, -1.499887889721788e-05
1.153329064519017, -5.487702204748407e-06, -4.8397294218819564e-06, -4.8396736102008216e-06
1.055076870026357, 1.3685070606957362e-16, 2.7370140620597287e-16, 1.3685070606957365e-16
0.9425471149206143, -1.2169608664293319e-05, -1.3957506124718142e-05, -1.395662369877064e-05
0.8704406014782196, -2.5977178187431707e-05, -2.6361721224973295e-05, -2.6360221454041067e-05
1.329572892686338, -7.678972182393562e-06, -7.618754251811726e-06, -7.6186835692524035e-06
0.3025206936524518, -5.144720815711424e-07, -4.4603847477772745e-07, -4.4603174114594673e-07
0.6022911027529086, 1.3685070606957362e-16, 6.84253515514932e-17, 1.3685070606957362e-16
0.7118578553788625, 1.3685070606957362e-16, 6.84253515514932e-17, 1.3685070606957362e-16
0.9140871108493999, -4.861716826669377e-06, -5.038373816907092e-06, -5.0382135858729224e-06
1.2074951576583752, -5.072243080206009e-05, -5.15600914758205e-05, -5.155821075410025e-05
0.6492152911001347, -8.769302847116153e-06, -8.62580150558451e-06, -8.625481917272172e-06
0.9862694247214506, -6.240355805765657e-06, -6.497551635703912e-06, -6.497485444840454e-06
0.2939377738593636, 1.3685070606957362e-16, 1.3685070310298643e-16, 1.3685070606957362e-16
0.9824745086538812, -8.575999955790688e-05, -8.481294669249894e-05, -8.4812141009686e-05
0.90106239487647, -3.0779344141182017e-06, -2.670768048885693e-06, -2.670569386725279e-06
1.1271310433131654, -1.60351792309602e-05, -1.6758985476708143e-05, -1.6758267593433605e-05
0.7570705447922328, -2.04031958855231e-05, -2.0906121932871805e-05, -2.0905268539542214e-05
0.34541841364705456, 1.3685070606957362e-16, 1.3685070310298643e-16, 1.3685070606957365e-16
0.9575163034218608, -3.401232095599325e-06, -3.278452699006331e-06, -3.2784107394883385e-06
1.1113424355716133, -3.2219334624364524e-06, -3.1661306001626927e-06, -3.166028468540935e-06
0.5122905396589683, -6.321576747612513e-06, -6.394455695820576e-06, -6.394185440639426e-06
1.314406118345803, -1.6355355302867038e-05, -1.6176786736021865e-05, -1.617608220178611e-05
1.2104344567146772, -9.08354734373578e-06, -9.042065346044291e-06, -9.041704462020536e-06
0.8170050495383038, -4.9787080220019154e-05, -4.897598363980191e-05, -4.8974097026843044e-05
0.8471923487608697, -5.1889228524331505e-06, -5.1486175528440525e-06, -5.1484644263867335e-06
0.5837417707579692, -1.905452154460363e-05, -1.9054521544642496e-05, -1.9054521544603634e-05
0.75692550918276, -4.078064132037354e-05, -4.201414306126397e-05, -4.201228517910494e-05
0.31748219193431154, -1.905452154460363e-05, -1.9054521544642496e-05, -1.905452154460363e-05
1.136975764226289, 1.3685070606957362e-16, 1.3685070310298643e-16, 1.3685070606957357e-16
0.7522509049060316, -1.3061874518782749e-05, -1.3317544978509013e-05, -1.331748299571303e-05
1.025600610876881, 1.3685070606957362e-16, 2.0527605465447966e-16, 1.3685070606957362e-16
1.375182420395623, -1.1735568856131576e-05, -1.1313648125014483e-05, -1.1313008925139631e-05
1.1737959902551252, -1.6319185224700643e-05, -1.5858820300829964e-05, -1.585792206106424e-05
0.7488100781986324, -1.7063324043178252e-05, -1.709051105684266e-05, -1.709048382574322e-05
0.7722905655574615, -4.263361379883898e-05, -4.133477552227439e-05, -4.1333114765616565e-05
1.150918664760865, -1.6414582832996474e-05, -1.6726341618533465e-05, -1.672620894070786e-05
1.2854686291163049, -1.8443238890443644e-05, -1.8016964426053532e-05, -1.8015965973382557e-05
0.8627206926572619, -3.696801331526073e-05, -3.5647665060057663e-05, -3.564590459586159e-05
1.0722324144058608, -6.927568201630151e-06, -6.711978504889478e-06, -6.7118994332605025e-06
0.48602739528346844, -7.2502454476369026e-06, -7.199136638369721e-06, -7.199067397997231e-06
0.4158338317966191, -1.7209055536966303e-05, -1.6676719367769882e-05, -1.6676252165946287e-05
1.152691703887271, -2.044784775754523e-05, -1.957882736433648e-05, -1.957793864871605e-05
0.5533950993206613, -1.592958001126619e-05, -1.58775454088824e-05, -1.587750448638554e-05
1.142597261155223, -1.1242167710028377e-06, -1.0971335812299504e-06, -1.0971175982604784e-06
0.7473351276097597, 1.3685070606957362e-16, 1.3685070310298643e-16, 1.368507060695736e-16
1.270370315148498, -8.613268548212765e-06, -8.33853296245632e-06, -8.338455747862987e-06
0.5571831561773319, -1.642110672575698e-05, -1.6188359678382108e-05, -1.6187753646000583e-05
0.8328970453821503, -1.0352241613757137e-05, -9.80639451483847e-06, -9.805774788668881e-06
1.1005486729111875, -8.336353175687108e-06, -8.39531156560829e-06, -8.395238967502687e-06
0.32589162461103305, 1.3685070606957362e-16, 1.3685070310298643e-16, 1.3685070606957362e-16
0.8751377926698961, -2.2295850369026686e-05, -2.1209005329076515e-05, -2.1207873213866485e-05
0.5100863184306523, -1.905452154460363e-05, -1.9054521544642496e-05, -1.9054521544603628e-05
0.843066262688008, -7.124435836340126e-05, -7.118934946673523e-05, -7.11882631526383e-05
0.7979671786597876, -8.82224347507799e-06, -8.651259085181705e-06, -8.651186070392627e-06
1.4472837605395605, -8.396175464350144e-06, -8.272762111893814e-06, -8.272547671856733e-06
1.0073548788758373, -2.467560539907041e-06, -2.657946877926347e-06, -2.6579115221381173e-06
0.7642476131597402, -1.8767152631514935e-06, -1.990442129104852e-06, -1.9903550128895895e-06
0.7132304798469449, -6.0756049873793476e-05, -6.090904635084302e-05, -6.090757675546224e-05
0.7705417846707432, 1.3685070606957362e-16, 1.3685070310298643e-16, 1.3685070606957365e-16
1.0625366249658306, -5.554393030154999e-06, -5.65627363209365e-06, -5.656212151003815e-06
0.9927827399925947, -1.8142886576179726e-05, -1.810609660573836e-05, -1.810547392943216e-05
1.0092991324861864, -2.062717063008692e-05, -1.919738007650106e-05, -1.9196372959128987e-05
1.1539668871439281, -1.645154420515052e-05, -1.6565466149148105e-05, -1.6564995251362805e-05
1.1161180065120717, -2.5879979224471204e-05, -2.6144613068276703e-05, -2.6143291892929142e-05
0.8903758919642607, -1.3030500776830965e-05, -1.1737751568544737e-05, -1.1736944229704566e-05
1.0352385602331307, -1.7991239072122407e-05, -1.7417719368095528e-05, -1.7416788947053047e-05
1.1187741753998544, -1.6775950756668667e-05, -1.6549523724120926e-05, -1.654922745634742e-05
1.0712129388386908, -1.2523353809167213e-05, -1.1713923930396491e-05, -1.1713713597890664e-05
1.0270014364041231, -6.126028676497214e-06, -6.053591555855858e-06, -6.053527707417336e-06
0.6576379798696538, -1.8850256754279293e-05, -1.9373515571676517e-05, -1.93724435152704e-05
0.7405082119432265, -4.368483914624067e-06, -4.295844035485939e-06, -4.2957638296356995e-06
1.0715176089953988, -1.6885960514557277e-05, -1.6177433810197005e-05, -1.617684808987891e-05
0.702607348843457, -1.5524281468942703e-05, -1.545782217793432e-05, -1.5457760025315352e-05
1.4590840497556967, -7.847498309182774e-06, -7.473983936921086e-06, -7.473799940417751e-06
0.7815243355415943, -1.1310403759028593e-05, -1.1146616844075767e-05, -1.1146026203098647e-05
0.7401385793925778, -3.010614403932145e-06, -2.843671133354678e-06, -2.843633735699925e-06
0.715595728696706, -3.6852901892344226e-05, -3.603171015045662e-05, -3.6030081214290486e-05
0.9286966131998897, -3.181949988966216e-06, -3.115247765368673e-06, -3.1151538073431704e-06
1.0650148042887564, -4.386918000694436e-06, -4.319401808768684e-06, -4.319152396376664e-06
0.6293254684881396, -4.584805828796269e-06, -3.847801202965361e-06, -3.847511918469302e-06
0.6930735473640663, -1.591052548972145e-05, -1.6146148102592874e-05, -1.614611000620798e-05
0.5975844511009765, -1.905452154460363e-05, -1.905452154450565e-05, -1.9054521544603638e-05
1.1243345122764132, -6.707191583611797e-06, -6.748718559465518e-06, -6.748651185075199e-06
0.7265025807258213, -5.478174943976036e-06, -5.410055217784549e-06, -5.409995332452945e-06
0.8665829914028045, -2.3930014816769894e-05, -2.3619887111878858e-05, -2.3618526247928904e-05
1.2285831379454843, -3.736693514831825e-05, -3.682525279698639e-05, -3.682365526478601e-05
0.9287108825343984, -1.515272267347281e-05, -1.4716589046227911e-05, -1.4716351215013218e-05
0.9125441520109625, -7.698026703938304e-06, -7.633440563345977e-06, -7.633369835584422e-06
0.44754476585133485, 1.3685070606957362e-16, 6.84253515514932e-17, 1.3685070606957362e-16
0.8261135026457508, -9.59395159763998e-06, -9.638290808510947e-06, -9.638217180930927e-06
1.1293849956208795, -3.58030244023502e-05, -3.5312087052434505e-05, -3.531059854155468e-05
0.779372595784086, -1.1499403752114029e-05, -1.1457542983968286e-05, -1.1457472369200643e-05
0.6806009636638929, 1.3685070606957362e-16, 2.7370140620597287e-16, 1.3685070606957362e-16
1.1793943968337144, -3.4424651893233975e-06, -3.425170527539133e-06, -3.425112744765356e-06
1.0373867767157883, -3.1177761024035974e-05, -3.1722149393172656e-05, -3.172097516806527e-05
1.2174401391405374, -2.3524327281744763e-05, -2.307468804721568e-05, -2.3073314683689023e-05
1.35187254338606, -1.618746273550984e-05, -1.7762338613192082e-05, -1.776130574711123e-05
1.2823444072396086, -2.476715976983209e-05, -2.4837093049000792e-05, -2.4835928180028796e-05
0.8725555657510734, -1.0460932327925672e-05, -1.054142798081993e-05, -1.0541355177532973e-05
0.5504204400632104, -2.577846289013086e-05, -2.6524871758575966e-05, -2.6523378749264018e-05
0.9994960236353009, -4.6523015122079616e-05, -4.762191099065229e-05, -4.762004650509785e-05
0.6480470862122785, -6.910429194063908e-05, -7.02375472138735e-05, -7.023607381854317e-05
0.5809525103010853, -1.1013513452723147e-05, -1.077163272496499e-05, -1.077156034350311e-05
1.032287656193716, -2.934275730503512e-05, -3.075062028352454e-05, -3.0748979499214686e-05
0.40446097041050033, -1.7558741603341505e-05, -1.770428014976094e-05, -1.7704260756279845e-05
1.111063586641847, -2.6591873807675248e-05, -2.5531600003021056e-05, -2.5530129597954643e-05
1.0397259891067803, -1.4157509507605326e-05, -1.405942562841242e-05, -1.405936865441614e-05
1.27663911053915, -3.0678758461284894e-05, -3.141351915936033e-05, -3.14120341681309e-05
1.1277697995932523, -1.905452154460363e-05, -1.905452154450565e-05, -1.9054521544603628e-05
0.589269989680413, -9.774969552315015e-06, -9.782994579034053e-06, -9.782920994481331e-06
0.9906689237039682, -9.10931966780803e-06, -9.30135669357856e-06, -9.300907971802983e-06
0.4694291825657683, -5.268575206983891e-06, -5.22564260941545e-06, -5.225583983838106e-06
0.4450029671434189, 1.3685070606957362e-16, 1.3685070310298643e-16, 1.3685070606957362e-16
0.6816733629358505, 1.3685070606957362e-16, 2.0527605465447966e-16, 1.368507060695736e-16
0.9272342352309118, -8.936570604346435e-06, -9.210584213887e-06, -9.21051065777996e-06
0.5023219871718775, 1.3685070606957362e-16, 2.0527605465447966e-16, 1.3685070606957362e-16
1.04815445848115, -4.563557909828495e-06, -4.516943231404274e-06, -4.516889959369901e-06
0.9006104531238168, 1.3685070606957362e-16, 6.84253515514932e-17, 1.3685070606957362e-16
0.7550162131481609, -1.0479986848238755e-06, -9.67486196320542e-07, -9.674719999644413e-07
0.4784318977779797, -1.905452154460363e-05, -1.9054521544642496e-05, -1.9054521544603634e-05
0.1634204713106008, 1.3685070606957362e-16, 2.0527605465447966e-16, 1.3685070606957362e-16
1.2380412596334511, 1.3685070606957362e-16, -0.0, 1.3685070606957365e-16
1.4180017198734254, -7.60401246577353e-06, -8.374851064488472e-06, -8.37434773421932e-06
0.891458380821787, -5.848492868497186e-06, -5.8834581567960245e-06, -5.883208792340269e-06
0.9907787799507396, -5.653108655555572e-06, -5.71829108278755e-06, -5.717925254666108e-06
1.0110578964984627, -4.973230123040413e-06, -4.772063412267709e-06, -4.772008119069599e-06
0.727271944845094, -6.576380841212493e-05, -6.494833460175836e-05, -6.494679966617358e-05
0.4889038174246032, -1.313809260496171e-05, -1.3150727454698987e-05, -1.3150664468594196e-05
1.0546085209488936, -1.5315319666035113e-05, -1.5413465257097767e-05, -1.5412824146171058e-05
0.30892135975531765, 1.3685070606957362e-16, 6.84253515514932e-17, 1.3685070606957362e-16
0.6526308314633052, -1.6888722422598632e-05, -1.643670219094927e-05, -1.6436169101249096e-05
0.5418074881511439, -4.075018510767567e-05, -4.010026962928244e-05, -4.009844317760146e-05
0.9075791633792528, -1.389998074762433e-05, -1.4032928675295317e-05, -1.4032033066545194e-05
0.8933918785608425, -5.1920080610181966e-05, -5.134649211609151e-05, -5.134492588100497e-05
0.6040804478493808, -3.280381168943433e-05, -3.3722480115235566e-05, -3.37208260195945e-05
0.8998541798234901, -1.482235950511834e-05, -1.4433519407645277e-05, -1.4433339321180263e-05
1.1413327228064254, -2.9915598823874043e-06, -3.124615516703025e-06, -3.1245751362529856e-06
1.0217897232740927, -2.115522905106598e-05, -2.1870031056807834e-05, -2.1869003298849163e-05
1.0029059006277148, -4.606980541295708e-05, -4.543537360417575e-05, -4.54335072491597e-05
2.0, -1.7295253996878834e-05, -1.6659158940133262e-05, -1.6658380254689365e-05
0.0, -1.905452154460363e-05, -1.9054521544642496e-05, -1.905452154460363e-05
