n: 5, k: 2000, t: 500
Entropy, Sampling, Jensen, Exact
0.9875059473324805, -1.1580624693960885e-05, -1.2437572389488178e-05, -1.2437243985389561e-05
0.7789434982084089, -9.56536981532287e-06, -9.620834337828785e-06, -9.620760707399093e-06
1.1290632778976355, -1.5943099431637765e-05, -1.5253918872493334e-05, -1.5252914642936045e-05
0.3659260443923488, -2.7693132086408426e-06, -2.960857561401211e-06, -2.9606371213889626e-06
0.5373035190368313, -3.860889117733066e-07, -4.127247274230247e-07, -4.1269254795831545e-07
0.5538313557520782, 1.3685070606957362e-16, 2.0527605465447966e-16, 1.368507060695736e-16
1.0491322718475105, -1.3547764818173631e-05, -1.3468841058716108e-05, -1.3468780024830689e-05
1.0609187841175074, -1.492142281486475e-05, -1.4842371982649677e-05, -1.4841724922030804e-05
1.204353383086889, -8.269662350280517e-06, -8.700285296012473e-06, -8.700212213429615e-06
0.7076140623809759, -8.643718020141997e-06, -9.952766289441559e-06, -9.952067544669343e-06
1.3213660591576706, -8.34588043645948e-06, -8.018888583372019e-06, -8.018816791517667e-06
0.5752480426439389, -1.905452154460363e-05, -1.9054521544642496e-05, -1.9054521544603628e-05
0.8750276130230464, -5.058975469991745e-06, -5.069479601978063e-06, -5.069422085926242e-06
0.7230577310304138, -2.0674155874674912e-06, -2.1298751049714448e-06, -2.129845861121492e-06
1.4977876093404154, -6.327455036965699e-06, -6.662090166290041e-06, -6.6617478720334825e-06
1.0468101504526957, -6.129161476436898e-06, -5.274071639846138e-06, -5.273681227668661e-06
0.5257744402602518, -2.2630855584745577e-05, -2.3454980466248114e-05, -2.3454209622888495e-05
0.5359736621882709, -6.2594103273103965e-06, -6.229212103428219e-06, -6.229147290175054e-06
1.0851868083427583, -8.51753498853583e-06, -8.665219011226795e-06, -8.66480353392995e-06
0.5779603333208104, -1.8821834455483327e-05, -1.8282062635640597e-05, -1.8280902226595207e-05
1.062555025317226, -9.317661035241243e-06, -9.393464723583024e-06, -9.39339110078333e-06
1.016033414845276, -3.9583171030168344e-05, -4.10648978390791e-05, -4.106310376583438e-05
1.0057737675225, -2.1626757466842832e-05, -2.1494299039301447e-05, -2.1493008785709714e-05
0.6040416556801971, -4.534976127511383e-06, -4.554403901993921e-06, -4.554350326571356e-06
0.680427499924049, -1.950982677034333e-05, -2.0484068544666165e-05, -2.0482889788198283e-05
1.0715792029635112, -1.4408200353410593e-05, -1.4283763223786185e-05, -1.4283089620817932e-05
1.2560466940926385, -9.267374756655671e-06, -9.175666332879958e-06, -9.175384650934024e-06
0.6789913055448318, 1.3685070606957362e-16, 1.3685070310298643e-16, 1.368507060695736e-16
1.1332372334128058, -1.5068550288470136e-05, -1.578431174896879e-05, -1.578355525317314e-05
0.8039762738722317, -2.5976630312170395e-06, -2.3117079436766044e-06, -2.3116568171901286e-06
0.8736510096042724, -6.746903735616317e-05, -6.781729560720022e-05, -6.781571630658496e-05
0.5458040585463859, -5.716356449737076e-08, -5.4700880043715406e-08, -5.47000368049734e-08
1.0163248659883872, -1.4567181720817247e-05, -1.4764248587469131e-05, -1.4764197199646184e-05
0.8204657263980358, -2.8581782180260024e-08, -3.889912427578466e-08, -3.88985243802567e-08
1.1464386175133299, -1.9556519297035986e-05, -1.8966940317587366e-05, -1.8966117045353516e-05
1.045574510166478, -5.615453802960725e-05, -5.5896579730889496e-05, -5.5894798459993284e-05
0.9949544658043848, -2.4982509292803733e-05, -2.5501971081454478e-05, -2.5501213481778098e-05
1.6122045168828716, -2.2613927881062927e-05, -2.1942699753255524e-05, -2.1941677823000407e-05
0.9033378796388802, -8.902688872581883e-06, -8.655309991128943e-06, -8.654816963685226e-06
1.0254647638036687, -3.331952901674362e-05, -3.3379799273010766e-05, -3.337836385135774e-05
0.6736700164455449, -5.3288628222527055e-06, -5.257549813139583e-06, -5.257468896419307e-06
0.8539827192935586, -4.030031306575761e-06, -3.745930617940985e-06, -3.7458840959666797e-06
0.5060709142829463, -4.758545839279006e-05, -4.9066963072698393e-05, -4.906507405089834e-05
1.1465938741513397, -1.5010731499272524e-05, -1.5485761628812235e-05, -1.5484745600388697e-05
1.3867467544466154, -9.231915688289911e-06, -9.299999443019598e-06, -9.299925847100067e-06
1.1469018315453643, -9.728277025622362e-06, -1.0451844505782728e-05, -1.0451454031490253e-05
1.0870401519411785, -1.728746489597095e-05, -1.7601394668146044e-05, -1.760035659439913e-05
0.5668440415607549, -8.650752781175326e-06, -8.383625595230575e-06, -8.38355301882893e-06
0.9793777068013686, -1.5286587149501957e-05, -1.636502678924182e-05, -1.6364111369162168e-05
0.6459333351920403, -8.145475907622313e-05, -8.198242023666396e-05, -8.198167795144257e-05
1.1766057173796232, -2.4433391050409398e-05, -2.4735196542681404e-05, -2.473409124604847e-05
0.40063348650350444, -1.3957437031385551e-05, -1.3933266335660324e-05, -1.3933208447019816e-05
0.4773999571263297, 1.3685070606957362e-16, 6.84253515514932e-17, 1.3685070606957362e-16
0.9748282457138545, -8.5726690139207e-06, -9.273593308927656e-06, -9.273116996161586e-06
0.73894245714067, -1.4951564435172881e-05, -1.4995500148769769e-05, -1.4994920887351765e-05
0.7343439702308132, -2.050157504527121e-05, -2.0741683654907588e-05, -2.0741560659455602e-05
1.2780590488294816, -1.4058807006162392e-05, -1.3659522537295562e-05, -1.3659237200645131e-05
0.697578586653269, -3.7346862226322828e-06, -3.691573362061559e-06, -3.6915273525781024e-06
0.6095258126237855, -1.9014878911438408e-05, -1.914062930762935e-05, -1.9139427734365818e-05
0.4878458759632984, -1.375441748666251e-05, -1.3139777925462983e-05, -1.3138889097622616e-05
0.7581169740131865, -1.9234781453545888e-05, -2.0476878101224242e-05, -2.0475873384434673e-05
0.7129913697152896, -9.527260635519538e-09, -6.25511826021369e-09, -6.255021593111155e-09
0.5333326894794715, 1.3685070606957362e-16, 6.84253515514932e-17, 1.3685070606957365e-16
0.9836801633642775, -1.160201897249216e-05, -1.1325536709403457e-05, -1.132539867734521e-05
1.042568338934643, -1.615714413307038e-05, -1.5450801538076593e-05, -1.545065790335068e-05
0.801212680427103, -1.068958658646256e-05, -1.0876054167731893e-05, -1.0875982005897534e-05
0.8443393744990637, -8.427881297301848e-06, -8.868046120521433e-06, -8.867771001712818e-06
0.903603255377471, -4.372456927368849e-05, -4.240945550012968e-05, -4.240759373777105e-05
0.6714800117518743, 1.3685070606957362e-16, 6.84253515514932e-17, 1.3685070606957362e-16
0.8999283866047406, -6.621446236660465e-06, -6.816618746533424e-06, -6.816551069895075e-06
0.6673294656384364, -1.6005798096213496e-06, -1.5012538024836391e-06, -1.501232424092111e-06
0.44761158698517145, -1.1293100673235256e-05, -1.1565058692783498e-05, -1.1564261611824954e-05
0.8900743456199892, -1.3909800726292043e-06, -1.2337197427154036e-06, -1.2337019063993083e-06
1.0269767019028684, -9.709998048420586e-06, -9.368899860927234e-06, -9.36879065696512e-06
0.8560864214397128, -1.905452154460363e-05, -1.9054521544779343e-05, -1.9054521544603634e-05
1.0788065594471248, -4.160108025818262e-05, -4.3188016006182274e-05, -4.3186147342589846e-05
0.7033143723399402, -1.69204151315927e-05, -1.6880686136432174e-05, -1.6880656366304364e-05
1.0637659905645227, -4.608639491737219e-05, -4.566269243591853e-05, -4.5660873999697064e-05
1.118197129565957, -3.4473475432565875e-05, -3.4232266612902335e-05, -3.4231068761614395e-05
0.8469063570495262, -1.5764341793285257e-05, -1.57683530815944e-05, -1.5768088783142664e-05
0.9214761140549435, -1.5660640810826978e-05, -1.6174497310943268e-05, -1.6173991634657423e-05
0.9801714697578727, -2.3061306015666944e-05, -2.3232711436517584e-05, -2.3231731438938692e-05
1.0313051289757489, -2.3818151929557092e-06, -2.251389791675025e-06, -2.2513591013601465e-06
0.6544463145776063, -1.905452154460363e-05, -1.9054521544779343e-05, -1.905452154460363e-05
0.8182252550687739, -4.421273808369859e-06, -4.433425781275835e-06, -4.4333680144313905e-06
1.2079117089282445, -1.3775647907020098e-05, -1.3464649820801935e-05, -1.3464180183918172e-05
1.2565410876656296, -4.633066942785038e-06, -5.0247804945815384e-06, -5.024407519946221e-06
0.7572248664580375, -2.2389062813701556e-06, -2.293899939144071e-06, -2.2938687483505445e-06
1.198018161262064, -9.893528367560936e-06, -1.0064539803014336e-05, -1.0063834288843574e-05
0.9300408741216579, -1.512570947845181e-05, -1.5152703930255496e-05, -1.515213960530394e-05
1.0818754222255393, -2.4638776600034257e-05, -2.4191312695305266e-05, -2.419013194490829e-05
0.6238674224508988, 1.3685070606957362e-16, 1.3685070310298643e-16, 1.3685070606957365e-16
0.697007430453709, -5.43053863888253e-07, -5.054713901337126e-07, -5.054637835384974e-07
1.258336053865234, -1.4633734935965432e-05, -1.4291886240719226e-05, -1.4291064428338554e-05
0.7694190968871963, -1.0193238373087747e-05, -1.0898346231392999e-05, -1.0897962525668477e-05
0.5556780386423863, -8.687000517841692e-06, -9.199706283114885e-06, -9.199054573207337e-06
0.9356508595182049, -1.0025970615857466e-05, -1.125830287782719e-05, -1.1257634846886297e-05
1.120880576783797, -7.812353833206745e-06, -7.922671264086144e-06, -7.92259971566131e-06
0.7117045929450339, -1.0765804671409863e-06, -1.1270353408993153e-06, -1.1270189496320784e-06
1.057530454939864, -5.432413070494941e-06, -5.550395181697768e-06, -5.550327931296192e-06
1.0675083174935627, -4.4492307805600505e-06, -4.309352087758283e-06, -4.309300538436361e-06
0.8370869607610342, -2.895666837957673e-07, -5.529385976363485e-07, -5.528955487215433e-07
1.0217551978386321, -7.156692161425361e-06, -6.8397065483685495e-06, -6.839604887887177e-06
1.350864047236214, -8.549118870972125e-06, -9.383823913992038e-06, -9.38326217854346e-06
1.2961081534340702, -1.0098896418575603e-05, -9.850268270894368e-06, -9.850194717674677e-06
1.2209122102003032, -1.312233474153034e-05, -1.2924675539190275e-05, -1.2923911021569445e-05
1.6181447596955483, -2.3304760878928743e-05, -2.4010576962935567e-05, -2.4009513533932216e-05
0.0784716732903774, 1.3685070606957362e-16, 1.3685070310298643e-16, 1.3685070606957362e-16
1.4642149821669723, -1.9488268633638375e-05, -2.014125289512701e-05, -2.0140281002809472e-05
1.4209988843845696, -3.6387650757578896e-05, -3.772079901294905e-05, -3.771903701712812e-05
0.7109012086988661, -9.652222797740251e-05, -9.652222797743425e-05, -9.652222797740252e-05
0.9796722972514583, -1.943561197426678e-06, -1.6602804131134207e-06, -1.6602569846618023e-06
0.5966893074769188, -1.8821834455483327e-05, -1.7474422597242155e-05, -1.7473302002477527e-05
0.7687824798917813, 1.3685070606957362e-16, -0.0, 1.368507060695736e-16
0.8246788928048252, -1.432900020150799e-05, -1.4335235764402637e-05, -1.433518088023255e-05
0.5782491623438359, -2.027919513591879e-05, -2.063417847407796e-05, -2.0632908893568784e-05
0.5935910033582401, -5.122706103060598e-05, -5.0670221405291664e-05, -5.066846344954294e-05
0.7183081594029417, -6.869155016742092e-06, -7.0080994971183534e-06, -7.008031008098258e-06
1.2506422644721245, -1.78927828195853e-05, -1.7061163497685732e-05, -1.7060344664372746e-05
0.5311465241174836, -2.487209724858657e-05, -2.4952115301992147e-05, -2.495174414960029e-05
0.4752806931297055, -2.1626881951911932e-06, -2.1573507976772084e-06, -2.157321224613313e-06
0.5351425168987609, 1.3685070606957362e-16, 1.3685070310298643e-16, 1.3685070606957362e-16
1.135361970547247, -3.297403963912552e-05, -3.4192986001000764e-05, -3.41918803677302e-05
0.36426433647068773, 1.3685070606957362e-16, 1.3685070310298643e-16, 1.368507060695736e-16
0.916739382748554, -2.113836792694427e-05, -2.1835162851676328e-05, -2.1833839854888027e-05
0.6307627012328222, -3.6775226579980617e-06, -3.6864767893766838e-06, -3.6864308281258166e-06
0.6162162718037074, -5.972616193320828e-05, -6.113673529974142e-05, -6.113547383290347e-05
1.6969248279763112, -9.9083512031282e-06, -9.81309047607685e-06, -9.813016904755379e-06
1.2626134783036629, -3.413715849630784e-05, -3.472532296218761e-05, -3.472376703413997e-05
0.5032372202003301, -3.7823225264941336e-06, -3.7364936501312657e-06, -3.7364472170114125e-06
1.010939279451519, -1.1153466546500341e-05, -1.1758025729118607e-05, -1.1757435429963383e-05
1.042186287995707, 1.3685070606957362e-16, -0.0, 1.368507060695736e-16
0.39926493112211664, -8.373527190912486e-06, -8.249420468851961e-06, -8.249265393633836e-06
0.7486567453864447, -9.5558425545505e-06, -9.13465740134961e-06, -9.13458388897735e-06
0.9597045584579693, -1.395807496547011e-05, -1.4448746189926022e-05, -1.4448105434836442e-05
0.6661842412537797, 1.3685070606957362e-16, 1.3685070310298643e-16, 1.3685070606957362e-16
0.7467732281619448, -2.015267327254407e-05, -1.934995314982894e-05, -1.9349266436466376e-05
0.8656046948377416, 1.3685070606957362e-16, 1.3685070310298643e-16, 1.368507060695736e-16
0.5625554682792326, -1.547914878024107e-05, -1.4979871362773735e-05, -1.4979638463848334e-05
0.7056198486313688, -8.793661692760882e-06, -9.030523967347329e-06, -9.030450529886098e-06
0.7073612790885242, -5.7675310375946115e-05, -5.7360080697698774e-05, -5.73582891103614e-05
0.6107797946360616, -2.1665792788491322e-05, -2.168609821075479e-05, -2.168528687981979e-05
0.9651204909119417, -5.716356449737076e-08, -7.683466276303996e-08, -7.683347993512752e-08
0.9650799703291012, 1.3685070606957362e-16, 6.84253515514932e-17, 1.3685070606957357e-16
0.7571758988011735, -8.86987977893984e-06, -8.620173632688343e-06, -8.62010066262296e-06
0.5744205318766283, 1.3685070606957362e-16, 3.4212675775746615e-16, 1.3685070606957362e-16
1.1943843971214423, -1.668428502479552e-05, -1.656038039120064e-05, -1.655947005411381e-05
0.555689871402426, -5.411484118569445e-06, -5.51741049782234e-06, -5.517349904673612e-06
1.3456587677962542, -3.715631699855887e-07, -5.161579593496741e-07, -5.161501966399959e-07
1.0608732199656203, 1.3685070606957362e-16, -1.3685070310298638e-16, 1.3685070606957367e-16
0.18091545720653074, 1.3685070606957362e-16, 1.3685070310298643e-16, 1.3685070606957362e-16
0.8185679437397587, -7.5213911694567915e-06, -7.513176793418488e-06, -7.512708483112278e-06
1.2223774488475596, -1.6318336396510256e-05, -1.628146517844628e-05, -1.6280891929443782e-05
0.8543774089665108, -7.108431047436592e-06, -7.3890751241885284e-06, -7.388958399791437e-06
1.4023269417866384, -1.587336897310626e-05, -1.6198174727210466e-05, -1.6197445871836174e-05
0.9774851606841993, -1.0463454709588756e-05, -1.0622727832238774e-05, -1.0622341181356812e-05
1.0647304756561307, -3.379276800472754e-05, -3.3205713182494e-05, -3.320432543423784e-05
0.7240708648971906, -1.0060787375486122e-05, -1.0255427422325275e-05, -1.0255354214952956e-05
0.9560177355851757, -3.893840197517717e-06, -4.110490287547556e-06, -4.110353308526565e-06
0.3874010653003318, -4.82079395068249e-06, -4.592698542541128e-06, -4.592644659314688e-06
0.9899590518429784, -6.273944818403208e-06, -6.13271309036001e-06, -6.1322633892446974e-06
1.0005677979266305, -5.306684250073372e-06, -5.25644305031906e-06, -5.256384210279294e-06
1.1473640163460996, -3.9061769165349476e-06, -3.814241736577952e-06, -3.814194577461389e-06
0.3478981771039341, -1.7120336873596423e-05, -1.6915354549573704e-05, -1.691511171750712e-05
1.0849929068746373, -4.506394345194273e-06, -4.476082425021183e-06, -4.476029486573071e-06
0.5148309781441414, -8.507843869589773e-06, -8.81119005375868e-06, -8.811116832220472e-06
1.4111180600344118, -2.7629056238505185e-06, -2.9422193593346195e-06, -2.9421809000619564e-06
0.7574811653354254, 1.3685070606957362e-16, 6.84253515514932e-17, 1.3685070606957362e-16
0.3523571855222444, -1.2306584066999418e-05, -1.3172349577433444e-05, -1.3171458894318215e-05
1.1585342975274138, -2.302460607635244e-05, -2.5426984886145278e-05, -2.542576691020464e-05
1.3677178003087151, -1.1216234668972504e-05, -1.0064799776102321e-05, -1.0064403841705728e-05
0.6771481388402366, -3.978960734342131e-06, -4.199510916224267e-06, -4.199374656708001e-06
0.7127964112179936, -4.552241210142161e-05, -4.6923474800653666e-05, -4.692162743248262e-05
0.5341517006804418, -1.905452154460363e-05, -1.905452154450565e-05, -1.905452154460363e-05
0.8620412627515828, 1.3685070606957362e-16, -0.0, 1.368507060695736e-16
0.6993028406987087, -1.1575621838292992e-05, -1.1661652050130728e-05, -1.1661582108313067e-05
0.5061241267655492, 1.3685070606957362e-16, 1.3685070310298643e-16, 1.368507060695736e-16
1.3270544291157667, -1.0360514879623123e-05, -1.0935963207443257e-05, -1.0935478743786462e-05
1.1244712338150957, -8.78352274581923e-06, -8.955069071979144e-06, -8.954432915297998e-06
0.8612022501589521, -1.7637635912159465e-05, -1.760587670747206e-05, -1.7604956295842372e-05
0.6068129258901647, -3.602729624069356e-05, -3.630117360205614e-05, -3.630007359874897e-05
0.892115776661768, 1.3685070606957362e-16, 1.3685070310298643e-16, 1.3685070606957362e-16
0.8648390332925286, -4.754173607575608e-05, -4.803666977777589e-05, -4.803507481270948e-05
0.6429842314332495, -1.683466978464137e-05, -1.6919768741751678e-05, -1.6919739439167823e-05
0.32634828258593107, -1.8883030850700963e-05, -1.880295973381411e-05, -1.8802955896439186e-05
0.8292889585560758, -4.656259409781703e-05, -4.7103389018287526e-05, -4.710191801218701e-05
0.9527848352340991, -2.452163297302936e-05, -2.4616129086078062e-05, -2.4614759716311184e-05
1.3492373343465753, -4.7713019829427495e-06, -4.57154566377302e-06, -4.571399596845983e-06
0.884151386768633, -1.8001395517674245e-05, -1.7810776057984633e-05, -1.780963875326694e-05
0.6287163938985938, -1.3385801385043337e-05, -1.3215002332410926e-05, -1.3214939727421659e-05
0.963238396456491, -6.1736649803590635e-06, -6.574549936073283e-06, -6.574483371687578e-06
0.8720326836089878, -3.7855316603379603e-06, -3.684853468927901e-06, -3.6845790576592707e-06
0.9593548527628473, -2.7471031773457026e-05, -2.770851322484853e-05, -2.7707262773974886e-05
1.129813474607581, -3.858540612673096e-06, -3.965081155804614e-06, -3.965032616816236e-06
0.7874511598371148, -5.501766994582892e-06, -4.4722221818227824e-06, -4.471888217488492e-06
1.081160498588789, -2.6104725704436407e-05, -2.6263769973005625e-05, -2.62626609934325e-05
0.8064994973110882, -4.10380330358071e-05, -4.2795231253279654e-05, -4.2793476540806e-05
1.236831196133401, -7.64586162031943e-06, -7.3522553951176215e-06, -7.352166252672697e-06
0.3652567229204333, -1.646310661451893e-05, -1.6409324322362316e-05, -1.6409289108572506e-05
1.1164187907880023, -1.0558863659678189e-05, -1.0202444327877002e-05, -1.0202236043430251e-05
0.6876312698266004, -9.169611656497731e-07, -1.10616741418354e-06, -1.1060817903491196e-06
0.5618960400147841, -1.4214673072239548e-05, -1.4363546628995004e-05, -1.4363491966512143e-05
0.5903643752095726, 1.3685070606957362e-16, 1.3685070310298643e-16, 1.3685070606957362e-16
0.7187943873093439, 1.3685070606957362e-16, 2.0527605465447966e-16, 1.3685070606957362e-16
0.18964807579121037, 1.3685070606957362e-16, 1.3685070310298643e-16, 1.3685070606957362e-16
0.7650471960761979, -8.113289578775167e-06, -7.809249121751598e-06, -7.808809995202212e-06
1.4041879573820177, -4.661799459318195e-06, -4.58776293142212e-06, -4.587659016270039e-06
0.7772342243655543, -2.4979732823242785e-05, -2.516230522661373e-05, -2.5160889042695524e-05
1.0683745497643793, -4.9741424410938045e-05, -5.031280015435973e-05, -5.031129678317575e-05
0.6876939745605083, -2.227633052087617e-05, -2.1982676921401945e-05, -2.198135351947454e-05
1.2147108207060069, -1.3099712404604419e-05, -1.3820637120122688e-05, -1.3819844751719443e-05
0.7794098674567967, -1.662790137915681e-05, -1.6750125645454362e-05, -1.6749243891243483e-05
0.5984625585499473, -5.2304661638944095e-06, -5.104467225488486e-06, -5.104409457396014e-06
1.1050675146359659, -8.688861824264806e-06, -8.82125184750958e-06, -8.821178614238865e-06
1.1598670682875754, -3.9372786999528136e-05, -3.8531250040293796e-05, -3.8529630697299044e-05
0.7749160332419799, 1.3685070606957362e-16, 1.3685070310298643e-16, 1.3685070606957355e-16
0.5988616473217736, -4.887484776089082e-06, -4.942724666512121e-06, -4.942668080139916e-06
0.9806974874080148, -1.7931890859370243e-05, -1.7644152035125086e-05, -1.7643125248701107e-05
0.9969263140708323, -3.7251589618599125e-06, -3.6714675539465426e-06, -3.6714217350284576e-06
1.2213592110366447, -2.5197907294533008e-05, -2.627119306581422e-05, -2.6270390887832692e-05
1.212768040664876, -7.20712217189113e-05, -7.276209164977817e-05, -7.276070953661086e-05
1.4027105135438158, -1.4017131726987953e-05, -1.3999971146409308e-05, -1.3999225434644467e-05
0.964455635760935, -7.316936273043493e-06, -7.3644309380955686e-06, -7.364361095601212e-06
0.8476785110048597, -2.5472323426550986e-05, -2.624444098492619e-05, -2.6243672341376142e-05
0.8377907104822457, -3.091223859335835e-05, -3.070997849049461e-05, -3.07091945075937e-05
1.00492087782484, -6.0050257032295116e-05, -5.876712130095424e-05, -5.876535062444726e-05
0.5318022431279151, -1.2547889636943268e-05, -1.2891005495181132e-05, -1.2890130893846565e-05
1.0016482141209688, -3.737362207532141e-05, -3.6907649488021366e-05, -3.690600744165637e-05
0.4342325525336789, -4.754103125275898e-06, -4.587656167046014e-06, -4.587602324238972e-06
1.237503528038427, -8.164397155178665e-06, -8.10337783364527e-06, -8.103175391862838e-06
0.6022933644091307, -2.6009421907202244e-06, -2.41525429666557e-06, -2.4152216934182433e-06
0.42395768610147233, -1.905452154460363e-05, -1.9054521544642496e-05, -1.905452154460363e-05
0.7994614514451073, -2.2682723573353238e-06, -2.8444527047779227e-06, -2.8442365387315726e-06
0.6015078686905068, -1.8968776197652297e-05, -1.896737650702121e-05, -1.896737516605799e-05
0.9532867248869253, -2.9629781000702936e-06, -2.8968443900858724e-06, -2.8968064178794593e-06
0.6016904301159804, 1.3685070606957362e-16, 1.3685070310298643e-16, 1.3685070606957362e-16
0.9269673131757337, -1.1747112532195657e-05, -1.1732316861206947e-05, -1.173224716834272e-05
1.4170126623742363, -1.4985605650458574e-05, -1.502204056318727e-05, -1.5021771712145923e-05
1.03320068951774, -1.3298810792490713e-05, -1.363426437797137e-05, -1.3634026446584204e-05
0.649009592134165, -1.3976491552930292e-05, -1.3588482099804997e-05, -1.3588421842623991e-05
1.219525958761278, -3.473109246889798e-05, -3.403563130608822e-05, -3.4034040821157537e-05
1.2396986526500244, -2.969370174096925e-05, -2.9412047954709064e-05, -2.9410562286964102e-05
0.47917228822701735, -1.2614093262481347e-05, -1.263220437548447e-05, -1.2632138558827708e-05
0.6224387322892542, -5.557991156700464e-06, -4.997975062869148e-06, -4.997701186606447e-06
1.172750537523585, -3.4346439266257706e-05, -3.5390222049128465e-05, -3.538894747749029e-05
1.0445453821719894, -1.1916578061501516e-05, -1.1576733975075847e-05, -1.157647210208042e-05
1.084537355844658, -2.0499182761235502e-05, -2.0205451562452517e-05, -2.0204219693594393e-05
0.5102653236229167, 1.3685070606957362e-16, 1.3685070310298643e-16, 1.3685070606957362e-16
1.1104196193236002, -1.349060125353941e-05, -1.3330707915157934e-05, -1.3330646013338826e-05
0.9943253633964177, -1.770165051492706e-05, -1.7641419848816157e-05, -1.7641399624538104e-05
0.9086755887647902, -1.3719255510844638e-06, -1.6798852200290058e-06, -1.6798615415568752e-06
0.9397481347553786, -1.5735423752215372e-06, -1.8124494026869624e-06, -1.8123354701643415e-06
0.7239176702667309, 1.3685070606957362e-16, 1.3685070310298643e-16, 1.3685070606957362e-16
0.4987009136079492, -2.9872220455136606e-05, -3.093306096986134e-05, -3.093155812971027e-05
0.5575276616038122, -5.308722538627812e-06, -5.5614277816084395e-06, -5.561017394531785e-06
0.7241701950668533, -7.093758946085374e-06, -6.815945266374358e-06, -6.815453274951602e-06
0.6761924816745122, -1.1196578445257714e-05, -1.1280884566189984e-05, -1.1280104470460606e-05
0.6412615433877527, 1.3685070606957362e-16, 1.3685070310298643e-16, 1.368507060695736e-16
1.0956723720870902, -1.0668972226926793e-05, -1.0327256907685036e-05, -1.0327105168412229e-05
1.3357986953228145, -1.0113604785039871e-05, -1.098848431121601e-05, -1.0987899167804204e-05
1.1553892587823418, -2.581887669175484e-06, -2.818692392325136e-06, -2.818655265311529e-06
0.9257808106596922, -5.821156331781366e-06, -5.804199907972048e-06, -5.804137515626523e-06
0.9077522562094128, -3.957411346942262e-06, -4.151266518454944e-06, -4.150955440785024e-06
0.958646396333872, -1.5217392708935144e-05, -1.4698963729352249e-05, -1.4698357474870613e-05
0.6228129017335504, -5.3714619869363806e-05, -5.206447942896098e-05, -5.206260161275717e-05
0.8529274069101159, -1.0794386454958631e-05, -1.0778824980471123e-05, -1.077875261360952e-05
1.2126714071009779, 1.3685070606957362e-16, 6.84253515514932e-17, 1.3685070606957362e-16
0.8351938365420247, -7.926680962475188e-06, -7.98199821574921e-06, -7.981926515505763e-06
0.9507009715986653, -2.0483481799505857e-05, -2.039047406369964e-05, -2.038934146290769e-05
1.3929400121020503, -2.680284327533779e-06, -2.9786406291439025e-06, -2.9785699643259028e-06
0.9232015264366092, -3.057597500808053e-05, -3.1182034814762144e-05, -3.118112959605453e-05
1.0864269515348168, -7.990097003031141e-06, -7.537102614142937e-06, -7.536864314419455e-06
1.1276665791850986, -6.136476896103481e-05, -6.141765358337753e-05, -6.141590652248213e-05
0.836050390559652, -4.372456927368849e-05, -4.286003296233141e-05, -4.2858167086110676e-05
1.1603263961928174, -1.4807556637549538e-05, -1.4489016272462837e-05, -1.4488691791722945e-05
0.2143394619325154, 1.3685070606957362e-16, 6.84253515514932e-17, 1.3685070606957362e-16
0.6344149631626796, -5.583134295993249e-06, -4.967439576012828e-06, -4.967266059633095e-06
0.8972605414190191, -1.1775694314512766e-05, -1.1707539669165724e-05, -1.1707469887939891e-05
1.0147385018140385, -4.458758041332421e-06, -4.700154765263818e-06, -4.700100031105955e-06
1.186006221545823, -1.722765348121036e-05, -1.6585106387454813e-05, -1.6584121942135398e-05
0.960857730097727, -9.365297339103095e-06, -9.450235928950038e-06, -9.450162296190253e-06
0.700199772414531, -1.3157147126506451e-05, -1.3315675411127931e-05, -1.3315613416726003e-05
1.05354180673227, -4.7159940821864164e-06, -4.647438719845761e-06, -4.647384400774775e-06
0.5008831255090658, -8.334694385846839e-05, -8.305134149083321e-05, -8.305043384968174e-05
0.5072692243741445, -8.183917003329185e-06, -8.265460646515852e-06, -8.265388300665469e-06
1.1539047100370166, -1.0154189927481616e-05, -1.0250006341872787e-05, -1.0249741986816482e-05
0.6618525284834953, -5.427797787518749e-05, -5.4284620932631454e-05, -5.4282786216369453e-05
0.8828942211706945, -2.2105774854837607e-05, -2.2977026766084023e-05, -2.297572875470221e-05
1.0362714124096672, -6.731690265223733e-05, -6.727832039255926e-05, -6.727717629698213e-05
0.7200512576406066, -5.465203591116506e-05, -5.5057407621114717e-05, -5.505577823293553e-05
0.9522542591138908, -3.763012225861331e-05, -3.7100664683521304e-05, -3.709950765704726e-05
0.9449135948890369, -5.363847814707594e-06, -5.257978938934148e-06, -5.25792008829228e-06
0.3966381214789375, -2.147477787178559e-05, -2.1377462118789865e-05, -2.137666259152022e-05
1.1641271045925952, -2.670072838001747e-05, -2.7624518103823344e-05, -2.7623229798855474e-05
0.8369593020791143, 1.3685070606957362e-16, 2.7370140620597287e-16, 1.3685070606957365e-16
0.20377886427762365, 1.3685070606957362e-16, 1.3685070310298643e-16, 1.3685070606957362e-16
0.9051293528900087, -5.811629069777341e-07, -6.238505114518998e-07, -6.238411838189789e-07
0.981476292136704, -2.310207378278524e-05, -2.441863996438008e-05, -2.4417448067429442e-05
1.280316489418445, -1.6544965490450338e-05, -1.662002096024993e-05, -1.6619231223595678e-05
0.7138737677198183, -1.0013151071624271e-05, -1.0305258000022185e-05, -1.0305184853591734e-05
1.0151414159772958, -7.450317923856677e-06, -7.290209904655889e-06, -7.290140326979556e-06
1.1355513435031874, -1.4746507869788077e-05, -1.446650974935552e-05, -1.4466044309984252e-05
1.019574362902509, -7.254152298989017e-05, -7.156704020189677e-05, -7.156559710559767e-05
1.1745259425208778, -1.1261222232804773e-05, -1.1532248425178558e-05, -1.1532178048630356e-05
0.6393053198068266, -2.7914874061676292e-06, -2.8409726747798575e-06, -2.8409353062086316e-06
0.9673662836362273, -1.0638675497750067e-05, -1.0278769354095682e-05, -1.0278499952136052e-05
0.7829814461469933, -4.4778125616455066e-07, -3.756169125396748e-07, -3.7561122067166747e-07
0.9881379826749397, -6.002174285224746e-07, -5.028383601267232e-07, -5.028307921692927e-07
1.1148244263222193, -1.0551064469723074e-05, -1.0851407916169086e-05, -1.0850742811605577e-05
1.3071085058813419, -7.658362197510345e-06, -7.907627067287466e-06, -7.907276034891678e-06
0.7094138612741258, -1.3995723055374699e-06, -1.3847357620385995e-06, -1.3846288883331478e-06
0.8097238984487142, -5.532597656014822e-05, -5.4709539274267414e-05, -5.470777579692414e-05
0.8384179587776073, -8.580166735443724e-06, -8.107093529889944e-06, -8.106664309634806e-06
0.8960368868381874, -5.841119840174623e-07, -7.838202661372402e-07, -7.83759503046426e-07
1.0735665736809832, -2.296069846004377e-06, -2.1337960698762757e-06, -2.133766779144848e-06
1.0553764189027734, -1.211506465871468e-06, -1.4959001575603426e-06, -1.4957849334710981e-06
0.7897928519847359, -1.1737585271423285e-05, -1.1850074858774371e-05, -1.185000559831832e-05
0.9604696634341527, -1.0446754336880874e-05, -1.0739845721824176e-05, -1.0739651711046515e-05
0.6131027556151913, -1.5338889842147581e-06, -1.669248637374076e-06, -1.6692250942266175e-06
0.9378470847064438, -4.547007003443974e-06, -4.89477990455195e-06, -4.894502695870904e-06
1.3134993420504188, -9.755759921901681e-06, -9.92690461632215e-06, -9.926788605404483e-06
0.8752323258979153, -1.0020493684278701e-05, -1.0130477873459643e-05, -1.0130311131306079e-05
0.5809833644928766, -1.1652469109251418e-05, -1.2061581571770905e-05, -1.2061310469428553e-05
1.0589467864203437, -1.5319835321834496e-05, -1.5054611006672048e-05, -1.5054562154252258e-05
0.7098261227791973, 1.3685070606957362e-16, 6.84253515514932e-17, 1.3685070606957367e-16
1.3144262893777932, -6.745300626701279e-06, -6.534998687373624e-06, -6.534932313403929e-06
1.269043787698279, -4.281333838550305e-06, -4.3421894388549245e-06, -4.342077364164256e-06
0.7457157423736357, -2.0674155874674912e-06, -2.087235303577728e-06, -2.0872065730894604e-06
0.7549445770179972, -1.3719255510844638e-06, -1.1652973091055172e-06, -1.1652803973015717e-06
1.129395836210018, -8.336353175687108e-06, -8.479263782919457e-06, -8.479191036476266e-06
0.7777860236967188, -8.736498128126659e-06, -8.926713025489332e-06, -8.926639680667943e-06
1.2976356421678752, -1.317824431125818e-05, -1.345521931965041e-05, -1.3454625708590326e-05
0.4085102221314241, -6.6455553962399e-05, -6.649846680730104e-05, -6.649684707132563e-05
0.851600044132471, -1.6994138351916532e-05, -1.697738840549598e-05, -1.6977178196583483e-05
0.8448174688765029, -2.383036853815776e-05, -2.2869154760467815e-05, -2.286783029994704e-05
0.6197236088653902, -1.6139179748258337e-05, -1.625365638391734e-05, -1.6253619451409646e-05
1.0287814768900383, -1.4728536744207403e-05, -1.4671939519712717e-05, -1.4671059609563417e-05
0.6503690534175852, 1.3685070606957362e-16, 2.0527605465447966e-16, 1.3685070606957365e-16
0.632575742867911, -1.187223404110049e-05, -1.1692988317290484e-05, -1.1692183632626262e-05
1.2442245851404583, -3.407892115358202e-05, -3.494591529794827e-05, -3.49443845055331e-05
0.35723332806115743, 1.3685070606957362e-16, 1.3685070310298643e-16, 1.3685070606957362e-16
1.0232008174778724, -1.5689058734970404e-05, -1.5440993762547646e-05, -1.5440846131532984e-05
1.0450525891926052, -4.078064132037354e-05, -4.1160741661046744e-05, -4.115889302064167e-05
1.1568582339350593, -1.5444797347218192e-05, -1.4855651553387121e-05, -1.4855032958238458e-05
0.9384685101978836, -1.5922565114959132e-05, -1.5364302838766014e-05, -1.5363740344602835e-05
0.31135853570702887, -3.2678504447861413e-06, -3.2892375699739257e-06, -3.2891955012345602e-06
1.1876136131554866, -2.190116922420826e-05, -2.1880085318030988e-05, -2.1879000753877777e-05
0.7404338221245628, -5.0780299915364865e-06, -5.1012795270080355e-06, -5.101221781705428e-06
1.0783208401764204, -2.8675680818142973e-05, -2.816507958396822e-05, -2.816399825939225e-05
0.9166252451000642, -2.877232753118962e-06, -2.6637549587219017e-06, -2.6637195382544914e-06
1.0865384875100284, -1.3214323815098312e-05, -1.3828699672654102e-05, -1.382807337314361e-05
0.32187669428002286, -1.8816340025294377e-05, -1.881124194646679e-05, -1.8811238233932165e-05
0.8738065251533115, -3.370271846179362e-05, -3.4058187792121465e-05, -3.4056465456570544e-05
1.4989308138169455, -2.5993025508724856e-05, -2.548537147030988e-05, -2.548423271589958e-05
0.9728778001099746, 1.3685070606957362e-16, 2.7370140620597287e-16, 1.368507060695736e-16
0.4550840927301739, 1.3685070606957362e-16, 1.3685070310298643e-16, 1.3685070606957362e-16
0.9161835499694956, -1.0900138849928993e-05, -1.0816254120911272e-05, -1.081553101942285e-05
0.9267294257853325, -2.4578799202502626e-05, -2.3718250840836955e-05, -2.3717214296198242e-05
0.8175605223761773, -3.2011596193795496e-06, -3.2017023043056244e-06, -3.201661127740627e-06
0.897052850433143, -4.3048913677845715e-05, -4.343022555087707e-05, -4.3428354941056654e-05
0.9653556882798572, -4.506394345194272e-06, -4.655768668131596e-06, -4.655714283209611e-06
1.1617409101355234, -3.9424473632583586e-05, -4.02411473803557e-05, -4.023993486194958e-05
0.9520791756562952, -3.335107974082672e-05, -3.195508739889544e-05, -3.195364442111069e-05
0.9917167325858284, -3.0742639828446625e-05, -2.9605566782460353e-05, -2.9604052918532816e-05
0.9127336044492141, -1.2528347915530015e-05, -1.2603650662632276e-05, -1.2603584703027136e-05
0.8632007146804364, -1.5867125246489624e-05, -1.6332753758114974e-05, -1.6331879615032166e-05
0.9290622933267993, -1.5504305043491493e-05, -1.665518677628387e-05, -1.6654405582028947e-05
1.0963462263778627, -5.777532637328894e-05, -5.7423451614044354e-05, -5.742208440151638e-05
0.8199061748848994, -3.2011596193795496e-06, -3.3887634026530845e-06, -3.3887203346430214e-06
0.9158521804427325, -7.754700033604762e-06, -7.047022878570463e-06, -7.046519404331858e-06
0.9396540307001331, -6.286985651965838e-05, -6.20764088583212e-05, -6.207493381534232e-05
0.7481127073765071, -1.0051260114713752e-05, -1.0016129785168602e-05, -1.0016056341644781e-05
0.9167849905253522, -1.8054159163504757e-05, -1.8014777699218728e-05, -1.8014762503490172e-05
0.7852607982685474, -1.0238995871916296e-05, -1.0156767105548468e-05, -1.0156615283211981e-05
0.8518412841340892, -2.4984257228347258e-05, -2.5386579127132223e-05, -2.5385346243720678e-05
0.6132474413300554, -6.287992108395852e-07, -7.703730713468907e-07, -7.703616443294641e-07
0.9145493660776178, -2.134106412874083e-06, -2.228429145033756e-06, -2.228398726184536e-06
0.361184160546418, 1.3685070606957362e-16, 1.3685070310298643e-16, 1.3685070606957362e-16
0.8966679843533502, -1.0151723845327126e-05, -9.804344746299478e-06, -9.804072073697523e-06
0.761687595456528, -1.505307201897647e-06, -1.4654572638226328e-06, -1.4654363526407875e-06
1.0024972586605805, -1.1148149098442713e-05, -1.077617903153398e-05, -1.0775941158669707e-05
0.43792416379760696, -5.98437813447059e-06, -6.408943501477744e-06, -6.408474981030063e-06
0.7334955759222378, -1.6253201600153114e-05, -1.617818871606312e-05, -1.6177922490620673e-05
1.1643560136619233, 1.3685070606957362e-16, -1.3685070310298638e-16, 1.3685070606957362e-16
0.5989173622517614, -6.270039536500506e-05, -6.227410783936235e-05, -6.227266856780664e-05
0.5340353589485225, -3.648940875680951e-06, -3.882848702493624e-06, -3.882800911342283e-06
0.8600002629866854, -5.859265374870847e-06, -6.042341314878008e-06, -6.042277530069537e-06
1.080156143920655, -9.670169683818942e-06, -9.532575218984758e-06, -9.53250158147325e-06
0.8226203367063037, -1.3561373030707431e-05, -1.2742981290328503e-05, -1.2742115201637955e-05
0.6396085638008382, -1.3595401122035482e-05, -1.343802337390811e-05, -1.3437962143773655e-05
0.8518667363944703, -1.881996002510257e-05, -1.9925618875888067e-05, -1.9924391376755756e-05
0.7594857919386342, -1.776834134033365e-05, -1.7518386854910147e-05, -1.7518365023053803e-05
1.20803010740152, -5.369315996981268e-06, -5.7297422294348245e-06, -5.729602726125195e-06
0.9741256470841654, 1.3685070606957362e-16, 2.0527605465447966e-16, 1.3685070606957357e-16
0.7051830951749981, -8.134565752607718e-06, -8.209192601299654e-06, -8.208978145048626e-06
1.098755945982454, -8.860352516935816e-07, -9.592262646781763e-07, -9.592121833693041e-07
0.5697385548736862, -8.617561034952814e-05, -8.563169673018886e-05, -8.563101494921355e-05
1.0106728121604518, -1.5977216315128044e-05, -1.6029926954170863e-05, -1.6029887620793667e-05
0.657893344208356, -2.3913424537280795e-06, -2.4280775258366015e-06, -2.428044775015885e-06
0.2723528326389672, -1.1327913058211365e-05, -1.149387169500928e-05, -1.1493801194984434e-05
0.5007590448326711, -1.3223545232786044e-05, -1.255324826645619e-05, -1.255239314104874e-05
0.8761987638489556, -2.5100928489254784e-05, -2.4422112239176277e-05, -2.4420890591777605e-05
0.9090693729671251, -1.3301159298782343e-05, -1.4043186801821583e-05, -1.4042653113187866e-05
0.7298648456481629, 1.3685070606957362e-16, 2.0527605465447966e-16, 1.368507060695736e-16
0.9383926404479392, -1.0118425016031215e-05, -1.031802852769707e-05, -1.0317713113549435e-05
1.235164983622792, -9.101201510810633e-06, -8.832783624985936e-06, -8.832207452046897e-06
1.366021643018755, -1.3873419755251475e-05, -1.4357397022738773e-05, -1.4356899653087822e-05
0.7359441435033686, -1.533888984214758e-06, -1.5637748592265438e-06, -1.563751921307166e-06
1.0189612407646118, -2.2160825612375827e-05, -2.247181563789516e-05, -2.2470864825498988e-05
0.39382515697409864, 1.3685070606957362e-16, 1.3685070310298643e-16, 1.3685070606957362e-16
1.6089808435843096, -2.261284529542333e-05, -2.2865420115119768e-05, -2.2864375636538676e-05
1.194707236785247, -3.040450181155639e-06, -2.936901875458614e-06, -2.9366789037661045e-06
1.4349621544328548, -2.71589409448079e-05, -2.7889136896695308e-05, -2.788764681131024e-05
0.8844264774588136, -1.1527843549520186e-05, -1.2115558685040833e-05, -1.2114857581738027e-05
1.0529017620421048, -4.529391295175331e-05, -4.569360729519498e-05, -4.569179612689926e-05
0.7485019070684397, -2.229319601965042e-05, -2.3645052934946165e-05, -2.3643777475321655e-05
0.43687992551132193, -2.0255270994312014e-05, -2.019130885420839e-05, -2.0191238460425455e-05
0.998746886945605, -1.1154862526317678e-05, -1.0832504819269482e-05, -1.0832369161596636e-05
1.0698848113122235, -2.7750140543405724e-05, -2.762532511497538e-05, -2.762378105035501e-05
0.5651398295185193, -5.588636999885844e-05, -5.684578013767244e-05, -5.684395036866893e-05
1.4484887121700813, -2.1938314625402272e-05, -2.1923029153182635e-05, -2.1922244795437055e-05
0.7176609398121176, -9.117588559021467e-06, -9.201972891734882e-06, -9.20189933992509e-06
0.6182522175922501, -2.3792729196326607e-05, -2.392373034294024e-05, -2.3922321333154867e-05
1.1595844206189931, -4.420648998242941e-06, -4.5781051219094225e-06, -4.5780513558046085e-06
0.6914689421190815, -4.935121079950934e-06, -4.960396589133069e-06, -4.9603398716480895e-06
0.894241270460071, -5.281541110780587e-06, -5.651548050834806e-06, -5.6513430954640535e-06
0.9312019050822062, -3.4801257292128894e-05, -3.4148948685526924e-05, -3.414737363256381e-05
0.9889622640449606, -6.149136436256438e-05, -6.000671711510873e-05, -6.000497654901563e-05
0.5109960770992025, 1.3685070606957362e-16, 2.7370140620597287e-16, 1.3685070606957362e-16
0.8646433699968918, -4.264954864440167e-05, -4.272660926415151e-05, -4.272477588050653e-05
0.4865885863029834, -7.939332273882152e-06, -7.816189558956583e-06, -7.81610412373282e-06
0.5279854253174557, -5.687774680968182e-06, -5.457014611827789e-06, -5.456954414624666e-06
0.5057393156065813, -9.07308942975185e-06, -8.420420087974873e-06, -8.419818259888549e-06
0.6774048313596629, -7.926680962475188e-06, -8.199324932612911e-06, -8.19925272567663e-06
1.0056633157913366, -1.448143637263426e-06, -1.6168407524689068e-06, -1.6168178795764454e-06
1.049776053177442, -9.60426315206041e-06, -1.0188607423302368e-05, -1.0188359924378074e-05
1.219780364542928, -3.190871450343731e-05, -3.122478571753555e-05, -3.122326567817763e-05
0.8729475213070657, -3.4580867550152896e-05, -3.4186767214645466e-05, -3.418574087264033e-05
0.7015790299631401, -1.4262309376101397e-05, -1.418900204579193e-05, -1.4188946038283085e-05
1.5066223316153764, -9.471971637979921e-06, -9.349605083651542e-06, -9.349517219307558e-06
1.083153754873192, 1.3685070606957362e-16, 1.3685070310298643e-16, 1.3685070606957365e-16
0.9881828454056854, -2.3962345459848514e-05, -2.4702181085580604e-05, -2.4700762576803096e-05
0.7582243460498121, -2.3028031595419125e-05, -2.234521367686538e-05, -2.2344569030953682e-05
0.8703827853916263, -5.835682073569083e-06, -6.0462895936995474e-06, -6.0461975568807074e-06
0.644714467336152, -1.3227436078458505e-05, -1.263510378653994e-05, -1.263480466102643e-05
0.5388489043886379, -1.6888890655424868e-05, -1.6302510579866625e-05, -1.6301463083203913e-05
1.3314831467762407, -1.1086142161661737e-05, -1.0860916317545217e-05, -1.0860727211797906e-05
0.6324447295155042, -6.02122880800114e-06, -6.226755102522035e-06, -6.226690302509066e-06
0.9924074194251787, -1.6575581186669347e-05, -1.743178732623254e-05, -1.7430788432848347e-05
0.5899682583210247, -2.022140676115765e-05, -2.0146514391970886e-05, -2.0145266112467797e-05
0.7827503300261001, -3.826559083603129e-05, -3.6483306139130366e-05, -3.648178762636484e-05
1.064498035027046, -3.458395660233546e-06, -3.169988887470444e-06, -3.16994803713769e-06
0.7468119947940267, -1.810179545381839e-07, -1.6146754079360878e-07, -1.614650659106547e-07
1.100013750393432, 1.3685070606957362e-16, 1.3685070310298643e-16, 1.3685070606957365e-16
0.6823794782837138, -7.818300466043837e-06, -7.233874551768264e-06, -7.233350566050538e-06
1.1728821927806887, -1.2864498299597517e-05, -1.27508283810882e-05, -1.2750397158594591e-05
1.106773881525133, -1.4095985396040313e-05, -1.494946808894505e-05, -1.4948832621414338e-05
0.5428995362675448, -4.916066558406193e-06, -4.788380687641799e-06, -4.788325268808033e-06
1.3507979800968921, -1.4439132904863222e-05, -1.45158867823494e-05, -1.4515184693653476e-05
0.42637066253593836, -2.6012740439810015e-05, -2.6374004624926498e-05, -2.637250372828055e-05
0.9825497783444149, -1.302002536423685e-05, -1.2222968757224623e-05, -1.2222615980617476e-05
1.112229731972397, -1.7911250250687546e-06, -1.6837848346292042e-06, -1.6837611065246995e-06
0.47340343121367445, 1.3685070606957362e-16, 1.3685070310298643e-16, 1.3685070606957362e-16
0.9821133688454996, -8.974679647435915e-06, -8.814639156168242e-06, -8.814565930774514e-06
1.0380225851141207, -3.289595587187089e-05, -3.1701928936900573e-05, -3.1700534983451485e-05
0.5600668528590921, -3.7703486825114e-05, -3.624587379403071e-05, -3.624414409265501e-05
0.8383758590303106, -2.654361269245481e-06, -2.617295543015619e-06, -2.61709615753468e-06
0.4118059934485429, -3.649945821590243e-05, -3.7308369484621205e-05, -3.730660765081747e-05
0.6937890490778859, -8.679334563492437e-06, -8.51141200780403e-06, -8.511339207412295e-06
0.7028323972175986, -1.905452154460363e-05, -1.9054521544642496e-05, -1.905452154460363e-05
0.8357461629148348, -1.4574856424471594e-05, -1.4412691323294597e-05, -1.4411731273183187e-05
1.2129308286242804, -1.0994458931178408e-05, -1.1073411290885547e-05, -1.1073339592806042e-05
0.6262019174250014, -2.2520664184342936e-05, -2.3181965774885517e-05, -2.318093337974985e-05
0.5503486089320596, -8.111881008333505e-05, -8.063247314475665e-05, -8.063147330234277e-05
1.0799861783149993, -9.462289268338961e-06, -9.909331080057299e-06, -9.909193555256152e-06
1.1834484607632472, -5.030393687674635e-06, -4.767946262812049e-06, -4.7678910012646525e-06
0.9067486790738997, -5.646550336549201e-06, -5.607427609931683e-06, -5.607014037750358e-06
0.7349081525177168, -1.2227078072012178e-05, -1.2067585978906838e-05, -1.2067094725120946e-05
0.8843128422642254, -6.6119189758880955e-06, -6.837857165887774e-06, -6.837789396275132e-06
0.5615238438067027, 1.3685070606957362e-16, 1.3685070310298643e-16, 1.3685070606957365e-16
0.9190180904153082, -5.5094995819617675e-05, -5.640394555813443e-05, -5.640213105983898e-05
1.021706247999381, -2.5316005412133123e-05, -2.538728336783308e-05, -2.5386703871515212e-05
0.8568317919602191, -1.572826666409767e-05, -1.5985378452229347e-05, -1.5984960177360836e-05
0.6202071989183702, -1.2595038740936607e-05, -1.2499460577145104e-05, -1.2499394106214592e-05
0.7646094422793317, -1.8387613289306056e-06, -1.7385313933911213e-06, -1.738506971003185e-06
1.2861290603929028, -3.8584019105581736e-05, -3.805317899287594e-05, -3.8051462657793484e-05
0.6257921837347431, -7.937953554935858e-05, -7.920168206116992e-05, -7.920062873182026e-05
0.5570395503855721, -1.694899691390981e-05, -1.7116381766980526e-05, -1.7116354853966385e-05
0.9312689611666558, -1.2118675702318095e-05, -1.1888843757712582e-05, -1.188877464444612e-05
0.9484848988078303, -8.674504314071663e-07, -6.309320766582401e-07, -6.308892718678921e-07
0.48361633056384673, -3.7727952657217633e-06, -4.049928987574541e-06, -4.049879689167798e-06
1.0124953743598377, -2.365754329902351e-05, -2.3420388312604635e-05, -2.341903517793341e-05
0.6530450435194114, 1.3685070606957362e-16, 2.0527605465447966e-16, 1.3685070606957362e-16
0.35162656165993283, -1.4348054723052731e-05, -1.4559845283142137e-05, -1.455979219228018e-05
1.2759211858280965, -1.7506753501853955e-05, -1.628826683434491e-05, -1.6287406446054163e-05
0.7821777992351078, -4.620392018564886e-05, -4.6741562843622016e-05, -4.6739835775451824e-05
1.1552334505296131, -2.486615061451782e-06, -2.2831371576767893e-06, -2.283106093140267e-06
0.3569501589936526, -9.584424336867612e-06, -9.253525869978159e-06, -9.253452293211453e-06
1.0956698026461913, -6.219741446229892e-06, -5.991734801570541e-06, -5.99156832058412e-06
0.9302930884526294, -2.8466015668262315e-06, -2.9128407803764125e-06, -2.912796507897213e-06
2.0, -1.7106704064104186e-05, -1.6659158940133262e-05, -1.6658380254689365e-05
0.0, 1.3685070606957362e-16, 1.3685070310298643e-16, 1.3685070606957362e-16
