n: 10, k: 1000, t: 700
Entropy, Sampling, Jensen, Exact
0.3378680961130974, -0.0498764638849243, -0.049251352280344045, -0.048584392374857906
0.2972279882594034, -0.06586342143081128, -0.0675016106473403, -0.06333309659162044
0.40190102743348255, -0.00985030457287202, -0.010907501973381323, -0.010842003935787173
0.5246087083328754, -0.008332130063499789, -0.008449149031808031, -0.00835940492656892
0.31067823904684977, -0.00432797819943516, -0.004585585553885496, -0.004565263815249515
0.22310722110451012, -0.005546379049657844, -0.005510888022533712, -0.005507876356392272
0.2494940955821529, -0.009946938079898245, -0.012079929358454651, -0.01018215304599257
0.043746936128293494, -0.006691237381339306, -0.006733163221083597, -0.006683145072551457
0.23089687888555943, -0.004011585496424231, -0.004036288219196052, -0.004029167405639755
0.3266484841850598, -0.0003867978284324608, -0.00038759166632949794, -0.0003875040988123239
0.2228651118774986, -0.002398952078539878, -0.0023994305666350858, -0.002399187181139223
0.23126728563014157, -0.0031788803124218248, -0.0036056832180937195, -0.003571208803891127
0.3247152229713174, -0.020330544063588606, -0.022650456432475426, -0.0220355282723537
0.3708468542301594, -0.01804433342674747, -0.01806486748551131, -0.0178276797886994
0.08979105144728822, -0.0033729699953692033, -0.0034945584780115475, -0.0034776971531019106
0.3188318613827258, -0.004998100795142818, -0.005487452872586472, -0.005411717462810449
0.47998623630741244, -0.03094947791713639, -0.031872879486595444, -0.030458513468743512
0.1630067033282553, -1.0300997889484278, -1.600456518973779, -1.0423329336321656
0.2214463182897055, -0.20646494939178228, -0.2174774881907772, -0.20578773865197145
0.42832729384532975, -0.07333048674697057, -0.08466745650721988, -0.07451143192188144
0.13636573050933004, -0.006108289775904268, -0.005969926130002152, -0.005962421114482198
0.17934910800916104, -0.3083814587423112, -0.3501240597385003, -0.3139187311693926
0.205211375976734, -0.0031835975113790483, -0.0032020232838995593, -0.003200674724264932
0.29486142330612697, -0.006741085167042911, -0.007230089682279482, -0.006993663267846709
0.06128611188468723, -2.0050808041095736, -2.0429530781633365, -2.0022017156210756
0.4469855999133457, -0.004009000384918175, -0.004023970418221912, -0.004018768107830365
0.3007053328125956, -0.006148301966954023, -0.005942256236047865, -0.005931562560738638
0.19564402709699372, -0.0046907834104495125, -0.004713002183934185, -0.004712741811604398
0.04912528963975886, -1.0306104572685435, -1.0534772274814623, -1.0392187123820371
0.3655571987717888, -0.048689909172215266, -0.049720218971016514, -0.04889280029356029
0.19023051440034203, -0.000769782541829045, -0.0007902711119925833, -0.0007887296658814369
0.06788943799591404, -0.030911566885188223, -0.031473374535671235, -0.03132318717162237
0.21662186521605542, -0.08400952502572909, -0.08421238929530116, -0.08405756478730096
0.3834938700645316, -0.04308931501198094, -0.04470087018739852, -0.043827270763525786
0.5673727724356682, -0.010668441888410598, -0.018965355450805493, -0.011529568301137539
0.507066078860838, -0.11370442175783682, -0.13796081739330737, -0.11291941765576735
0.428323909742787, -0.023681175477802754, -0.024305178268354176, -0.02406485464801358
0.3660480336635651, -0.007141835541580804, -0.007461354292009319, -0.00737763853541589
0.352684062101759, -0.06333498110331129, -0.06842987267389984, -0.06340322480209959
0.29064184834603235, -0.032601667150855065, -0.03305010391443419, -0.032894916610832214
0.34575406736560005, -0.39574072982091457, -0.47895468690074566, -0.4024285604852987
0.2809608804232576, -0.0013106707010883839, -0.0013229727834764577, -0.0013088351827511208
0.3513843796519551, -0.1159503629685496, -0.2224851855117264, -0.1330805895463706
0.4580137175772744, -0.01939254059837549, -0.021608409913759313, -0.019957150358705784
0.39176856875649646, -0.050638420297502304, -0.09609024258016415, -0.04375330361251219
0.3724057558340063, -0.0064398940481478345, -0.006590940694960104, -0.006442632035324204
0.22246145987426527, -0.0493530123815799, -0.05181993630755733, -0.049658073657552496
0.16828315888512702, -0.21523027483560145, -0.2269932463546077, -0.21568666394498814
0.38496855184055784, -0.017030846710084008, -0.017346135406837982, -0.01693191955720336
0.32597230654415266, -0.06465563807287253, -0.07988032667400448, -0.06342197051272103
0.3913554341209126, -0.05827277290984057, -0.059220794319020005, -0.056097961769790705
0.362377731475369, -0.12781586786312982, -0.17501068106895065, -0.12008481858045773
0.6755264984751588, -0.19731024843984052, -0.2231437473082145, -0.196857634377081
0.5181446456787379, -0.008896848218340893, -0.008401007937115526, -0.008247207224297831
0.3476110997263704, -0.10584874139912427, -0.18360222717257046, -0.10803400700928856
0.6578046701795239, -0.08701255581621081, -0.12196065505328267, -0.08321287492258474
0.5532777415107454, -0.018344843025231965, -0.02177087617590992, -0.020953965625595747
0.43281595035799, -0.6365875200144947, -0.8412927748349881, -0.6471438442993758
0.4482944976413055, -0.0008330876228828795, -0.0008054320716334263, -0.0008037334160359384
0.3847439568665577, -0.07188198361359537, -0.08099990189203053, -0.07240392267230206
0.3672080356455568, -0.036167102162886294, -0.05491970962111098, -0.038818673979595666
0.5340214746079268, -0.022282933686394245, -0.02263422086924812, -0.021810205993998313
0.3203156870183817, -0.07531416781269945, -0.10867842159006345, -0.07657757438830151
0.2866511834544888, -0.004091464151046239, -0.003998228838353629, -0.003991657426054286
0.16566320486541591, -0.15569847881607712, -0.1726683774028675, -0.1573136742359407
0.8386560566469339, -0.011785857205293723, -0.012598739920500555, -0.01196956842399906
0.9068644666759734, -0.04914270568111533, -0.06676381907852047, -0.04635477801814457
0.8091985956849918, -0.04996384744928219, -0.053007019531160535, -0.05135040358267037
0.10557208833276374, -0.0016674851960269735, -0.0016827419017475056, -0.001682271707213505
0.5811583712223738, -0.04586860722670099, -0.08822877977738415, -0.049056282579579766
0.7970919675175625, -0.037278685033263176, -0.03963803373712613, -0.03676450196611627
0.6244450352307386, -0.009573109322045562, -0.00905672984328506, -0.00820513695965718
0.6392181208179539, -0.5597747126198374, -1.6184127268154975, -0.5407562938873284
0.5522365369255475, -0.06346493489068235, -0.07177865180058828, -0.06183563945343187
0.6231902150456532, -0.36848301709242515, -0.45660740110553527, -0.35162073068331073
0.6586509822190253, -0.022332923843874596, -0.022488844417458666, -0.021255264664136818
0.8794341813608577, -0.060863600020456946, -0.140944139683407, -0.05813570794504897
0.7120974585772194, -0.10232861666279132, -0.11393114043219564, -0.09937138527258675
0.40989749584173885, -0.04486334291609819, -0.10191440579728298, -0.04665884700183837
0.6556149144792667, -0.24119614796771202, -0.338532361168281, -0.2622410010384246
0.49811281880161473, -0.031596583582810124, -0.04839857012437637, -0.02746022101163043
0.8118163513568752, -0.02911951060825959, -0.031128554230491445, -0.028948269972143496
0.5559394063074532, -0.021498307828813266, -0.02211464470833686, -0.021606563327012936
0.6988981411406473, -0.0018913175068009877, -0.00199382366838131, -0.001986769423857176
0.5769553353232146, -0.01619072045251596, -0.016642777122589384, -0.01621377688231729
0.5619504088763057, -1.210556993356673, -2.4750350114830386, -1.187943892541228
0.5243516024992844, -0.018483286148722983, -0.020642128897638758, -0.018234269480032688
0.5558238215823096, -0.007770780320468465, -0.007951896098742051, -0.007553267053169293
0.6882579333426708, -0.015432022625522223, -0.02384715115808954, -0.016575546879693318
0.6241402304973798, -0.00904278362984769, -0.010499328009634441, -0.009896027414471431
0.8392140687541515, -0.05155446043499978, -0.07931620838343487, -0.0553032846231173
0.8602244929008307, -0.20860279469392845, -0.6069542677727245, -0.24013657090449722
0.6784384125336039, -0.5138976833486814, -0.818827916534875, -0.504460687826117
0.6357019314459579, -0.02154630536265904, -0.025471831183169504, -0.020325035888402135
0.7307663182079852, -0.018430136384457, -0.02143373700439328, -0.019575395217858053
0.7400697345500775, -0.6693270888747648, -1.0216436176976351, -0.6686728574742669
0.5977292747134395, -0.09876873267861083, -0.13079120214566203, -0.0992055274271633
0.9788095600102118, -0.04298426070252026, -0.055047480128485066, -0.04128091243754116
0.7280795740197258, -0.014414007852843497, -0.014320697308093343, -0.013540320368733766
0.7788583735780958, -0.01111715515126707, -0.013896895903486082, -0.01249628768859602
0.9228330961207968, -0.004630698219596525, -0.004946606137578463, -0.004882156266345617
0.7604574542961149, -0.041083983776159586, -0.0563024575511991, -0.038290458823500934
0.9705676048926829, -0.02497062281577382, -0.02988824443863655, -0.022744012207865066
0.7482220822319787, -0.0487059425861662, -0.07264276973143421, -0.04794969819553819
0.8821961123460789, -0.013979920247122208, -0.026729564029342578, -0.0139775962930243
0.7790033662377622, -0.022202048252958774, -0.026098500067434225, -0.020378213961113965
1.0638127301201976, -0.07309337063924613, -0.3919061234478739, -0.09761082147611294
0.687852258018825, -0.0053698594837624115, -0.006042572450996668, -0.005902759395173381
0.6978355795235064, -0.02510588103288319, -0.02894558961597177, -0.025874935632778616
0.817760730189622, -0.014675575810513692, -0.020585494747685073, -0.013795522720219024
0.9827581824628144, -0.05442489227204351, -0.09895144889126398, -0.05239549749907433
0.814027599102296, -0.024894504589174176, -0.03572939108986828, -0.023538555669865766
0.6692596924150906, -0.0022938855820138775, -0.002463104102967363, -0.002404879882063656
0.5529451838723667, -0.1661260473068105, -0.6746753068214282, -0.152360856274815
0.9223842739988509, -0.3939739963914035, -0.8417880928187419, -0.38195870043675473
0.8650946115550802, -0.03772314901185382, -0.05649841565502782, -0.03707944922495831
0.6995615910632456, -0.008393779984442518, -0.00889619966321791, -0.008643544012585045
0.8305994337339063, -0.0016715869805356812, -0.0030182672490754233, -0.0024024241785796617
0.623158987757669, -0.00726914708444383, -0.00916516881610571, -0.008174279337344837
0.8736743484362378, -0.05517335275151527, -0.0916103291894963, -0.05171934810566194
1.1639275652848222, -0.05474147672648542, -0.11839359030535147, -0.055984167400395315
0.7308999180755997, -0.02256613821120117, -0.02594720756533976, -0.02327905496130646
0.8705454715499401, -0.008956944768404355, -0.010269536434442575, -0.009685004098296483
0.6465733639764218, -0.2798728555039706, -1.0102103481649, -0.2490858015918563
0.9639759662570793, -0.052518327464815204, -0.11047127533084135, -0.0458883522460111
0.6898148525254542, -0.0073158118755673055, -0.006669432349269767, -0.006464154772704766
0.7942871247270948, -0.015987015646882353, -0.01782699600639436, -0.016588062152035492
0.7891857531139952, -0.04615317842987133, -0.05379366520010523, -0.04513272692126658
0.7435336434407824, -0.014519633577903732, -0.014867042237113732, -0.014519858719987304
0.933284614895087, -0.3134117754494946, -0.5976739850817886, -0.31147727501596784
0.9974234817499154, -0.14665031036932488, -0.21556575594749586, -0.1476048708950399
0.8985700451706208, -0.02538052521830832, -0.025880388874561053, -0.024343014017984346
0.9981579559520259, -0.07886431018343137, -0.1977786470785345, -0.08452986369324218
0.9664375315938812, -0.05921754812463041, -0.06656454857114764, -0.05749557130808878
1.0521978634849465, -0.011519013206096133, -0.01680255534795445, -0.014180062567965973
0.9196303173470236, -0.016733537663589232, -0.017838167550346232, -0.017308672970779926
0.7103021610578295, -0.2324611013911199, -0.34640646714450823, -0.23287240460378208
0.942089916187915, -0.1529388690230553, -0.2502563362353662, -0.1557508854872894
0.7764722127426923, -0.04255390724161407, -0.046841472631683034, -0.043491548235487155
1.1737608796065964, -0.23079719647039745, -0.36071268718753546, -0.23709255896141265
0.8268037290081587, -0.016741423632105578, -0.019770594278882423, -0.017404383737243786
0.756043387368077, -0.006612315019941889, -0.006375852515936493, -0.006187494754743276
0.9794210284061075, -0.2528638081319659, -0.5248671813807912, -0.25585430937164727
0.8888366867507443, -0.09741249834778136, -0.10767025475254671, -0.09143720498857463
0.6799691383831402, -0.033733777891349744, -0.040132151370695784, -0.0335387700486511
0.923928119684995, -0.02227354498335626, -0.02706882168758846, -0.022145565162994093
1.1027979942737638, -0.010177046007571331, -0.01271172590775636, -0.010906251431404685
1.1925742726770379, -0.017651788862807688, -0.036722373772164245, -0.021021147088164327
1.062922358225618, -0.07846741676874808, -0.11876043144844932, -0.07414082224674973
1.1620352023125273, -0.04822245482125436, -0.09107547905618882, -0.052299714848202214
0.4999630314448962, -0.0036695250643824693, -0.0037549381194996274, -0.0037488423549187693
0.63164294102431, -0.0494066454214917, -0.058187093420583647, -0.04776971341976547
1.1344635034340285, -0.07827619225710805, -0.11184525691733363, -0.07077544424992047
1.081719642532811, -0.018851465205952992, -0.024251747044269977, -0.018563859006017588
0.9746876084813397, -0.019896984835502726, -0.029871721036436746, -0.02267625194478284
0.8706447157130637, -0.06805988712553517, -0.09924973219064032, -0.056108033896864196
0.9803654653900761, -0.04056382346680039, -0.09240641931963638, -0.0417404156743319
0.7512777394760668, -0.04469597141729901, -0.09131190233972893, -0.049206279645078226
0.7441041517137694, -0.017882538798323366, -0.019892059235616585, -0.017969008807963153
0.943236940402287, -0.006125668833879899, -0.006835642303649502, -0.006606345175049344
0.9287518703450655, -0.10857993983337656, -0.28346983715946283, -0.11722534941163679
1.2901464904032023, -0.05313739221307333, -0.08630916437592978, -0.04750391988294263
0.8435898987950324, -0.043689709318004956, -0.10212220599113436, -0.038486470534063906
1.0242254106484194, -0.025366253382806462, -0.029418170152019883, -0.024683147615400698
1.0112566437515407, -0.1302959749121801, -0.2663062061327939, -0.12271820630363338
1.2358960801778396, -0.019283495484822197, -0.020162615733168656, -0.017503934432981885
1.1869954849034288, -0.020209304599113225, -0.025831547640701728, -0.019244556055927446
1.0349779312195537, -0.027834319203917404, -0.03452869043053645, -0.02762227464048995
0.9720776353876289, -0.005729506008276076, -0.006290520977790695, -0.005898793899962503
0.8491909496998327, -0.53563341837619, -1.2187322507165725, -0.5608097033817585
1.1532542610914067, -0.09849750974224299, -0.2570964185241101, -0.09797062939152831
1.0278595009496538, -0.0896122445454239, -0.12874912108168368, -0.08566634313295324
1.4438888726327963, -0.0453679775421333, -0.08378152495223036, -0.0455687587746348
1.1920757203682508, -0.11620028942350655, -0.35116074790519425, -0.1068655917603747
1.0152459986448072, -0.017112206928766683, -0.027900312323176087, -0.018585725428205416
0.9741516481865314, -0.09522268093531602, -0.17591087167390185, -0.10119563416276445
0.8254073014495477, -0.07875590170000214, -0.09443591332492708, -0.07940820076775074
0.7200446920118954, -0.05647246195891057, -0.0798462372073388, -0.05439910851760368
0.9731236861458529, -0.3374148989766254, -0.5151948172604721, -0.3329347317564002
1.20829031880401, -0.03025442492261209, -0.04315594655946563, -0.03375754854013094
0.9242142510239051, -0.1421627074805001, -0.2605258700030227, -0.14898471314755352
1.3374362866381362, -0.059669540239567144, -0.09073414676598865, -0.056816248303460125
1.0930080904054176, -0.0978270785327968, -0.15748460389824287, -0.08124666391891339
1.3212219901538558, -0.049689626755571224, -0.07627564615786929, -0.04644942874735219
1.1198352392342508, -0.0780417258027264, -0.234729626583507, -0.08549227791587619
1.3279518884972457, -0.14731209222544567, -0.7101647655832255, -0.1394054929595821
1.1574003141615876, -0.026584437205005088, -0.03487200361401997, -0.027581747496270105
1.113351506691902, -0.11831801863518195, -0.24199410478015118, -0.12010236949548297
0.6221295789483758, -0.005274895882233978, -0.005280193875095908, -0.005234443035518939
0.9366528368450586, -0.009420451604208211, -0.010155718989708963, -0.009276091736827474
0.9170973287973355, -0.015219334260858886, -0.017740730452548918, -0.016020486267298007
1.141117921262531, -0.03459589626049274, -0.04885285663437561, -0.02970549391978724
1.3062519961992165, -0.3004607297368984, -0.7299613473998932, -0.2669924793008388
1.1249922426628962, -0.010645977830630727, -0.013498631664516654, -0.011239784856015825
1.103778676024923, -0.012693892074894393, -0.024445074045866343, -0.015501079598059674
0.9893357112560647, -0.0409447975110088, -0.05598758565454897, -0.03778219952608823
1.0936972490721106, -0.036328721159065026, -0.06921193662518707, -0.035832390284747606
1.2349424193121403, -0.12183993697019468, -0.2361838720383984, -0.10042657983003121
0.9226013297337563, -0.03953833073216082, -0.04441827533305291, -0.036674578407958215
1.1879288250321673, -0.04415698047623664, -0.07665294994364819, -0.042235668550650154
1.1145240179759053, -0.010620766743144485, -0.012891847518269743, -0.011081720102554682
1.2517027461201935, -0.1442632921868826, -0.46079995043209904, -0.13590306012408537
1.1529836069781123, -0.13038567483807856, -0.19437689338841316, -0.12048269438587239
1.1752929500985805, -0.03687037247123226, -0.05689033470876963, -0.03239933495602285
1.1548754990294203, -0.07552113325247774, -0.12925771541417203, -0.07794747476941397
1.2198568280059636, -0.09541245319417795, -0.304402965853398, -0.09834840022094338
1.0924027059037444, -0.011228601721650194, -0.015092878426369052, -0.011804208162232217
1.2591830779880238, -0.02561071998937041, -0.03195800351058571, -0.02489541243089555
1.0551616149841319, -0.018086630782498097, -0.03926047151988638, -0.020540528507135468
1.3247404334132988, -0.023088896213201215, -0.03312669407265452, -0.023468258372145768
1.369332551136877, -0.042428400737237096, -0.10861794974735511, -0.0480832188348347
1.2414150027616677, -0.07090815378892876, -0.16015404837368805, -0.07096036037953768
1.3392059875161304, -0.0341180318147235, -0.05638414807860073, -0.03368677416937896
1.3686017958748842, -0.04447744107221661, -0.06429534097283705, -0.04159983939465426
1.2055089619856842, -0.037908447243040426, -0.05326497112799599, -0.03684262108515206
1.1630037454662305, -0.12449977253156067, -0.24246873258127255, -0.11107972375001628
1.320454030249084, -0.041822158069844594, -0.06049937760521203, -0.03674425907662825
0.9791088404714523, -0.09544558256256641, -0.13363468589492153, -0.09968391470438168
1.2651768169617332, -0.08204596972643048, -0.1722340215807382, -0.08433981441996122
1.1488467887622904, -0.039832236158836166, -0.04876139364343362, -0.037992461602802514
1.1018605865939564, -0.016148853730788688, -0.020007668334515463, -0.016470763277807773
1.0817959880091848, -0.05604189848958049, -0.11957785675787004, -0.06061928728735218
1.4027606780154183, -0.07658874212873343, -0.23513830876695124, -0.08821622431003212
1.3999298154398252, -0.03555191273565651, -0.07345990925722956, -0.03699506874226157
1.2402749751321667, -0.1524133734935458, -0.4626403787564894, -0.14977389080950065
1.1877580552073286, -0.056488102962146514, -0.15558279150672008, -0.06500042800533834
1.3682153756436817, -0.025906346690793725, -0.029344441100094935, -0.02348920040112339
1.2027845282789462, -0.2158186451831425, -0.3997332801036474, -0.21858580640660094
1.2806015721893005, -0.16726384722045623, -0.24689969393156302, -0.15866355602136392
1.4878623349222806, -0.12495841921165629, -0.25439160373633174, -0.11826454436114066
1.4285611366189854, -0.4834688268771024, -1.2782730727026834, -0.454581399571048
1.2833199537238467, -0.031697866068765505, -0.046901117386634314, -0.02491526264624168
1.3734802074592436, -0.04356608989655433, -0.04196517624235497, -0.03132934242026967
1.4005981665515788, -0.07685828402319567, -0.13358001138262804, -0.0678900784424369
1.006484052807932, -0.01053651572996023, -0.015770482622808453, -0.011869003877168497
1.458737741431445, -0.05789743641394307, -0.07461501564801327, -0.06164459888989757
1.072979209727944, -0.1938132452039863, -0.3241700129715149, -0.17881185547471803
1.1425132390230717, -0.04506469854200259, -0.06287272900102236, -0.04283823530361076
1.116056769396901, -0.15682158496280318, -0.540934388729917, -0.17444203053886032
1.322007026609216, -0.4105036980319819, -0.9903587112385509, -0.3555368903480587
1.176715264206337, -0.12530748237742229, -0.31662739784318455, -0.14830659341845748
1.2529265522514055, -0.03855555157527851, -0.06751274629853146, -0.045400322316179006
1.3049590537057807, -0.03658829003769279, -0.06842368573019234, -0.03343273624672233
1.1824983996550456, -0.00948028325525047, -0.014125210810009357, -0.011407966737790293
1.0808249117658193, -0.05798304406797979, -0.0803623801410128, -0.058568788797042415
1.438844683174615, -0.03564681930114419, -0.06525000399318401, -0.035235047993693175
1.161772433927334, -0.011941355545728585, -0.020085579655479475, -0.013389081911387702
1.4731308455049543, -0.05909123832517071, -0.08529498015833363, -0.054209287769895614
1.3765816468966778, -0.16525193152632345, -0.4691426666568584, -0.1559573233695268
1.1464950183077032, -0.04162873677324387, -0.06118251482921971, -0.0415741560425738
1.3577210826372976, -0.07036613514529745, -0.1003739299518381, -0.060060568741127585
1.1407395720387914, -0.26747181100037415, -0.5473943672273509, -0.256574037621666
1.6277799175693666, -0.04557426813250277, -0.1251509030122829, -0.06005820795904442
1.2362778209528555, -0.03163682293660167, -0.046797572079562554, -0.03145823197926591
1.2184187037118845, -0.014879449884756469, -0.022308093087254507, -0.015151830551557834
1.5051583841145608, -0.0609679999428954, -0.14005133025602276, -0.05582521610342578
1.4865122269098463, -0.096830746324762, -0.31675602981932105, -0.09702785698356708
1.3117177024771502, -0.02644019135959388, -0.036388393310869224, -0.026353403535942
1.1842189120798996, -0.11785017819820495, -0.220581914023573, -0.11121114443806548
1.3675730508801813, -0.034653529625749795, -0.1172516237212375, -0.03553870519981611
1.3541269920015808, -0.16097847516643016, -0.3236977447527021, -0.1645230950475612
1.490005996426253, -0.05014826675063523, -0.12030593966904522, -0.05245446857748192
1.4594735861846782, -0.04701223373853827, -0.10613812648631848, -0.05312964989304829
1.308128599028072, -0.13616563344304086, -0.4315128730254735, -0.14931935466603447
1.4304011183764789, -0.09365257117999136, -0.23728023298720174, -0.09199561940388666
1.1166357098345847, -0.12270126037999217, -0.24578035411169752, -0.11753486159247364
1.4829728420603119, -0.13003410989048644, -0.39829475460382235, -0.134535762231196
1.385940276688619, -0.13944749348438926, -0.24801750653863142, -0.11847787468445331
1.079399569605051, -0.005322048673682712, -0.007731518272385368, -0.005433527504933537
1.3862841732554405, -0.02170097982590596, -0.022570528152747977, -0.019619582826374077
1.4789831262054056, -0.03811668687983183, -0.04710129070925025, -0.03385763052306393
1.2582314276141282, -0.08403037891605344, -0.26891997052478905, -0.07665865577590941
1.1795406367685684, -0.044714658524615515, -0.07962659000491654, -0.050870806699256144
1.1881162640834617, -0.021941758158336596, -0.03514863331989769, -0.023090390667625745
1.171870234132858, -0.21598326998366973, -0.3770500848256435, -0.20840197547036676
1.2633908529666331, -0.014905433042531509, -0.04150526744210041, -0.018733176375359654
1.6193435814404542, -0.027737225704051526, -0.04032278962209675, -0.026329575144748086
1.3184426089817003, -0.08994409420495504, -0.2065375304462054, -0.10019931357036244
1.4814205696329565, -0.14275912824927944, -0.4330324710182804, -0.15361726540131132
1.489528592508029, -0.04664814283272789, -0.16790401580276046, -0.06126100326152609
1.2966117816607852, -0.05846810711985745, -0.08190001285023688, -0.06171036554626414
1.3342547756764944, -0.023555518475477575, -0.05483901930983901, -0.023149717688787895
1.3426141137175382, -0.04377555702629615, -0.10162220810410702, -0.057023970846629184
1.3445139157970114, -0.012466447949511341, -0.01914634213021139, -0.014504342566138322
1.3424076444529245, -0.06572026170350728, -0.14349565591012606, -0.06526015098649136
1.3963519413095373, -0.07253237727237866, -0.11785659862184353, -0.06231681740028536
1.1256758447455206, -0.020684683451385324, -0.05129756036123879, -0.02523599719243094
1.4944479313061065, -0.16902052026382444, -0.34377581335581664, -0.160504323327705
1.4227719358436421, -0.05876215057050285, -0.10289671734653881, -0.055168896762926585
1.4784050368882855, -0.06845880293886876, -0.19181600733651785, -0.06933814347453814
1.258932574461402, -0.07797544611673765, -0.2708592740264652, -0.07590140588168585
1.4113632979158384, -0.08266320124801133, -0.23240395870712363, -0.07685553896579442
1.3940029714429525, -0.017230874878012392, -0.04393619603724189, -0.01998616861033369
1.3211112060879464, -0.03231271440096316, -0.036859654415619364, -0.02865643376449028
1.1895472702386076, -0.020320444422555737, -0.02411526568443819, -0.02073293694012656
1.2681832907438737, -0.0664180748417566, -0.12071455677335007, -0.05730026403032617
1.6269258118432197, -0.07302373694752896, -0.1680487229195938, -0.06939475196669666
1.3348135661711114, -0.05577409623595304, -0.1077295216647364, -0.058430070994581744
1.3669923573233507, -0.3638413467135397, -1.1102015730542467, -0.37163212334677087
1.458727631630832, -0.04550826545758173, -0.09783261829432956, -0.0534241425964972
1.443414705959915, -0.10593324871815275, -0.32118265254745937, -0.11068131614245642
1.4946549509462814, -0.1278820931703376, -0.2931835950920194, -0.1273765240396503
1.6180408058047202, -0.05403120951794699, -0.13796620456597386, -0.05400981100836548
1.4392664213679265, -0.11618393309086969, -0.28735291889597325, -0.11384392486856765
1.3539882140659802, -0.05356979151468113, -0.09985481557185782, -0.047492676486389475
1.5510427061766483, -0.0749342803810141, -0.16958669615543973, -0.07272932312534769
1.3287142682301845, -0.09213112609160452, -0.22515283662840427, -0.08154358829863347
1.3711147084326467, -0.09892317780226585, -0.20938617746075316, -0.10538797344558608
1.2847125014475658, -0.03400537317669659, -0.06400701858719408, -0.03964334213076423
1.3194976266796847, -0.04588689257581427, -0.09430755863349014, -0.04809523290756039
1.5888136379048226, -0.06440917320366497, -0.12146263955545569, -0.052527527349655156
0.8998667049293892, -0.5903826043482004, -0.9807421278674032, -0.6234556772862009
1.4119659824884585, -0.11421291184976144, -0.21393361670667396, -0.09455408507303616
1.3015554727451228, -0.11042699683272804, -0.2487925487267303, -0.12133789948992266
1.3124160873048643, -0.26872491942431953, -0.5979999855798461, -0.27281444957199474
1.458188155632436, -0.0512605060300848, -0.08665990620182498, -0.04624054925596168
1.4688050738878053, -0.06659538477220121, -0.1204878329016477, -0.05691946452705123
1.4198625586030371, -0.10345932588414143, -0.24121699678528766, -0.09810722336282528
1.5391094693141785, -0.1259978792371694, -0.32705803052148247, -0.12816900526666133
1.4859469013023836, -0.02690040818841226, -0.04804925933690148, -0.02852512650101114
1.5918352544061203, -0.03308523445096944, -0.042880450648631586, -0.02945102892800632
1.4194831685420737, -0.06712960960394412, -0.11935525872261574, -0.060010355543904485
1.531226176419627, -0.03435514375302955, -0.04862391332750264, -0.03384976368036167
1.6304385565163078, -0.08124647931578875, -0.2328941583987662, -0.08642326796980289
1.5369737183078296, -0.02367160041906754, -0.05126640129037744, -0.025260661646342896
1.0530415652743679, -0.03987914381104929, -0.10092917895857148, -0.05050560266539171
1.5758993925643738, -0.04134971918860173, -0.0731493458572559, -0.039467297353539404
1.4681740818228113, -0.02654229721468073, -0.06431129344226046, -0.030115847115751875
1.6120665323623355, -0.0121592030449101, -0.01335897368992891, -0.0108315081395219
1.4154644150241276, -0.05200305721037148, -0.06985400372823261, -0.04690794184687969
1.6579540861114388, -0.043947591573414685, -0.08700601001992442, -0.04095208540962001
1.5258559042308346, -0.14349465886857798, -0.39538642216573094, -0.1312046511025221
1.5688156587297726, -0.033618064624955875, -0.04741197907080176, -0.032994381902543085
1.3971947659911703, -0.23019135047690725, -0.6757550254344722, -0.258454744900469
1.555998158922616, -0.05017536102326631, -0.11699426819525469, -0.04168844305444767
1.410565475536537, -0.03331129589374177, -0.05993742454983481, -0.036344889645068906
1.5640992895238781, -0.07992539179405685, -0.20271666330523072, -0.07129874934056066
1.4636423091062345, -0.0865183293396949, -0.2518983991599233, -0.08137265674435562
1.4625395082301216, -0.04017309008802476, -0.08079523880195393, -0.03975721442496804
1.611890046772055, -0.05106503947974488, -0.12127652209793638, -0.05504393875987126
1.2028570028753731, -0.017339406604492978, -0.02974331453427676, -0.015858323120823106
1.3808789127334853, -0.07434849875295185, -0.1931199948533159, -0.08295143384808781
1.3257641023510383, -0.22268893819011282, -0.5426932393174738, -0.23155757147315
1.5765763868712404, -0.1826906003676777, -0.8942457353903442, -0.19416207588348888
1.593628536452392, -0.06499731231313308, -0.18818840945331455, -0.06941488163392723
1.5953389596891618, -0.04703024423910029, -0.09988133763741117, -0.04453097960742406
1.5630529266133413, -0.16171392963246034, -0.4126591059002802, -0.15569601771241182
1.4674750524000848, -0.07184430648828857, -0.1219346560876997, -0.07013558960599056
1.555784122849227, -0.030904662774773883, -0.053242405012425505, -0.031284191750451724
1.6879298425332958, -0.041792519127942795, -0.06899654537521611, -0.036753411468222044
1.6040557108876956, -0.03183760472368886, -0.06038834907288349, -0.0345407026035762
1.5324876581937308, -0.15759555149826338, -0.5739168939923679, -0.15685588554161745
1.5471836028613324, -0.05924279335388019, -0.17563833971566747, -0.058423445156052335
1.5462560662674687, -0.05943323235688149, -0.10383684627741378, -0.049146614837988774
1.451546320667163, -0.24614283343264834, -0.7361203889816056, -0.2529322171574754
1.4602692221161722, -0.019526091544110388, -0.027519245900898145, -0.02099797426620058
1.5529757974991831, -0.04953743201787438, -0.08485987801607646, -0.04472841365776759
1.6321563825166705, -0.14508805197224137, -0.30048609016862504, -0.12623635815157863
1.7019100937968894, -0.08168379433112932, -0.20108012615922954, -0.08435866639908099
1.720928511115027, -0.09766846577490287, -0.2802805126983665, -0.09520473829171892
1.7431583127135586, -0.04479731798979265, -0.1261709209349435, -0.05016463972939728
1.6330759370199186, -0.05128380007431042, -0.11354555310936076, -0.05829707441554994
1.522262215279174, -0.019926001504700253, -0.031710338244872675, -0.01781349023024737
1.5109680735719988, -0.08433456397942792, -0.20962282176517846, -0.09547506266769094
1.6943944111560794, -0.03875923386005343, -0.08151278397045937, -0.04166916314149376
1.7517550392770702, -0.06896714569297183, -0.17958513175751867, -0.07510342379415287
1.2372957816236092, -0.04532612199796131, -0.11067234981152892, -0.0544416501525799
1.5618471593948122, -0.06697343820883543, -0.12759848859206538, -0.062037725749581676
1.5968055427981356, -0.09019721346901496, -0.18713034496552985, -0.07612282870490956
1.55358908793622, -0.03274642689604298, -0.06904245211494214, -0.0324250302446943
1.6838644551614945, -0.053351662563987705, -0.10666009510464738, -0.05004239453716237
1.6022274361275624, -0.04406587450375446, -0.07209270055307754, -0.041598468781201964
1.5315984221008156, -0.020941647174404353, -0.024913020488175758, -0.018356640391953262
1.5838675870273446, -0.0374240376564012, -0.07170708149225714, -0.03964872955283487
1.6344405810997351, -0.030229330237380055, -0.05156360975139619, -0.029366492806603774
1.3997853494482357, -0.12996774578302212, -0.2970680041522565, -0.1522439584165232
1.6289725416754788, -0.06737651848352107, -0.2476435224067404, -0.06286380177822447
1.7010701803755197, -0.04809213440092572, -0.0868632729142129, -0.04610138119145074
1.3292226280076727, -0.11879631778667317, -0.3134715159664716, -0.13269047945531587
1.2830581184885081, -0.04744646199768613, -0.075552802927139, -0.04619160117234518
1.5910118614109932, -0.17614417322419468, -0.5489522165679607, -0.16708693146726444
1.6224113497698647, -0.10055528255036188, -0.20918922859849268, -0.09663642345146894
1.5415996798904588, -0.08650451526518009, -0.19261621273538407, -0.07997512200887301
1.54084439190486, -0.15583614499564283, -0.40496678798202695, -0.14343416652129187
1.6348956292086725, -0.1463147308097541, -0.2671692877685766, -0.10926415913874293
1.6913307518512724, -0.052571033393312976, -0.11194931869170886, -0.048969247091620705
1.7097122010708463, -0.042502356195735044, -0.0800321946992974, -0.035079284898675976
1.6066000193960683, -0.05230318985733175, -0.14511948261460683, -0.05397756579563366
1.4654988011182535, -0.018683643702664995, -0.02279060050611181, -0.01850114556179659
1.7075711916829328, -0.02782395609338345, -0.07538554640996321, -0.03495018625796365
1.5838307815352761, -0.08174399753619946, -0.1677813866594113, -0.07876639627811408
1.7376641615180606, -0.12090284792250895, -0.36630959300276605, -0.12250690026786137
1.5586454650305657, -0.07177035365441406, -0.1693288064659151, -0.0717372501848727
1.6849071982355013, -0.05124109204081105, -0.09653793778293923, -0.04004483165268108
1.6282871091883084, -0.06514466282306239, -0.11747118677518927, -0.05837927061868183
1.5722306623728888, -0.11838455066233292, -0.3323488647437926, -0.10967403246163163
1.640005643549258, -0.039671612905596704, -0.09128369970302595, -0.042694274235412964
1.7600301161462184, -0.11462806196123347, -0.3304188030334113, -0.11006828753937421
1.6098227095704432, -0.07007866214147725, -0.15133073321225596, -0.07445721463323461
1.4633623681995647, -0.08336377871598233, -0.3104002918530103, -0.07689156623790867
1.6528068660645203, -0.04563900126820225, -0.11259324938736144, -0.04794837610894177
1.6750429016745803, -0.05069717120767018, -0.10974348372120384, -0.054122098076306586
1.6178532747955736, -0.059791331687010826, -0.14639429992214795, -0.05930356255153493
1.7175110642294182, -0.13844898517609908, -0.3755517487445612, -0.12204259102635073
1.5104353741465293, -0.08327398838730733, -0.31867037124531344, -0.10643502424643438
1.7382436741388272, -0.04086337275011465, -0.11349042938281872, -0.04294769841715032
1.7334653619622706, -0.057909739010843626, -0.13034807109637836, -0.056729645775396326
1.6739632917960576, -0.03508491417758705, -0.06822135300525504, -0.033460661424327215
1.639064888493325, -0.06016168698579713, -0.11204916899218034, -0.06106261786840505
1.5285760755097557, -0.028183589073814796, -0.040397552926839345, -0.028102737022326473
1.59739025450699, -0.029076325299283782, -0.05893195684615597, -0.03378664044886605
1.4363971527861517, -0.12168728074927276, -0.32095366441772893, -0.13610105184559004
1.58098616293804, -0.1863115234154684, -0.547927063732166, -0.17498686359598517
1.7020748100654166, -0.09802860149637127, -0.3476402820627809, -0.1028300137483941
1.6117722092304194, -0.10301382282541817, -0.3000643326808673, -0.1038254948948939
1.5160806643876341, -0.17798612778389725, -0.4273506562812719, -0.1701895743128357
1.5484598292804292, -0.07385026080993702, -0.21849968567032452, -0.09313468066846782
1.7549379964596086, -0.04481759768409938, -0.11495267952491353, -0.044965419606558955
1.513636558165073, -0.0317410269999782, -0.06173563498886593, -0.03187513955612231
1.6397617614399487, -0.04698172571259784, -0.0833973836521575, -0.04544906535920528
1.6698280083102737, -0.05871997615311375, -0.1788791527167026, -0.06574935027296075
1.5069236823538648, -0.17736597466356396, -0.5081488154303282, -0.1753946460655528
1.5394368791013893, -0.030660285266198115, -0.06168444362767283, -0.031885368633601856
1.638166010272767, -0.021411437302926058, -0.039445098505301764, -0.02513651100911649
1.6183274104252885, -0.02894617802349967, -0.041642558179418095, -0.027277417811419954
1.7845269962118757, -0.051183952227951524, -0.11440816771838, -0.04809557403347393
1.5685832852690818, -0.0780882651678985, -0.19011037418561336, -0.08751769994807898
1.5985074560595778, -0.023276453707258032, -0.06153868498916552, -0.02649923400025693
1.5205546443088307, -0.035247008076072235, -0.051197703385442044, -0.03446321184807261
1.6875813465442058, -0.02846402711426708, -0.05133646575500416, -0.02800703019226135
1.7030775233264013, -0.07961109106740696, -0.20488090197113984, -0.08984647006864324
1.748863021616089, -0.15682902000493049, -0.4648654981869722, -0.15666147455629303
1.7385675326915682, -0.11529599396269259, -0.27037303286448894, -0.11482012541924774
1.760423675174096, -0.10688670198124964, -0.33933553329623367, -0.11048534768898487
1.6186784683543602, -0.051786487843604845, -0.13457404400591272, -0.053797268838105594
1.719691816672856, -0.03103401730145924, -0.061553959938648636, -0.03471504851054473
1.6468818278830195, -0.049839090225712424, -0.12997601514250376, -0.04493317509250481
1.7230192802541755, -0.02318154449762369, -0.038212953992621534, -0.025137495137601627
1.6353256687583795, -0.035365415051897796, -0.09155639918790792, -0.03657993243669976
1.6329321229504636, -0.029860634490018127, -0.05219659378720391, -0.03458451505363625
1.6650968707242473, -0.04714850046714127, -0.10274728902888888, -0.05001520339330575
1.7096722684789705, -0.0761618025382777, -0.19059006403321996, -0.07892396569223788
1.6609056125197792, -0.13662811520115065, -0.3939260370895892, -0.13472418885665183
1.6022591961840953, -0.03972280135960863, -0.08996393160179648, -0.04415887770175476
1.7022181785200428, -0.04087834508013475, -0.08656158503656032, -0.04250565801492996
1.592493909939672, -0.10610461421684886, -0.2768261157168381, -0.11263266999243832
1.632916960512599, -0.030640552846511127, -0.06900095202146957, -0.03422902739319123
1.7985267234207203, -0.06822701320503984, -0.19713913894459378, -0.06579834260175055
1.5964764398032165, -0.10592782550404808, -0.295835153884793, -0.12078507938366385
1.7359503063224377, -0.13259901476350933, -0.3982570248337696, -0.14253753866865396
1.6062487059601271, -0.10635636039834208, -0.3633684228696035, -0.09487273108828083
1.7797238987017292, -0.08687235291627257, -0.21863893962587627, -0.0809471706754917
1.5048291462935572, -0.07018474213259648, -0.2214665198284926, -0.07206079057537547
1.7447419477729675, -0.06342052668114047, -0.1434026665915926, -0.06456678871153734
1.7300536869865923, -0.09292987752596309, -0.33873619010314826, -0.10718020727592287
1.816254527782884, -0.079650400475075, -0.18789257415594626, -0.07669128829296724
1.4967177745280464, -0.04487438210101391, -0.11568260431842142, -0.044697255284374945
1.775690507433551, -0.08438970201287156, -0.26601438607658645, -0.08985688824612204
1.7117589590547013, -0.07251052781164254, -0.2812810866230338, -0.0821827462452261
1.6218815254056231, -0.10821168849004244, -0.2602852203257323, -0.11166306059828536
1.6142104378113984, -0.1423356070466689, -0.45677942370517427, -0.1373327777170294
1.737211480141934, -0.13277502785284742, -0.3811161033516687, -0.13669201356119734
1.5706338745446975, -0.049397447110764915, -0.08117324996181349, -0.04879738136140373
1.6019000395255651, -0.034868131388800974, -0.11025028271662844, -0.04244056096027626
1.6367643134344445, -0.035027685649911294, -0.06740083739711297, -0.03667813907716969
1.688235298392081, -0.0681388262075052, -0.15089488555155314, -0.06256425016684626
1.7836496101734869, -0.0512149164289076, -0.13480296560003488, -0.050427029773374384
1.5960917953833749, -0.0678510361803037, -0.2152084280110294, -0.06476342093488678
1.8222676209024562, -0.0642938871567767, -0.18084800928791087, -0.06432025236331103
1.693276383990921, -0.13440033232281712, -0.536482265576212, -0.13722194422131842
1.8275906087454719, -0.07879861266371882, -0.24687657232855106, -0.08578372103474274
1.6716590768146773, -0.14676920583017636, -0.3334210896601533, -0.13355265978397696
1.7529926348516063, -0.06748304610318155, -0.2016474817281909, -0.07533790468493853
1.748649162818093, -0.12628534344182116, -0.3181314164625601, -0.13140465310573934
1.7437966609097508, -0.13183366112612202, -0.35983316479026106, -0.12293049265406858
1.6950407931312204, -0.03946073450556287, -0.09227233392169433, -0.041777686184246675
1.593596763098936, -0.0931759372220513, -0.17190542719941193, -0.08597747739473517
1.6179980942543963, -0.10163987330609234, -0.26891075395797076, -0.10057373806319819
1.7548016234258523, -0.06492846908063075, -0.1296813167525069, -0.056804749942398716
1.7273311362659591, -0.03337949868995929, -0.08511496973647391, -0.04127554776965198
1.807137403055077, -0.05989632648054249, -0.19574188102170467, -0.06077987445402231
1.5791824736560676, -0.044490288903591135, -0.08014669629524146, -0.04674882006832269
1.6677040868120128, -0.08166387371550081, -0.229602594345261, -0.09157847381743459
1.7560899520950735, -0.06353083488416815, -0.1821336213169259, -0.07205017888899123
1.6283653802655835, -0.059290439182106636, -0.13000349892507912, -0.06483395956494803
1.5854506886244129, -0.10409545582887768, -0.2523407113347949, -0.10694858825665828
1.7998689468121831, -0.04383792293157785, -0.10480358006271576, -0.04819601852235471
1.5748727473737907, -0.10446185944808713, -0.23252326566169143, -0.0993422476809497
1.546865026059486, -0.043363735089729745, -0.08904490135715624, -0.04505214553949477
1.6840218288881321, -0.0422329648301602, -0.07768599158327313, -0.04359381072088196
1.4336250890703475, -0.03110135433171672, -0.07304039878098897, -0.03735622329072213
1.583608985546255, -0.05879040229500788, -0.11577245324681586, -0.050647276080815706
1.6302548040512277, -0.03048184868533099, -0.05927914675879048, -0.03315230957352583
1.7340096980720276, -0.06618303108970576, -0.20047094371170218, -0.06860266657380232
1.6922902334386412, -0.029431079849746303, -0.072280575254244, -0.03523873185845486
1.6324787370881484, -0.054024521092056604, -0.11721247966285471, -0.050490926726061515
1.792210339958992, -0.07494516037580615, -0.22819952782177416, -0.07260193596064032
1.7491718099565592, -0.08233037363614676, -0.283953012546122, -0.09437707618361678
1.7550178109194132, -0.060564384315955976, -0.16958028018132826, -0.07001429842902793
1.8205521325894682, -0.1145631592853606, -0.2729537770035498, -0.11236562130644917
1.7619115345798981, -0.11038901126204655, -0.2713106035061511, -0.10974553816949936
1.7695071646459106, -0.06687331687110781, -0.1492020682645936, -0.06883783601622466
1.8224921491450068, -0.10615225092105539, -0.2468648828922963, -0.086027866022714
1.7116195125810119, -0.13698774304409017, -0.3195794527808911, -0.1293192147869971
1.7374590574395747, -0.09260099135656492, -0.2616876097791744, -0.09661666284589146
1.7139780891804723, -0.05553734532643648, -0.10379971568134745, -0.044489605886050936
1.6267380980453034, -0.030931372483399174, -0.04360865061030173, -0.026034806573130346
1.7100747594128856, -0.09300787742344255, -0.2570893056033674, -0.09714396928443132
1.766830209072022, -0.06807339605710148, -0.20347606061350326, -0.06663192315644757
1.5627488001536405, -0.09341604606952751, -0.23840850875248396, -0.10516523222670704
1.7516384352323295, -0.08743444771350187, -0.1540112463941633, -0.07228457612264268
1.760824873257047, -0.1505356347285706, -0.43170959831712785, -0.14939973735216008
1.6975665395986534, -0.07287699033092576, -0.1957959154333279, -0.08524205848919061
1.7761160293968814, -0.10263696940980663, -0.3263370898598458, -0.10087409548160767
1.4940874970756233, -0.1287417773515408, -0.2904191618688284, -0.12020038420093261
1.687880264107383, -0.03702584689110517, -0.07186901612393064, -0.03444827132052163
1.7566139955427804, -0.08168666850097907, -0.26543417849660417, -0.08421637722215791
1.7226693133539381, -0.02813668094286186, -0.05026621004205122, -0.028368944592343872
1.8154725234231495, -0.057579102362677076, -0.17136312931454323, -0.0634289313651946
1.7633731333766036, -0.08990427684023598, -0.34190394170365634, -0.12006980017197158
1.7611238207907127, -0.1490155889494563, -0.4373736217419248, -0.13652171298590438
1.5962325655211131, -0.07625677202676888, -0.1788128000894984, -0.07370665429885939
1.6759553763356387, -0.06252456973770314, -0.13644471304312875, -0.06338455650100468
1.6706329645215672, -0.0971450572148915, -0.19644023151884035, -0.09017632041028846
1.7699587520984692, -0.0486469805152592, -0.10425172471653152, -0.04889516090329298
1.6839114082460427, -0.05092055766250451, -0.12278505285316225, -0.04473461881119985
1.72651954271261, -0.05763513339167912, -0.14362348875468853, -0.06057809629201977
1.6463011922153217, -0.27718962912540157, -1.0127648257623594, -0.29043980368991207
1.633468639465108, -0.13708556634327396, -0.34321314199733344, -0.13684081619211216
1.77790826769801, -0.10035383897649444, -0.31478671783457246, -0.11599991846210472
1.7443501104719652, -0.04579891439123821, -0.0931233513849007, -0.04569790259991355
1.6558182776715753, -0.06235802647151286, -0.12195625456950175, -0.057324605318545184
1.7145065920252158, -0.0887091340804036, -0.27375674954006823, -0.10442730310959644
1.632598700039949, -0.06141769468650455, -0.13491752839347781, -0.06361220623198365
1.8255879088941824, -0.06973100288731439, -0.19449283937023998, -0.06665182159825235
1.6721799609258075, -0.033668051037984696, -0.06051811155299094, -0.029765394105223383
1.73558711681506, -0.11090021526595774, -0.3823354426637897, -0.11929703285669309
1.809797827788827, -0.0425918037509291, -0.10262987072061856, -0.044177043667754524
1.678580585783592, -0.07583178285638133, -0.17825780680799025, -0.07297112396972644
1.787291716591795, -0.06315119444787706, -0.15461203657726322, -0.06375035371157986
1.672793432397168, -0.11357870270087733, -0.33136625547460985, -0.10059803227093048
1.6297846237508182, -0.030062668192515043, -0.042042746997729, -0.025639532039338695
1.8899883868934304, -0.08798353635369859, -0.3038672536039235, -0.09332346622146855
1.910395273404498, -0.06784829582206657, -0.15523232738485265, -0.06829083383280365
1.8047970358687884, -0.05188518940806898, -0.1473642694523595, -0.05065558129474552
1.7083931636233012, -0.04453263559302286, -0.10134838832465863, -0.04829575096116753
1.7497832095377202, -0.1294334523826583, -0.3528373887467688, -0.123212474375913
1.726969485079378, -0.02305959347041425, -0.05391162394635141, -0.025096905258690724
1.7511729654616885, -0.0759246683003912, -0.204914757535335, -0.08058318718200795
1.6160684722373972, -0.11334084889820042, -0.3152328814838814, -0.11134162153592242
1.771386933026336, -0.12077780421575153, -0.24843414998419522, -0.10165178191113942
1.8064328629963289, -0.047358930368765866, -0.08908265506022929, -0.04143429283844904
1.8207014010744331, -0.08455647564189712, -0.18679284228645654, -0.07695376010325172
1.828167546875859, -0.07274649032865818, -0.1928938120559231, -0.06687108381755975
1.7874886923306694, -0.030116211061293145, -0.06052412594055681, -0.034650077625834705
1.699661194988375, -0.0406233364610125, -0.08360245743922233, -0.03928851762151296
1.794386086864953, -0.07321887656406034, -0.22946610948011684, -0.08233444391089151
1.847477860259929, -0.06486417236455963, -0.16550819789226245, -0.06378584007602206
1.8669838420782827, -0.07970184829157007, -0.2236863664253912, -0.08467158873948158
1.7222686835799563, -0.1319045885442756, -0.35244638691502145, -0.1232281205367641
1.6642963024302735, -0.07649848640609708, -0.17074942570962948, -0.0749578192798372
1.7949539086958448, -0.07414446986711846, -0.18327855044621874, -0.06935234639594015
1.7451250303207153, -0.043052680071341456, -0.10921772607885938, -0.04612169893615441
1.7489728880953783, -0.08805345891983234, -0.27693499547065964, -0.08475966193164873
1.7533075238753315, -0.03148361805234162, -0.06248229505220081, -0.02993236404833328
1.8408483698625187, -0.0982402241227428, -0.2641908060844928, -0.10107062552197439
1.7468476230230148, -0.04752954561553634, -0.08375996396371739, -0.04345865505309025
1.8066705149048279, -0.06357149636035683, -0.1370647143083359, -0.056099083457385554
1.8768494387751857, -0.04862976265970792, -0.12462782170835153, -0.04747638705130535
1.745933241413774, -0.06728747076786021, -0.13676955428631493, -0.05942803586858181
1.5799241188071957, -0.11934989277921704, -0.37355208784693583, -0.12235599725307435
1.7649464546588736, -0.15765899595046357, -0.541711006809082, -0.15380176699509507
1.8307784819182236, -0.09330213106604242, -0.22558995162535778, -0.0927554948089392
1.7349890166289064, -0.06245443610428811, -0.17895951911187835, -0.0684039783521351
1.7854002519266186, -0.09463224577576329, -0.24409382905009733, -0.09084261819619699
1.8306551120546666, -0.10131841787873418, -0.4051332186015327, -0.10318610081310384
1.7698911067734961, -0.15404396994244599, -0.5052095113425651, -0.17218200387658145
1.801113923024571, -0.07496789315717979, -0.16489546706602742, -0.07188786869345387
1.7809436679566215, -0.08586546815040311, -0.2227003281962868, -0.07746300744306416
1.828229633988776, -0.09073098690608276, -0.3405231123398365, -0.10577623559439996
1.5984894914990584, -0.03413442474842304, -0.07764584159580741, -0.039150043291295435
1.7876384789862025, -0.08315926545582261, -0.19749080529097413, -0.07587623609824642
1.8519954302388464, -0.0741972289917976, -0.1791046752588374, -0.0760263033539677
1.8085511774354672, -0.09585045204535708, -0.25227701787595674, -0.10036835783471307
1.8172775463348692, -0.13917568418077644, -0.3153709848953592, -0.11836346251056434
1.827218995501213, -0.11116556661440335, -0.3534603289967707, -0.1103629970585146
1.8889172203548585, -0.04324820331067531, -0.11979672110280036, -0.05250927218206545
1.8486402910331776, -0.054454952134963604, -0.19269147694898556, -0.06584349861345222
1.8490788415285209, -0.054845009113711055, -0.1741690664613121, -0.0650573413113324
1.7647186769416716, -0.06383825901282399, -0.15499654808278115, -0.06871856892181571
1.7529938147376356, -0.06533889346697469, -0.20056660215932276, -0.07247349937909212
1.8068696644681435, -0.061222533468531765, -0.16648548306304276, -0.0643558146226163
1.7400663502362792, -0.03623842966888331, -0.13984538785016773, -0.04131571703900723
1.7692746865285494, -0.13079251913629558, -0.3919229779762048, -0.12036119072768635
1.8062417906525117, -0.07201350638837176, -0.1988833542835858, -0.06640602720288624
1.835502892847136, -0.0654755167414205, -0.1727245651230563, -0.06575996994624801
1.7969260406224543, -0.03542106120349308, -0.07308733377249033, -0.03569530662552163
1.810553125074179, -0.041051351760950636, -0.07384566702102001, -0.0393422332642884
1.73661285006724, -0.07453310316039279, -0.2628760307824843, -0.07627633030015873
1.7576953765358632, -0.13080665261570903, -0.3378786325791177, -0.1193057677200539
1.8219896640211044, -0.07170158921890833, -0.20558645119254154, -0.07809518241416141
1.7290465361980751, -0.06572096825596237, -0.18979446913239953, -0.0753959550102291
1.8200608585580198, -0.04925387654703627, -0.1443278880287025, -0.05891511548929659
1.7810975081001328, -0.0432639570165029, -0.10572902464933163, -0.04783507441877463
1.8657561498609965, -0.03284908237262062, -0.08485137163784273, -0.03621343751919222
1.8492353310581682, -0.05390659465660792, -0.11981235367965706, -0.05273202468877797
1.6214856179356683, -0.016256051241573005, -0.024290570275105318, -0.016464432373558432
1.8271157916693597, -0.08175299134254602, -0.2103723896525743, -0.08047880817683226
1.6690819514994732, -0.0616274449288976, -0.22536141508663696, -0.06164986703955041
1.8707397765537188, -0.039640153701111555, -0.07238860151537864, -0.039267985638652234
1.7879854409963212, -0.08409928010384465, -0.26013968798709564, -0.08429801905690593
1.864221640945948, -0.03700474927518553, -0.10481536765155423, -0.04275718483126208
1.8046050574206807, -0.034694323366693425, -0.08079163908103397, -0.03844137188121193
1.81128091275476, -0.08175073941252776, -0.19412967707847106, -0.08347941438956945
1.7948812108649133, -0.10620659257322768, -0.29386973630064145, -0.10830353650096931
1.7994039968124569, -0.09694221866149746, -0.2982279668330167, -0.09619048162841604
1.790004865188486, -0.06439068666067033, -0.1404923868490081, -0.060398594654570405
1.7466372080744192, -0.13128737743993407, -0.31981661472577044, -0.1287588112811726
1.8367558992675583, -0.10321375449998595, -0.28384398011203293, -0.10014967977574725
1.71442859216926, -0.04576791321889323, -0.10221124365162827, -0.047159223638594684
1.8378607651440384, -0.07680177518329764, -0.21275743729962926, -0.0790508455622559
1.8570908960067296, -0.07641942581330659, -0.28879602583742103, -0.09098478436700518
1.8416329406716732, -0.05049353609037644, -0.12016304040630967, -0.04814170683028843
1.854881517447648, -0.07171620414248173, -0.29040917052977244, -0.07939194673179997
1.7920505231975956, -0.04653815457049131, -0.10391692020387708, -0.04188055380919677
1.7416988142492271, -0.2054946095225605, -0.63282550201671, -0.20966486039445995
1.8628817371089643, -0.06350331764070506, -0.141969647658912, -0.05744436190786482
1.8587320487992998, -0.1058578675977842, -0.28253342701395434, -0.09982542069576222
1.7708037136285373, -0.05976092261961094, -0.13220344797977338, -0.05357425458798918
1.8255183444195562, -0.08746514355801992, -0.208099641714398, -0.08482883897506883
1.7477650023456388, -0.04586285454786958, -0.10493523297413666, -0.05239761713909881
1.7878140621316387, -0.08070839435953894, -0.18677332614716594, -0.08087807872764176
1.8067261699929371, -0.051680535755469464, -0.09211435000176901, -0.04656193076591877
1.7100695481419759, -0.04498108442772354, -0.07540789551024604, -0.04455631619929615
1.878807499000887, -0.10412181730128213, -0.29831971548041364, -0.1014338461455294
1.815954186331051, -0.04131126086153017, -0.10028698131048305, -0.04428570192812381
1.8559198716363485, -0.0916915643232387, -0.24021353716338742, -0.08357671134723862
1.744395329986356, -0.05898071366433578, -0.17016546639748045, -0.06548535134797202
1.799015649808234, -0.16373078662733678, -0.5064671816035322, -0.15272932897256356
1.7387189702728407, -0.05255717670439117, -0.11867205188174224, -0.05809794141954335
1.8118650859611762, -0.07147189700540912, -0.140860871747929, -0.05894667778328971
1.8137286714634928, -0.03484914637644761, -0.07525044280772032, -0.036544003741660176
1.8068978317365783, -0.11737013959226897, -0.45112059789742515, -0.12824668854099813
1.74221017716647, -0.06091966613773547, -0.1581373499393397, -0.0645270576595318
1.816708093490167, -0.1274237621152388, -0.3715951461475085, -0.11234194889807843
1.7611232648374735, -0.0746270981782618, -0.20698950245220302, -0.07437193165240774
1.8225181875846008, -0.10448973343449325, -0.2544017936207297, -0.09142581108760432
1.8769243441094683, -0.042241022361675276, -0.08743521620777955, -0.04256250461898901
1.8203263772802472, -0.05314772609285501, -0.11719739525142359, -0.05107449549525824
1.789819828876419, -0.03974748452695167, -0.10990578090613282, -0.0412702158014218
1.795658113710585, -0.04933379512044485, -0.13618642624170918, -0.05669275669049542
1.8657773989053337, -0.07094656813013717, -0.2008714879511604, -0.07768476350236107
1.728872389957137, -0.15012313174473274, -0.36083937638634794, -0.14248253978877623
1.8630224587965973, -0.048188096784680966, -0.14929332471815138, -0.060455341282337385
1.7174113598478584, -0.25177160026585627, -0.8558027834910655, -0.25901145214076365
1.8275072125376652, -0.059036968464773965, -0.14227556561762994, -0.05579618680704861
1.8242442843997377, -0.06325015319640442, -0.16858370480544, -0.06578361687204755
1.8696566495264773, -0.08091023236682668, -0.2292189680095854, -0.07514184681088416
1.7769302520302026, -0.10338625814186161, -0.285428694195864, -0.10697036616634258
1.7676682046497256, -0.09944428794646228, -0.24408962150788413, -0.0992169114349045
1.8120983076017978, -0.060203634642257385, -0.1946165669888875, -0.0693403494436407
1.8407813895936733, -0.053585661085940955, -0.1418789874636153, -0.053910618853644676
1.808027149087198, -0.08295337643154198, -0.19984988499312714, -0.08029189062917882
1.852558214980973, -0.06045970215907437, -0.14903643915108802, -0.06418479369821847
1.9027237518649212, -0.0750607084342264, -0.213332682097477, -0.08059745611285953
1.826727037904653, -0.07705955043940958, -0.22585060317941696, -0.07725164695915812
1.8309390623318555, -0.04385358290542354, -0.09645678951236497, -0.043930059445801986
1.661861168810308, -0.04967307516306755, -0.10580083117754953, -0.04299103763202084
1.8893643409140235, -0.10415528394752255, -0.29743220753723765, -0.09645116783689199
1.8071129259807246, -0.08314056315309426, -0.21019383787283197, -0.07318607982202337
1.8627650362340198, -0.07320034814846804, -0.24727135300890013, -0.08563426332082524
1.8077800957520958, -0.03457880411888255, -0.07705803053312281, -0.037745738873858084
1.853632149081789, -0.08654411836859435, -0.2599782578662959, -0.10421746572965611
1.8741331091833344, -0.07519010532230641, -0.2578852909147333, -0.08245158256294709
1.8232800690391457, -0.08135281869009486, -0.19504611581557474, -0.07409359845661395
1.8743228490352333, -0.05628173074293591, -0.13498468319234005, -0.059332243513071974
1.8557767028471779, -0.07978453483867634, -0.17690883806992855, -0.07175011642371466
1.864087495333402, -0.03171454636874841, -0.053314140236752676, -0.029237001788446754
1.825984595697006, -0.05761851711782583, -0.18242272633228407, -0.06068113307764941
1.8694158391663074, -0.04142492405522898, -0.11186946674100395, -0.04251540503385914
1.8261897870556953, -0.07365162024456004, -0.14695367593882802, -0.0685962958170715
1.8020836733786223, -0.07775787161190602, -0.19945514332145986, -0.07405102767711493
1.7987404607322468, -0.06464842616854366, -0.2025529410580147, -0.0683222467027259
1.7415148092226094, -0.05905415324496789, -0.20298511567360225, -0.0670641104094309
1.8416578451739554, -0.06735536153142675, -0.17121635724562814, -0.06794876095713268
1.79689685479056, -0.04909635584002171, -0.10410411068011316, -0.04838852821577603
1.799809224683567, -0.04642148094040022, -0.0916310714027132, -0.042453627887068635
1.81398408752812, -0.09784722748562671, -0.248474006000245, -0.09685759187791994
1.752370363203238, -0.06881579074189721, -0.15790724289826003, -0.07099230560594559
1.8040453869106585, -0.08251070787182835, -0.28035917021728934, -0.09473606083687107
1.824930036502323, -0.11911620951370787, -0.27607027411440255, -0.10225306182388066
1.7839508756160605, -0.059956393823384135, -0.13592035799158542, -0.05586108605077116
1.887028273110366, -0.05918618649397831, -0.18942261891798573, -0.06334866672362426
1.866616910109343, -0.06835941086291132, -0.14446103790348114, -0.058408747431074756
1.665401924848324, -0.038687144868516044, -0.09653543036762374, -0.041012803302351616
1.8805934968332623, -0.08066117297803248, -0.16776966403657265, -0.07137904490801154
1.8388528699458913, -0.08443037505878237, -0.21656434628455204, -0.0845119835945861
1.8808951629796369, -0.06009303387535329, -0.13549662524391637, -0.05521612217495483
1.8100245400823352, -0.028964034813820035, -0.05630473885320164, -0.030832694236129048
1.8200706063351997, -0.10236345763661484, -0.3095553234102466, -0.10207300047539397
