n: 6, k: 1000, t: 700
Entropy, Sampling, Jensen, Exact
0.027187767050560075, -3.965699243053677e-05, -3.5880993089070974e-05, -3.587485857955632e-05
0.07180552302377546, -0.0008275661958032287, -0.0008254704961704141, -0.0008254682058977463
0.18368324624447274, -0.0001006279167921938, -0.00010135541452752753, -0.00010135084617554639
0.2073134509548086, -0.0004880532777750775, -0.0004894606326501744, -0.0004893401368477148
0.11919526648735727, -0.00022857952279809924, -0.00022546266759218122, -0.000225459836088767
0.10548650253902368, -2.0731599235637644e-05, -2.1085573955495675e-05, -2.108553916940803e-05
0.36143563938036233, -0.001869121080613695, -0.001850606994782767, -0.001850178639551048
0.34345915050718895, -0.0001924720853276074, -0.00019128936513884904, -0.00019128023683558218
0.08831382353822265, -0.00022266712169221136, -0.00022356602600432214, -0.0002235652795574843
0.08788488414226726, -6.314294480034732e-05, -6.321506680769902e-05, -6.321091667994369e-05
0.10867146436267695, -4.987547755902299e-06, -3.4852812152632515e-06, -3.4841160103206266e-06
0.5650032140632263, -5.302733756243232e-05, -4.853361281355272e-05, -4.852844725749302e-05
0.11352734752092423, 2.7370141213914725e-16, -1.9488255542930124e-08, -1.9476595070046438e-08
0.13399479742816328, -6.200416073594537e-08, -1.2752901330029544e-06, -1.274468023065781e-06
0.5581678008343507, -0.00010087850072514294, -0.0001024983941270682, -0.00010248826180542628
0.27899271050084234, -8.06123452130123e-05, -8.260042849195385e-05, -8.259165195977826e-05
0.13261602822951807, -0.00015520187528454698, -0.00015498930881891132, -0.00015498927239564368
0.2617912767096023, -2.742392480104172e-05, -2.8050622249026245e-05, -2.805049173430888e-05
0.11455859441689749, -4.101414347312039e-05, -4.058145503354072e-05, -4.0581116110602724e-05
0.2120355304770295, -0.0007953359399689361, -0.0007879955509624751, -0.0007879664954529952
0.3511553092513889, -1.4990757393889744e-05, -1.549769473097204e-05, -1.5496072395922297e-05
0.03954835287721235, -3.0866753074449476e-06, -2.0506766075280125e-06, -2.050432632355218e-06
0.12401912750644145, -0.00018695434069741112, -0.00018654540392755775, -0.00018654452071764952
0.18515895756236933, -3.533471133231046e-05, -3.618934471022394e-05, -3.618895207107675e-05
0.0006808314140387883, -0.0005748850526288152, -0.0005748885184393962, -0.0005748885030438923
0.4833521518405217, -0.00028079792448621, -0.00028925710158391295, -0.0002891594236559878
0.12335465155529808, -0.00011733343954074371, -0.00012019485117908587, -0.0001201841773940375
0.28627691643451564, -4.1368902111571236e-05, -4.096187417568427e-05, -4.096167273575117e-05
0.5349721026801141, -2.8511094767207553e-06, -4.105323880593837e-06, -4.103868526445013e-06
0.1493168666192878, -0.00017975409211794528, -0.0001782943538687693, -0.00017828969110107455
0.25608489795880723, -3.387428768934646e-06, -3.839206156292946e-06, -3.83871496527735e-06
0.17988806551559053, -6.095230006370911e-05, -6.240155971304712e-05, -6.230568897579912e-05
0.43378880322001806, -0.00011854641356330803, -0.00011732392370556753, -0.00011732333184520876
0.5400958979967199, -5.128164556299425e-05, -5.2585489568789424e-05, -5.258448230009315e-05
0.2019140975314699, -2.2609868876101306e-05, -3.0329360009913635e-05, -3.032142146538899e-05
0.19796701488903987, -0.0001249848368970558, -0.0001248871687858191, -0.00012488643811723867
0.2907624892793213, -2.9974854099888787e-05, -2.1280254936913573e-05, -2.1271786602219548e-05
0.49412643239238047, -5.566147707576098e-05, -5.6060578080454825e-05, -5.606044034758254e-05
0.18905675964435278, -0.0001063489734533431, -0.00010661040304093478, -0.00010655305410142616
0.08599792021776782, -2.2646499107548316e-06, -1.3334374595797041e-06, -1.333392325777153e-06
0.7158296814940787, -8.904936219907865e-05, -8.885144322062506e-05, -8.883355788964531e-05
0.28370186403461434, -0.0001765068091044657, -0.00017921182296636528, -0.0001791910634125232
0.22793504057277802, -4.2548143668678205e-05, -4.266871184698607e-05, -4.266867400440632e-05
0.2487317376186126, -0.00022605586743156892, -0.0002257731148602372, -0.0002257729080655695
0.378973269027203, -3.891715221107006e-05, -3.835994215093254e-05, -3.8359802932337375e-05
0.25605782659501314, -4.107717004078114e-05, -4.163020061723954e-05, -4.1629914386245124e-05
0.5256562696007644, -2.425081236265754e-05, -2.4224243449389974e-05, -2.4222147007159443e-05
0.5057799266464647, -0.0011687202276298074, -0.0011833320571016154, -0.0011831023184289441
0.5379438290399691, -0.00017014777572512465, -0.0001722302996847064, -0.00017216297983309233
0.9522756240352698, -0.00011745723613964202, -0.00011078342585721563, -0.00011076359804577868
0.2947811568136158, -0.0014789349645143372, -0.001473672881941671, -0.0014736451193920557
0.4140066945237592, -0.00014480016347078717, -0.0001421106691773733, -0.00014210850745509157
0.5741097978311076, -2.2699054119413002e-05, -2.382483115220123e-05, -2.382336231997168e-05
0.476507842225856, -3.747931836526273e-05, -3.939161213674018e-05, -3.93725917235719e-05
0.5365812737819219, -0.00017983551303751437, -0.00016463584026763512, -0.0001645663073664837
0.4899213975242373, -0.0001827085324766372, -0.00018329984462111173, -0.00018329463246468625
0.15964531399110388, -7.889356711529333e-05, -7.814779696945789e-05, -7.814746190005768e-05
0.5112758313111414, -1.8065878319131022e-05, -1.9657198040629097e-05, -1.9652353000103155e-05
0.3802547146062758, -6.955354228716074e-06, -8.207277176100356e-06, -8.206587846505959e-06
0.4425994956275236, -5.975070707556456e-06, -6.253718436239015e-06, -6.2534220367937055e-06
0.7290600470554938, -5.522214157999641e-05, -5.6244248007913704e-05, -5.624104159814764e-05
0.5463355289700466, -7.033448523360135e-05, -7.028327372838934e-05, -7.028256346700259e-05
1.1742711140656557, -0.0008479911608064458, -0.0007898977365278097, -0.0007886726883672208
0.4564661456278547, -2.7588123159077216e-05, -2.7994767928018135e-05, -2.799421535553472e-05
0.4727747636553077, -0.00014666262515674661, -0.0001641043774869515, -0.0001640135915898796
0.8431338635062408, -0.0007368354028766877, -0.0007005792313713381, -0.0007002129782732324
0.39746842788469855, -0.00013658327289703764, -0.0001402768452514097, -0.00014026905540687494
0.34695400451478053, -0.001280705383991516, -0.0012637757457955637, -0.0012635227462523034
0.4168605767107258, -0.0003359230679016036, -0.00033504219885139853, -0.00033498498690954354
0.6535533567529493, -0.00020123164141659745, -0.0002020559598560372, -0.00020199895334299992
0.4331128172444249, -0.000573031034844461, -0.0005736779689352833, -0.0005736773316260832
0.39959405540825516, -7.813789919964592e-05, -8.607786064447601e-05, -8.606221104577456e-05
0.9008213057570128, -4.6180945539160886e-05, -4.289518675223298e-05, -4.289003842067638e-05
0.2508747979564746, -0.00072169131277769, -0.000737634891685448, -0.0007375895896855647
0.49963663713497675, -7.39219756651352e-05, -7.392820197709411e-05, -7.392438107547336e-05
0.3640538725269018, -4.282193459581867e-05, -4.4481080534485754e-05, -4.44787096033242e-05
0.4741783071757221, -0.00012028085522797372, -0.00012166931342293392, -0.00012165189714564032
0.8834042348657501, -0.00012065657330443883, -0.00010946106969392065, -0.0001093696329362783
0.8852188998373226, -0.00023407296677928498, -0.0002548826939510836, -0.0002546677868505886
0.23792803380963135, -0.0003386312590700623, -0.0003349857380539912, -0.0003349629290853275
0.7263501275246812, -3.266662721012111e-05, -3.077718534559872e-05, -3.0766911513400834e-05
0.9201628461708893, -0.0003900264553393349, -0.00041028486581087847, -0.00040997778855539346
0.4397388756639577, -0.0009511676275250958, -0.0009632918434180409, -0.0009628708084846015
0.5073576915634316, -0.00010102985431330049, -0.00010137445700094202, -0.00010137224747118614
0.6170435954593786, -0.00028675813761579194, -0.00028761094192786556, -0.00028750307330275334
0.8873337846948335, -8.650473562541289e-05, -8.89158395437469e-05, -8.876026977808424e-05
0.6016871065356294, -4.2976007676701705e-05, -4.241333644640569e-05, -4.240965940404956e-05
0.22090011423651493, -3.2618095697890474e-05, -3.0363216201035767e-05, -3.035472235842107e-05
0.6022601221540255, -4.3548712712423235e-05, -4.428786960586762e-05, -4.428069449362636e-05
0.5307495246586618, -2.477316872846777e-05, -2.3016295621270523e-05, -2.3010283731891902e-05
0.6009953976145692, -0.00018675657401942655, -0.00017772973664004348, -0.00017766184092754057
0.672595476064089, -0.0004939450257897898, -0.0005161079337528164, -0.0005158119582757769
0.9848658949478875, -5.941852472452386e-05, -6.030066170611696e-05, -6.029273186849471e-05
0.6950293968357851, -5.4891789690165934e-05, -5.121064587359157e-05, -5.1195695944310454e-05
1.1546389217161728, -0.00037998534455787773, -0.00038910283537184093, -0.0003884333117459151
0.7527679506324253, -0.00014529227864103046, -0.00016121552147799862, -0.0001609774562460867
0.5349258531217854, -4.770063040021297e-06, -5.956628770920989e-06, -5.956194851939412e-06
0.6382879627027095, -5.288736800866162e-05, -5.259495160977727e-05, -5.259385771644491e-05
0.9691569576512409, -0.00036550191072080417, -0.00036881766808262613, -0.0003686496350802375
1.0593170724030372, -0.0011644488393812895, -0.0010613900352123818, -0.0010586703824150359
0.7170286547761194, -0.00010093242673604727, -9.81956777401398e-05, -9.818543096453521e-05
1.0739846779858784, -0.0001049449393594209, -0.00010649179019684537, -0.00010644403619329589
0.6442815091976293, -7.310378486908947e-05, -7.365081364116112e-05, -7.365062526807786e-05
0.8684805728308186, -5.501454870856171e-05, -5.989862830587761e-05, -5.988382637451408e-05
0.6571000128313339, -0.00020730860014191147, -0.00021163330203775396, -0.0002115668327141652
0.8050253853937676, -6.108266703445913e-05, -6.0664569115431967e-05, -6.0653526187300075e-05
0.8175321422720518, -7.891443553486358e-05, -7.83144559915275e-05, -7.828666455949157e-05
1.2325191864442049, -0.00017749905099287254, -0.00015785745281519828, -0.00015770259687319016
0.9652613716344268, -0.00034594766364159907, -0.0003413601040701089, -0.0003410336823465089
0.8950274166713036, -8.581834244245448e-05, -7.52729716780832e-05, -7.52501626453087e-05
0.8637185637449502, -0.0016394903113923628, -0.0016188217824814363, -0.0016169494042153798
0.8962943820521337, -5.2384443702929214e-05, -5.3100638821696154e-05, -5.3092735817541344e-05
1.1004643103774112, -0.0004495291550119043, -0.0004535758908762359, -0.0004527672113806433
0.863835784204105, -0.00042501592672480876, -0.0004396822715248529, -0.000439247936697539
0.8697094445223108, -7.103171044924008e-05, -6.858827461298035e-05, -6.853295916200395e-05
0.7076995985624975, -0.00033162601637194467, -0.0003263862026272866, -0.00032634287531601376
0.6695643182815326, -0.0002590892648076974, -0.0002389219418200691, -0.0002388293128963041
0.9866650248903515, -0.00017670809463006643, -0.00018925944823608657, -0.0001890907752035961
0.6023614022218332, -4.349131203886764e-05, -4.3802991420955394e-05, -4.380069778898471e-05
0.6894256116134491, -0.00030713576213747536, -0.0002982566729843815, -0.0002981533075123253
1.047901018670563, -0.00015503122944831538, -0.00013752633656510119, -0.0001374154987314455
0.7703852110818913, -5.259654931049201e-05, -5.730779364150496e-05, -5.730031528172811e-05
0.8224954902669205, -0.0001560543529320702, -0.00015932636724521202, -0.00015926870306075177
1.0093036413712786, -0.0005054535964008626, -0.000458093738040294, -0.00045715014987922164
0.6111127596059941, -2.3522113533369063e-05, -2.3327468042639827e-05, -2.3325260374380474e-05
1.2068614731594718, -0.00065793306410338, -0.0006432927009157952, -0.0006426240799410074
0.8195965333869827, -0.00020085636193097495, -0.0001943429997121206, -0.00019417454372921495
0.605163489626193, -0.0012091006484370118, -0.0012095640260435655, -0.0012094196093326202
0.822597523442632, -7.308921490745486e-05, -6.926177010031513e-05, -6.92216983638426e-05
0.6922645651451518, -5.335818184535461e-05, -5.293095443597363e-05, -5.2930203589732004e-05
0.9391422309194623, -7.110490074763324e-05, -7.742781549719817e-05, -7.738133414187369e-05
1.0379809091064027, -7.414650648923784e-05, -7.715139113160204e-05, -7.710940054684729e-05
1.5867613030977552, -0.00015568057410377326, -0.00016489571676341747, -0.00016480889067079584
0.9059957288262868, -2.1622494148563123e-05, -1.8920296050103613e-05, -1.89175134913093e-05
0.7903430204475561, -0.00031270165483507844, -0.0003057313601562618, -0.000305614250011722
1.0916452667455787, -0.00016464505404647044, -0.00018363516566638016, -0.00018351811666518077
1.1645092308821376, -7.185230061256956e-05, -7.292193599232667e-05, -7.29195640559929e-05
0.8792053533918583, -9.269486844268075e-05, -9.944794548230353e-05, -9.942896043718417e-05
1.2883857322974281, -8.122520481806947e-05, -8.141982131344366e-05, -8.140653263096888e-05
1.0891131358879171, -0.000111222478120724, -0.00010982612496890804, -0.00010974339031481532
1.130209770433081, -0.00010894542078483549, -0.00011418781547196347, -0.00011414298920235541
0.4219190489405091, -0.0002442534473448177, -0.00024457091596803915, -0.00024454989074885433
1.0108634986883966, -0.00019031911839737737, -0.00020740125964141366, -0.0002073616564175373
0.8010201063107129, -0.00018093269769628139, -0.0001775825576916371, -0.0001773459070087052
0.8131058439764801, -0.000878712838926633, -0.0008508062879894103, -0.0008503593815431355
1.282801437610331, -0.0002499381162396564, -0.00022155145410787506, -0.00022143438645282285
0.9128629075831142, -0.00016700983705595634, -0.00016219056976010432, -0.0001621570576331799
1.1872129472009665, -2.829049191838401e-05, -2.7758183579397175e-05, -2.7745770136252343e-05
0.6436418660269423, -0.00043913652298211586, -0.0004144629706973872, -0.0004141459027909051
1.2221649697414065, -0.00028330647287106445, -0.0002822998382525403, -0.00028217344891278887
0.8432737430856901, -4.418542815598765e-05, -5.594324323550451e-05, -5.588744734903075e-05
0.8187077080073335, -8.730662353249272e-05, -7.715726449499822e-05, -7.714223324932578e-05
0.869191724419759, -0.0001788924400916303, -0.00017018423676674947, -0.00017010506953660535
0.8555979361088396, -5.2663142612787994e-05, -5.461573770419602e-05, -5.461245040677782e-05
1.2184408427718778, -0.0007862801646878925, -0.0008023214398842157, -0.0008019178945813388
0.9060322255320984, -0.00010515083702552925, -0.00011346271271300192, -0.00011310667828469733
1.0222334869710576, -0.0005337977637062865, -0.0005055069395588088, -0.0005048892780249006
0.7471543876878175, -8.30033896854494e-05, -7.976969764052932e-05, -7.972104762509541e-05
1.0130802052076933, -0.00020082718176666923, -0.00019078466308460997, -0.00019054247189653637
1.2001634639035066, -0.0006122188557709041, -0.0006297507232820683, -0.0006286898119238093
0.9159353117873947, -0.00018917130323459005, -0.00018489732028605113, -0.00018476263725317093
0.924230112623678, -0.0002806472875999726, -0.00027069462743210994, -0.00027040356553550564
1.2316367267028352, -0.00019937600004223157, -0.0002173905845074082, -0.00021706668481624413
0.895050823275309, -0.00043261275276378216, -0.00041908819229563777, -0.000418755176184383
0.7683046477988124, -5.1309685844765094e-05, -5.0637737693412104e-05, -5.0634643397633426e-05
0.9424471777759335, -2.8302678920065818e-05, -2.9439901448758698e-05, -2.9435179758806553e-05
1.228278169622964, -0.00034570065542891654, -0.00036996229108000466, -0.0003693555247209701
1.2000473865828656, -3.7701532242668996e-05, -3.5907652992194917e-05, -3.589395445283847e-05
1.141663121291434, -0.00044207306384120117, -0.00045705644258344424, -0.0004567779686621666
1.0092013958227442, -0.00016745692602488876, -0.00016440985310449218, -0.00016438317102475945
1.1142401429313524, -0.00016863286862277654, -0.00017294880395827574, -0.00017267447894774796
0.8244655195674282, -0.0001065392568289022, -0.00010697885189117896, -0.00010697661211154212
1.1754038716288606, -0.00031556713227825193, -0.0003330392802930185, -0.00033239936863497735
0.8897460514248191, -0.00017868791855106964, -0.00018618634576540898, -0.0001861327705928662
1.4621797037031186, -0.00034723796366955114, -0.0003836436595030771, -0.00038302804580906264
1.131494655402735, -0.00012284859605276614, -0.0001252311766960545, -0.00012521402248214547
1.1490428095143232, -0.00023154085896743036, -0.0002532270774214489, -0.00025293929995539064
0.8911650904060142, -0.00012646724398096134, -0.00015993851534457906, -0.00015965401016376234
1.2113165374926738, -0.00036624466741329856, -0.00035445697284872666, -0.0003542616333818891
1.0888274155406292, -0.00016664341375321158, -0.00017165332828700936, -0.00017155443812876924
0.973421083838201, -0.0004060080146226752, -0.00040108326865056414, -0.0004006159925023035
1.302674283088561, -0.0007504312231266783, -0.0007398123992393909, -0.0007393318988353099
1.2250571320779933, -0.00015996700879257947, -0.00015781971454826188, -0.00015769662622065476
1.3341108682857425, -0.0005336546123507617, -0.0005396084942544274, -0.0005391961356636543
0.9845656896771455, -0.0006451588664222026, -0.0006496384936968956, -0.0006492629718245059
1.0703954410440943, -0.0004240534230739258, -0.00044743751451080865, -0.0004468972683962184
1.374234361300345, -0.00011217294804361838, -0.00011286144735284104, -0.00011277952027784183
1.3572844441197398, -5.5673699593032174e-05, -6.28416145873203e-05, -6.28190721778206e-05
1.3854713186139718, -0.0002338235290280105, -0.0002343354561911487, -0.00023418726816070988
1.034411323923496, -6.271464193909981e-05, -6.374352186588108e-05, -6.37167726899449e-05
0.9342788574223581, -4.850329679338581e-05, -5.845110956819157e-05, -5.839065352355641e-05
1.2799878517007333, -0.000771443219495217, -0.0007706900652942913, -0.0007694800284498547
1.2187249486695377, -2.8561356753742412e-05, -3.001655068252036e-05, -3.000324070972182e-05
1.2436438888248467, -8.231894709380809e-05, -9.013150585566682e-05, -9.009206088360656e-05
1.2781479482390259, -6.49124698319469e-05, -5.5792004590420475e-05, -5.576187662251704e-05
0.6722140317282502, -0.00011381417248776142, -0.00011739047543623308, -0.00011736820795612672
1.1809490254986321, -0.0002094642625542654, -0.00018474415549150198, -0.00018455887155744235
1.0420229971094832, -4.9112427431091647e-05, -4.380496855741183e-05, -4.37866252083209e-05
0.8381634646227538, -0.00015724834432142898, -0.00016122524402241645, -0.00016116274913895916
1.2576992983100201, -0.00040676080287444687, -0.00038007718118637313, -0.0003797425571676374
1.1255819733394037, -0.00032085396296495605, -0.00030150656930873253, -0.0003013312139710495
1.2215521587390912, -0.0005746595399649849, -0.0005354911598060715, -0.0005350282266793771
1.2207812843144392, -0.0010408999100618216, -0.0010158658080967188, -0.0010153654069681676
1.2330911476097541, -0.00026020738828079465, -0.00025983188929626935, -0.00025958233685758833
1.0202749552001589, -0.000126632320505402, -0.00012820671511100956, -0.00012817978195193134
1.2121976494675428, -0.0002047838284705929, -0.00021554818814501612, -0.0002152732858287522
1.31833774181866, -0.0005321801045265385, -0.0005281980766762189, -0.0005276336006360821
1.206378323717637, -0.00016367774612621947, -0.00015793964329994414, -0.00015787251182075368
1.2931275428625493, -9.395881344966102e-05, -9.483281506595474e-05, -9.480668285703084e-05
1.1440025311243711, -0.0003072492575829279, -0.0003132536614765433, -0.0003127885115015766
1.5590644138314913, -8.978128066506603e-05, -0.00010413152281161481, -0.0001040770569176789
1.2416812285181378, -5.7971750724204106e-05, -6.819394383569088e-05, -6.81204666842759e-05
1.104086706675247, -0.0005724333744928495, -0.0005821530909307044, -0.0005814737379354419
1.3633770455112584, -0.00016463230002950675, -0.00016723997237079281, -0.00016704601835052483
1.0191075756441943, -7.108588484680652e-05, -7.019712605086464e-05, -7.01460984743135e-05
0.9531443205531126, -0.00017757168103324725, -0.00019829812955187717, -0.00019812785240628361
1.2275656079125248, -0.00019284783573855703, -0.0001979824235385946, -0.00019789814395378152
1.3812434246533132, -0.0002179973165693672, -0.00023063681934792723, -0.00023053559247975252
1.0229232389280405, -4.853040480877285e-05, -4.934755184109815e-05, -4.9343259373888935e-05
1.0332231623264445, -0.00014576178030062964, -0.0001464031639860051, -0.00014633813470942122
0.9044479806280229, -9.076282126432455e-05, -9.920818587204051e-05, -9.91876044456477e-05
0.8575634658372467, -0.00010702945368570995, -0.0001023401958552034, -0.00010229996517521669
0.8424684784360311, -0.0002813900807541238, -0.0003038359465272072, -0.0003035163010199123
1.2755892836989793, -0.00021424727332296797, -0.0002076704538618833, -0.00020727247865506964
1.2312252911123973, -0.00022648206154369282, -0.0002174481495463622, -0.00021719905384944398
1.1607147119512735, -0.0013736379465134983, -0.0013598722248116177, -0.0013579594451737598
1.104380695735029, -0.00017855426297864286, -0.00016849819004250568, -0.0001684450255934928
1.3455817658157097, -0.00016187022400473026, -0.00014797303041225822, -0.00014783789129757668
1.2849883820764942, -0.0002521807837928259, -0.00022416577414261041, -0.00022396191654199362
1.4543244579641534, -9.671555030385828e-05, -9.494656423432184e-05, -9.486407716418125e-05
1.4326940556792316, -0.00035051989784725567, -0.00032674785988087756, -0.00032647721671387177
1.1467714765604946, -0.00014908868670488528, -0.00013213940416899157, -0.00013202539790210934
1.3219662854629106, -0.0001838678719812659, -0.0001728531471323188, -0.00017270134042246367
1.3614626060370625, -9.69101802146071e-05, -0.00010337472790218635, -0.00010326525918214883
1.3180957708960641, -0.00016529295105813038, -0.00016177455746359108, -0.00016157048895799157
1.5126019326625402, -0.0011428546050046562, -0.0011122206815000373, -0.001109109705099536
1.2099886108413864, -0.00027520542526870663, -0.0002808887633219242, -0.00028058526560420516
1.2636602257402658, -0.00020369505299999856, -0.00019173212520891134, -0.00019157403996468856
1.3670668877494652, -0.0004698793856640732, -0.0004771866032065234, -0.00047641763596794235
1.090271521238553, -0.0001413353795941813, -0.00014289996833250502, -0.00014275988363987623
1.366351803294215, -0.0004418685711478836, -0.0004027443238385947, -0.00040207867741355786
0.8156753351868197, -5.0679118561670735e-05, -5.255840268696724e-05, -5.255098572579288e-05
0.8946768378433897, -0.00014040642375402117, -0.0001462072659977641, -0.00014618225847804647
1.3656857308586676, -0.00019399836046973893, -0.00018751531332271803, -0.00018743110867943473
1.4137510585045965, -6.811558250586122e-05, -7.236686428296603e-05, -7.23483823419938e-05
1.3432632812646188, -0.00011633771400010262, -0.00010994149707473625, -0.00010993110427272193
1.104507051085927, -0.0002669037896611148, -0.0002629638684958353, -0.0002627905497083597
0.9070990937169903, -3.450084930386048e-05, -3.116867478420643e-05, -3.115478961885297e-05
1.4141294980084747, -0.0001016952616754869, -9.114841586024372e-05, -9.111098740611928e-05
1.2062454403284406, -0.0004871148053198137, -0.0005395805461862339, -0.0005388740228981405
1.2151399416459991, -0.0004824094646809927, -0.0004687267070718875, -0.0004684298533853708
1.4359743313173272, -0.0002140404111195522, -0.00019909336863680968, -0.0001988495531965435
1.4215607924984734, -0.000654775373484806, -0.0006494141962466089, -0.0006483783453863169
1.455041493248399, -0.0005705270525431584, -0.0005514728293874151, -0.0005507294313267737
1.1113803679297707, -2.7385383784244953e-05, -2.9277426851611685e-05, -2.9276301088265592e-05
1.145448522907242, -5.2411101882032863e-05, -4.784984543231888e-05, -4.782578590063115e-05
1.4020617853268993, -9.985524970939602e-05, -0.0001003727730468937, -0.00010034640194171887
1.2330551857954846, -0.00018764889936205147, -0.00018523480383889927, -0.00018510213177593682
1.2365549052298166, -0.0006652154750190052, -0.0006296724258511735, -0.0006277607442905043
1.3994840614683974, -0.00021194948577243886, -0.00021280561918445332, -0.00021266060243435066
1.3873497187855932, -7.942698142319801e-05, -7.772295569458834e-05, -7.770652286614065e-05
1.3345246107788473, -0.0002917604297126478, -0.00028706316972385135, -0.00028683386267182103
1.5079295246511208, -6.0920690382643685e-05, -5.973521186798083e-05, -5.971172608496486e-05
1.3405431760823383, -7.041780935282525e-05, -7.107747887666838e-05, -7.105838302594059e-05
1.2991853285940278, -0.00037490959141720946, -0.00036460357442970765, -0.00036390739002757524
1.5736243787511126, -0.0002094381955866273, -0.00021844829517748683, -0.00021831363156539496
1.356545122603958, -0.00017322669222433952, -0.00016152290723960263, -0.00016142153210456134
1.0249506881167743, -0.0003585575037195415, -0.0003863193211543864, -0.0003860147676608092
1.4140680511324808, -0.00018916287204945735, -0.0001903241000944823, -0.00019013022130622137
1.0717906857101756, -0.0002017586453894081, -0.0001999027851752074, -0.00019976393194021973
1.1721850977491444, -0.0001685807449466274, -0.00016803786395223043, -0.0001679907381748692
1.2005546334217936, -0.0002734503384489814, -0.00033724857661924563, -0.00033679460402973965
1.3573696852024462, -0.00017395071557979526, -0.00016765910148971224, -0.00016757099096432232
1.4372271884609045, -0.00029678166117986463, -0.00031068077514667815, -0.0003103746205750716
1.5859506796527965, -0.000189391071969957, -0.00018305482676940504, -0.00018291167877120538
1.3733756285596865, -0.00019122630533266084, -0.00019816202133896783, -0.0001980321968277419
1.6825784661917922, -0.00011127375604329548, -0.00011469486003779915, -0.00011460266120081158
1.6186713027894524, -0.00021291831346930545, -0.0002089631754476068, -0.00020884249498085886
1.4756970258737983, -0.00013031549698096277, -0.00012882782835158354, -0.00012877419133722345
1.6072618580859663, -0.0003532374863188309, -0.00038037972690683624, -0.00038002537213002724
1.5069839924174184, -0.00012838697243195562, -0.0001215028291850655, -0.00012140757375861433
1.2369405678840153, -0.00010815757354427544, -0.0001106510506427227, -0.00011061016023368214
0.9048291782386776, -0.0006222461843534991, -0.0006194424692749852, -0.0006192337733080658
1.4149390888826698, -0.00032056610113421845, -0.000275692754713206, -0.0002755035096144637
1.437124347389764, -0.0001221112705150716, -0.00012123303919768626, -0.00012112002035391547
1.2314032355244457, -0.0002328785201079419, -0.00024958009172811876, -0.0002494436831928849
1.0704117329853746, -6.22320201762657e-05, -7.42897767816895e-05, -7.419444304377978e-05
1.2578334542912193, -6.473920440651087e-05, -6.296197759331143e-05, -6.294690665055153e-05
1.3989628572569008, -0.00047206311010809863, -0.0004644661321041249, -0.0004640730402511996
1.4644135385494461, -0.00024825430417509223, -0.0002875040724562492, -0.0002871956195314725
1.5085084630124284, -0.0006274037031325173, -0.0005992537506634846, -0.0005986602441717641
1.2368917959715002, -0.00028131760124951817, -0.0002634210085519196, -0.00026299220444045565
1.3081916460080694, -0.00016984219260116556, -0.00017856242535316507, -0.0001784473287666385
1.4880020157725091, -0.0001977186204384828, -0.00022426943537659838, -0.00022410499792494158
1.687624235025196, -0.0001699895853252566, -0.00016368419998827641, -0.00016354641279150056
1.3007613179192672, -0.0006185646419944251, -0.0006317172578519223, -0.0006310811773558576
1.5831314342006593, -0.0001029172966163151, -9.455227833778893e-05, -9.449929615032802e-05
1.4244426278355753, -0.0005583118583580622, -0.0005637759749663496, -0.0005631203184248625
1.6160345434652834, -7.077977994039773e-05, -8.164328580563285e-05, -8.160995832528302e-05
1.441115296164738, -0.00016991063447671003, -0.0001493501259077091, -0.00014914903699529136
1.417069944153142, -0.0002574994241458114, -0.00025998158649964237, -0.0002598415041093903
1.4031906488249788, -0.00013969264717876483, -0.0001598022549546962, -0.00015968916772378952
1.2703357533891075, -7.787594442555037e-05, -7.387297921652776e-05, -7.384076172430727e-05
1.3719658615352692, -0.00010536164392394823, -0.00011358012422755636, -0.0001135331113757372
1.1095896578659357, -0.00010141316579195078, -0.00010960618146583259, -0.00010953131945569553
1.424124324719747, -0.00025183669062058743, -0.0002468149938408242, -0.0002465824194702398
1.2646563972250986, -0.0002952236457112185, -0.00028383784138887665, -0.00028368036809848406
1.4786233303419012, -0.00017737412550639166, -0.00017407832050874778, -0.00017394031119132066
1.6444851263437072, -0.00016214455381661916, -0.0001575313259521983, -0.0001573920564230004
1.614063643425814, -0.00011014516130664366, -0.00011319151648784848, -0.00011313900723080747
1.297827159816521, -0.00012476239419806153, -0.00012370609896870553, -0.0001236221179820819
1.5293977464174136, -0.0002567664772759394, -0.0002466561427281868, -0.00024642283631937085
1.4263906534182647, -0.00019343347678563033, -0.0001768343849981897, -0.00017673253897545257
1.4490421923500865, -0.00015945496850681794, -0.00015327314409079045, -0.00015320781018794292
1.2637263734132256, -0.00014128238950969786, -0.00014250015315723705, -0.0001424063752757195
1.5920569800320046, -0.00030788618050242854, -0.00031329068709534376, -0.0003128802466393026
1.4880873031585005, -0.00027325738962632117, -0.0002819787730485399, -0.0002816907674989416
1.4254736021216647, -0.00013721202506161674, -0.00013729202171243555, -0.0001371760882205233
1.5685377392637971, -0.00020353994692037884, -0.00021941939248948503, -0.000219260919113816
1.6092195312815845, -0.00028958607514586673, -0.00029478045504816865, -0.00029427671988943924
1.3631682367095992, -0.00012819192442458283, -0.00013894455089260487, -0.00013881695474691073
1.1398373024633959, -0.0003239790719780553, -0.0003280351223221238, -0.00032777889517673616
1.4671241649463802, -9.479464108690062e-05, -0.00010487321606882715, -0.00010482578849480348
1.680835595869704, -0.0002471866335981159, -0.0002714059331974674, -0.0002710469133771905
1.3387198904048623, -0.0004480247506033789, -0.0004412885899920358, -0.00044088690529115354
1.4196973224061133, -0.0006292458348234334, -0.0006366855619000598, -0.0006363579526754655
1.6514455982014657, -0.0004194511799522945, -0.000417526663705047, -0.00041716183384090733
1.290041518183568, -0.0003505841960231681, -0.00034692011421507687, -0.00034665113339257185
1.6189462438006286, -0.0001341143274547978, -0.0001506018701593008, -0.00015045022668394115
1.3682219529727373, -9.386610132782738e-05, -9.792733070766111e-05, -9.78965698096076e-05
1.694538574598572, -0.0004926189342158115, -0.0004691578343346627, -0.0004685820231082752
1.4102846121827992, -0.00017921758143154954, -0.0002014261548842811, -0.0002012410190796473
1.587607440612789, -0.0005370932759869269, -0.0005292883416265204, -0.0005288633648687601
1.6199317543343508, -0.00038707590159168235, -0.00040426785214213364, -0.0004035503808536339
1.5361964945000042, -0.00018296016154997362, -0.00015170020682428947, -0.00015158015926032366
1.2914506252046454, -0.00012277840361262703, -9.710953259480735e-05, -9.700683258122567e-05
1.6779390559560587, -9.738873461891604e-05, -0.00010741737777735797, -0.00010736107991753544
1.4921993074693374, -0.0002872870870340923, -0.0002991617085477745, -0.0002987595637379757
1.298204195448026, -6.0559219902494354e-05, -6.56342583115383e-05, -6.559487345753327e-05
1.4561707345278758, -0.0002849884684600306, -0.00029458844830192133, -0.0002942675404650594
1.4832259548194908, -0.00023143788894592327, -0.00022628173961471775, -0.00022618424941032577
1.2670760478101835, -0.00010449158370282089, -9.810783008262525e-05, -9.808742884497468e-05
1.6898444380357338, -0.00014061209118237564, -0.0001491990869617628, -0.00014909139429420534
1.6806357246932848, -0.00012417685210669349, -0.00012686208842675663, -0.0001267552062151101
1.4115876561539678, -0.0003029449980511896, -0.00029263589165009205, -0.00029242622265036297
1.4863270068514804, -0.00046032520518011767, -0.00048186277302807325, -0.0004811590835406055
1.6371550582346028, -0.0003234661637924177, -0.00030188590363327514, -0.00030140753227871824
1.7165810140911593, -0.0002064942679752704, -0.00019895749790659514, -0.00019882396405730704
1.7087878051277405, -0.00016152578465688052, -0.0001324298706722672, -0.0001323066317827057
1.539221100946133, -0.00021823757453417314, -0.00020775087560942718, -0.00020754939139992445
1.5267033731396502, -0.00031793183737853194, -0.0003336125980331754, -0.00033298348893099765
1.4364761816364673, -8.097901577815484e-05, -8.308598930213492e-05, -8.305919120514344e-05
1.321894802230149, -0.0003202620160826546, -0.0004015309341142772, -0.00040083749331407863
1.423749508327661, -0.00021971291574843387, -0.00021448379292576155, -0.0002143173146085068
1.28116977713911, -3.962669668626877e-05, -4.273412848545399e-05, -4.272258232141201e-05
1.7211112197316993, -0.0002983111386219448, -0.0002672946640102496, -0.0002669796231834492
1.6318512914637433, -0.0004556548649870483, -0.0004660359723456401, -0.0004656324926021629
1.6190619520043545, -0.0004174510209267428, -0.00045636715291200516, -0.00045562382071937945
1.636656515397613, -0.00019381430121201816, -0.00017560367817732634, -0.00017546917929967798
1.2867987120957027, -6.783801573503264e-05, -6.369034070873615e-05, -6.367860748561285e-05
1.6278197368346736, -0.00043591377450314474, -0.00047264353636269956, -0.0004722918964400242
1.716816627662598, -0.00010697051038362467, -0.00010835508945100441, -0.00010829315458946791
1.6174343397735618, -0.00036349649954167375, -0.0003566680888180183, -0.0003561500947682864
1.591529951770786, -0.00017988332023375148, -0.00016124266312367145, -0.00016115431643948453
1.484467477185776, -0.0002679417958106192, -0.00028826751765691097, -0.00028778422467882705
1.5780839935070032, -0.00018037642264785342, -0.00016512101757084298, -0.00016499573770161526
1.676509853446998, -0.00014356051080352983, -0.00014264305848012027, -0.00014254563137686897
1.5729405710093716, -0.00022734503057649218, -0.00023054412987583432, -0.00023021861824703115
1.4440693970534901, -0.0008581006609965034, -0.0008143383435823387, -0.0008131610068577481
1.600681415774553, -0.00029899971690242695, -0.00030729796242111985, -0.0003068734241402284
1.459304375718929, -0.00013746467714545395, -0.00014933562738748553, -0.00014923309586864993
1.499014421142185, -0.0002354277853818252, -0.0002166670326387657, -0.0002164380561509292
1.6462629765248185, -0.00032175870875282895, -0.00026192602842698635, -0.0002615112457542472
1.7713260891875204, -0.00021435837982964115, -0.00025409320714446423, -0.00025380245853204796
1.736581869790185, -0.0002334425309962917, -0.00024240119722558441, -0.0002422367933545658
1.6418565189534018, -0.0002759182243425158, -0.0002764087169498851, -0.00027615261949861066
1.5369856098665242, -0.0002245767622243519, -0.000227247687354762, -0.00022699857323848076
1.658727517137775, -0.0002029127656477813, -0.00021314016683531055, -0.00021296433640830494
1.3864228241293348, -0.00020619974376667182, -0.00021372424353888151, -0.0002135365310654862
1.6109786015926248, -0.0002387490694872813, -0.00023267058202537067, -0.00023251389208520174
1.7766341263639929, -0.00021309935060060325, -0.0002089538853516843, -0.0002086903963360119
1.6188037978073544, -0.00022568678431702683, -0.00027008748623663696, -0.0002697967867039755
1.6822705657798291, -0.0004981094411868361, -0.00042625553712226057, -0.0004254195338783114
1.6147747113793545, -0.00017027870490702685, -0.00017084189119211365, -0.00017070829935828487
1.586642858134228, -0.0005057964858987926, -0.00047177102097073216, -0.0004714130659680305
1.7403801439477833, -0.00035359252223492405, -0.0003523946111788798, -0.00035176691007873513
1.7767339579646684, -0.00026965287096021806, -0.00027906119761978863, -0.00027867941676173655
1.6925010529799698, -0.00018974240423804767, -0.0001878326736507721, -0.00018767734354761234
1.7326959087169926, -0.0003156521322888696, -0.00031074085912634835, -0.00031040729873512215
1.4304928545050384, -0.00038472220314352055, -0.00042634726695404875, -0.0004257533943004018
1.6415547102791368, -0.0007732721799783982, -0.0007651564526560857, -0.0007628298215498603
1.5179835321924067, -0.0003058165278070493, -0.00032839271059276686, -0.00032781726933632564
1.6173168576992818, -0.0002378066300479403, -0.00024274253479833366, -0.0002425656355077316
1.719672454512868, -0.00025204174655292836, -0.0002679996844132895, -0.0002677134747370715
1.6995795964280382, -0.00024825791047341074, -0.0002676326876797058, -0.0002673481564713932
1.5871341471364635, -0.00016167253229101524, -0.00016402472747741785, -0.00016395083089084858
1.699714531928857, -0.0005680206647647998, -0.0005885068186417223, -0.0005871325911611288
1.6928866103703035, -7.077254898638204e-05, -6.789204027174185e-05, -6.786115615603575e-05
1.7614604941265959, -0.0002899725647438901, -0.00030543627419406233, -0.0003051322378634347
1.7413018799331847, -0.00014590383418533305, -0.00015606441384525006, -0.00015587733151279135
1.6087912938257214, -0.00032594899218738873, -0.0003507589623851562, -0.0003504062431248915
1.6261913257069953, -0.00022338997201944548, -0.0002352548966229683, -0.00023505216941714793
1.7692965189853467, -0.0002771327052650213, -0.000252085319346763, -0.00025186349936391834
1.6457317375929292, -0.0002483262913591889, -0.00023722124177691834, -0.00023702927252123717
1.767585521106865, -0.00019407432073052634, -0.00020537971570568027, -0.00020517234355753414
1.5971955862041882, -0.00025281849736707486, -0.00024112514128997516, -0.0002407317952458928
1.460218810269219, -0.0001968109820972187, -0.00023725779523442851, -0.00023676032510324947
1.428266572629197, -0.00016157361896866867, -0.00015748430084681526, -0.00015737653182621987
1.6296067719965885, -0.00024087589725599158, -0.000239941824452354, -0.00023974614621248967
1.6098287669494846, -0.00031152463553724504, -0.0003192095752921858, -0.0003189785928281377
1.577797169399548, -0.0006387864073084759, -0.0006101362880367441, -0.000609041917087964
1.563073020652057, -0.0002370437496446812, -0.00020742862966550518, -0.00020724772531414753
1.6246039524470985, -0.0001718332641102704, -0.0001684201990170156, -0.00016832955952773807
1.4398937016654472, -0.00022400877136347896, -0.00023201131657046937, -0.00023186248671478645
1.794939360325212, -0.00026146476722888577, -0.00027629096323556537, -0.0002761051916605702
1.5446716362713315, -0.00024216325762785874, -0.0002426277236494811, -0.00024239388922772448
1.6655936734269965, -0.00014015416423343854, -0.00012607444876695104, -0.00012596149710898812
1.4216751206558123, -0.00014871768055670082, -0.00014095249326578292, -0.00014089481744278872
1.5419562000997213, -0.0002141937473770506, -0.00022605644761510002, -0.00022590798406818666
1.555808234978576, -0.000257071161631616, -0.00027085474143069907, -0.00027060989946194514
1.7426035836994596, -0.00036897801845399403, -0.00042679611855126447, -0.00042629683432278973
1.6933159292290323, -0.00017287452610793792, -0.00018978578998188193, -0.00018960091557398474
1.544112441245488, -0.00047646044415696896, -0.0004794769302897124, -0.0004791111213441518
1.7283160812108507, -0.0004303352458136274, -0.00043803945554019035, -0.00043751611835679934
1.7829305716545563, -0.0002412154132834191, -0.00020867442607742044, -0.00020853499142158618
1.5995750228185441, -0.0003940758628395091, -0.0003978017022365393, -0.0003971664133210114
1.7537992587756805, -0.00035130483329334484, -0.00038232493262193445, -0.000381793041110092
1.4905831144443662, -0.00021971386767098849, -0.0001986102908519938, -0.0001983325053732062
1.6027076643935072, -0.00011120067108272347, -0.00012945493392700185, -0.0001293738193581313
1.4564805400175385, -0.00013458997318589386, -0.00012243518184689304, -0.00012236250283394754
1.7252477752842352, -0.00020689525960728222, -0.00021974063478366195, -0.00021947175434894092
1.679491218623497, -0.0003948675491301155, -0.0003937535385406143, -0.0003934486467993473
1.5459495677078365, -0.0002219982753576515, -0.00023723553082650772, -0.00023696605811775979
1.712766521199369, -0.00030754700041321127, -0.00031365392759416267, -0.0003132356218786184
1.775039087762517, -0.00023406870650971505, -0.0002466705073628649, -0.0002462932188574846
1.7017570000466786, -0.0002517862506555873, -0.00024267649823209918, -0.00024247442922863962
1.7488141698829427, -0.00023748359489576817, -0.00021945323590298377, -0.00021931761883386324
1.7194780450405511, -0.00019046121925556813, -0.00019981820444571775, -0.00019958652785362932
1.7891938177409699, -0.00021997492793611996, -0.0002377391985346751, -0.0002375191685987709
1.7583395634981729, -0.0001898796640870478, -0.00017701309536787452, -0.00017679734280681705
1.4620127296230188, -0.0001735781994328712, -0.0001987853900143593, -0.00019852256144832703
1.71185266637557, -0.00015582724138398706, -0.00013700200123564418, -0.00013688158067280316
1.770319988993866, -0.00024896682382397935, -0.00025879639794526137, -0.0002584546498412664
1.618847902106295, -0.00013268589613831615, -0.00014048989666822666, -0.00014039818437584607
1.6233764244243314, -0.00021893738568536043, -0.0001970806364965684, -0.00019689999097049625
1.5456609378324628, -0.00013911284260296943, -0.00012896077959104015, -0.0001288535270624265
1.7854494360777247, -0.0002289822201727719, -0.0002521601259841444, -0.0002518900421455982
1.7854755624166747, -0.00019094566097186937, -0.00022295252312454027, -0.00022267322793124373
1.8340429005940513, -0.00027818918966105447, -0.00022889571397525274, -0.00022861854000948582
1.6982068910248131, -0.0003773859536430693, -0.00043387644986180013, -0.00043329102269008124
1.5024994092806676, -0.00030188154413913755, -0.00029198357028225377, -0.00029179788629058053
1.6432855448353934, -0.00011268515199293097, -0.000125600171641942, -0.0001254404863484131
1.5709630016081546, -0.00019303827977265348, -0.0001763937691878086, -0.00017628201286684785
1.6730064839718193, -0.0002517677095801753, -0.0002011471948134824, -0.00020085611705801136
1.7892010536739662, -0.00041818669027719594, -0.00041583262384580806, -0.00041529321034580453
1.6714787457194331, -0.00029244796245244455, -0.0002666429467279945, -0.0002661821789470383
1.4704136815555542, -0.00011214718313922942, -0.0001150007036496716, -0.00011489174702574073
1.795766148425207, -0.0001707110111437337, -0.00017593816053892015, -0.00017579574863262382
1.7833204185155151, -0.00019586978770885617, -0.00018650057960591026, -0.00018633582584424229
1.6426120994546594, -0.00031748434721517635, -0.00036103820572087094, -0.00036056363976031845
1.6950627964864537, -0.0004018694162204504, -0.00041750516149682945, -0.00041721986151262153
1.613058505638243, -0.00017146695256811212, -0.00018580019095702037, -0.00018565574639183
1.7581006398519854, -0.00031390033727614607, -0.0003187469394831919, -0.00031842061623889366
1.6742310695673204, -0.00023238769385166002, -0.0002211760316791413, -0.0002208863667250695
1.7569623647217103, -0.0004225511895855912, -0.0004494514167644023, -0.0004486466483742289
1.7272688690749483, -0.00043865117889065487, -0.0004322416229128337, -0.0004319403149371113
1.7024780183020276, -0.0003483321014908921, -0.00033645747434736485, -0.00033601705321043625
1.7269512390270048, -0.00027713996255984854, -0.0002862608845557786, -0.00028592055289971934
1.7904963539905994, -0.00019646704606010194, -0.00016935858529552492, -0.000169210101151505
1.6930775103563962, -0.00044915032257808257, -0.00042170798635509, -0.00042115395435040167
1.6150515584201914, -0.00047681775027911454, -0.00045538354312536897, -0.00045470725562538636
1.5254512492832148, -0.000537502179626165, -0.0005151046218753408, -0.0005147083684704396
1.6846513172674733, -0.0005724257130659058, -0.0005602516601762019, -0.0005596223727069563
1.5938382489609138, -0.0003733091387019805, -0.00035493564130960694, -0.00035469054166540085
1.664787952153879, -0.00019457187443903544, -0.00020487704877282268, -0.0002046429616189853
1.79141433758026, -0.000276742863847097, -0.00028913912333015446, -0.00028883756100481483
1.7623298890078294, -0.0002008899541760164, -0.0001989520887505563, -0.00019870953945042092
1.5038132530744441, -0.00037481292815932807, -0.00033364243057278775, -0.0003331473878991981
1.688442369223693, -6.80933809397825e-05, -8.353656230865451e-05, -8.346432382040127e-05
1.5578932114112414, -0.00011574413347439821, -0.00011162373886107907, -0.00011159080143341421
1.675281373422146, -0.00014346773509889532, -0.00013839598781308885, -0.00013830445839442873
1.7165289565263997, -0.00010961821356425517, -0.00012424744781853428, -0.00012419194042403097
1.7756676760031729, -0.0002955042518814648, -0.00030956716441767675, -0.00030918261851007776
1.65567466284349, -0.0003228858608017141, -0.0003235030499191341, -0.0003232549275713071
1.7026263706897067, -0.000543877449232181, -0.0005213045981794248, -0.0005209447115560465
1.4302579225706495, -0.000128261653584405, -0.00012001022352121805, -0.00011991921338796293
1.71669500111876, -0.00017636549225054764, -0.0001656920764579792, -0.00016558045425120316
1.670908972189353, -0.00026481935889563317, -0.00028440836972189285, -0.00028410727031360827
1.8291847044732237, -0.00019648888290606, -0.00022678415758818767, -0.0002264650774979907
1.6384887565803112, -0.00031828248785308635, -0.0002791978532066044, -0.0002789079097976424
1.693381581818036, -0.0002558386992858983, -0.0002372349884912395, -0.00023703175509422718
1.406390226538502, -0.0001027559443445144, -0.00012165724943988013, -0.00012157038494074103
1.6434131460990453, -0.0002637451949066023, -0.0002472180379734402, -0.0002470300837272453
1.7113176634845206, -0.0001508151185589252, -0.0001693872895053147, -0.0001692778387899013
1.672129250851331, -0.0002304064290164612, -0.00021972970104199287, -0.0002195566485346621
1.4338569162175478, -0.0004119707118524568, -0.00037147634252849724, -0.0003710053854507982
1.6639447413922805, -0.00029066676529133993, -0.00030824474611411103, -0.0003079554488374457
1.6626086518323617, -0.00039598640571141436, -0.00041155568854040766, -0.0004110938122863188
1.7193519187532342, -0.0002800745545518189, -0.00025622012615787276, -0.00025604540415922084
1.6711520306579521, -0.00016848280301193274, -0.00017206584565527646, -0.0001719464615457313
1.592202560509581, -0.0007910473669452703, -0.0008827800020573895, -0.0008808410353884179
1.7908607226618116, -0.00013018958382046215, -0.00013333430722662146, -0.00013323092753902914
1.7681874308389112, -0.00016130299958964095, -0.0001683966593323378, -0.00016828691692797758
1.7516413807344329, -0.0002691978133842721, -0.0002590212048512293, -0.00025870841402430856
1.6365306292771844, -0.0006056642787843465, -0.0006577584443553925, -0.0006566525192438905
1.6909641167123324, -0.00015398372084190194, -0.00014896217920901418, -0.00014886145964527296
1.8238718419077096, -0.0003793585088950882, -0.00039553529915503064, -0.00039491579431526143
1.7275887373208132, -0.00022092428434364252, -0.0002246261443279852, -0.00022434970553146348
1.6848152227421134, -0.00012611785648448227, -0.00012995404371209956, -0.00012985894286954966
1.7099122547789707, -0.00023020327544322786, -0.000224944762893329, -0.00022478258771821617
1.6180634724330902, -0.000127559737520562, -0.00012560079830672594, -0.00012552681911316476
1.6500715839560556, -0.00018832983162782224, -0.00021066384451315384, -0.0002104842655937192
1.7232192447345198, -0.0001772634555563225, -0.00018846267387669202, -0.00018835016917618144
1.5408439201801951, -0.00021494352786605384, -0.00024268160781291539, -0.00024251916142295745
1.8272351480918319, -0.0003280613741707612, -0.00034383700163510903, -0.0003435325974666253
1.7764382056936903, -0.00029260962279289483, -0.0003028036497249142, -0.0003025388080737974
1.6181500851645563, -0.00024019403213597172, -0.0002177991893354623, -0.00021762592107504042
1.5274887240523307, -0.00044897700908035407, -0.0004317811204591985, -0.00043132071658175895
1.5648862476592116, -0.00014297948098274192, -0.00014492894048192758, -0.00014481170454829493
1.869780709712721, -0.0004361380503059325, -0.00048657972272919225, -0.0004858422728347458
1.6011527824369003, -0.00019841388680459854, -0.0001842520473217241, -0.00018409808248573238
1.5098189917502645, -0.00022192193568649772, -0.00021786718048665677, -0.00021747672260825533
1.7583065456625275, -0.0001999037724853441, -0.00017877677307391826, -0.00017860388869149138
1.82500768457586, -0.0004438782822489418, -0.0004714251509891936, -0.0004704301733785709
1.8694287805801475, -0.00038818063068894124, -0.00035532806096800546, -0.0003549458930029546
1.7935931844370245, -0.00033039098074543914, -0.00033992712081143894, -0.00033958233878506673
1.7542835689514815, -0.00014681458060105795, -0.0001359431498990821, -0.000135851524851803
1.8572826008164895, -0.0003059953931478019, -0.0002967370101846924, -0.00029628983994412183
1.8646708708685493, -0.00021305155544898893, -0.00020769033118301698, -0.00020746545932679849
1.7649569167422543, -0.0006353565854851095, -0.0006337886553806111, -0.0006329957208034587
1.8723729413751073, -0.000241316928733734, -0.0002592866435046509, -0.0002590583601356409
1.7868317407441845, -0.00010841662743579969, -0.00012365172478859664, -0.00012352631325192052
1.7772785952139705, -0.0002445608357192581, -0.0002549218594880028, -0.0002547184187860853
1.8191067933493095, -0.00013283066595240524, -0.00013827316435213483, -0.0001381698539578746
1.7673985262293048, -0.00019333071298195293, -0.00018846171331622207, -0.00018828096935290646
1.8429549623265735, -0.00033981720890362006, -0.0003446857955039126, -0.00034421155008133115
1.7830033319770717, -0.0003342723096610867, -0.00033164098756157756, -0.0003311386680372287
1.7606857507113618, -0.00010564281297222768, -0.00010527431726674347, -0.00010523385873906407
1.6698423511147202, -0.00013117119469088648, -0.0001345079315071842, -0.00013440931348668645
1.7659353741745079, -0.0001379886988669813, -0.00013572707270242493, -0.0001356485924141572
1.519570720605049, -0.0006467582589784135, -0.0006394450756280867, -0.000638183776996144
1.5985721983964742, -0.000253256441290393, -0.0002606108714944976, -0.0002604297263274834
1.6282325209941197, -0.0001283521728463904, -0.00012928024997886748, -0.00012923174541894453
1.7709712447808121, -0.00030915003742933476, -0.0003050646991586785, -0.0003045950676032729
1.7666389789655124, -0.00022849157121887205, -0.00023479580858910655, -0.00023460596044675087
1.6043351613251255, -0.0001581773121214931, -0.0001763475135823386, -0.0001762238547516739
1.7018462906199108, -0.00012613905848042218, -0.0001333403508176276, -0.00013326199279135214
1.5572462286315114, -0.00026279294667067574, -0.00027055471284080423, -0.00027030901089849043
1.7031413878419428, -0.00014023631119189941, -0.0001589032533825924, -0.00015877729612248095
1.7990661752142625, -0.0004660559316088803, -0.00047702147223099275, -0.0004764064058382663
1.725243408850852, -0.0002735784687537692, -0.0002947980634584938, -0.0002943860406053124
1.803736816877704, -0.0001856562543788858, -0.0001805496181356131, -0.00018040811656639904
1.8286920171903274, -0.0002860326697481379, -0.0003205150784842121, -0.00032025113563607184
1.8260122312994425, -0.000363740204422292, -0.0003538031906693652, -0.0003532422269142623
1.7710971074482778, -0.00023215348572185607, -0.000268451218613902, -0.00026806935762132243
1.7895864957250056, -0.0001983934264425526, -0.00018573178803761247, -0.00018554673448129854
1.7091439853372448, -0.00030812942861115723, -0.0002928346289689843, -0.00029248006443862893
1.844852331751656, -0.0002595204923835864, -0.00025156785420764034, -0.00025130831248931215
1.5987121654043148, -0.0004332196540344112, -0.0004413577729561667, -0.0004410313105933625
1.7415720098603489, -0.00039868465065586513, -0.0003936325666265433, -0.0003932547223417634
1.6220289511159052, -0.00024014777082258243, -0.0002376067645017839, -0.00023739441226480477
1.775570895964717, -0.0003845557776021016, -0.0003920781268310638, -0.00039177662048318305
1.7753674418755574, -0.00018861824698971263, -0.0002020363905589792, -0.00020179152994308328
1.7954021046772508, -0.0003327665487649182, -0.00032780856569941056, -0.00032691629826936695
1.8243817378275764, -0.00023892185455580206, -0.00023271010124025773, -0.0002325140348635717
1.765428192355963, -0.000246454843252602, -0.00025173958070463283, -0.0002514736762395477
1.698519148986575, -0.00033932499578255614, -0.00031262438371993344, -0.0003123625923193679
1.6920808154066744, -0.00028466793016733964, -0.00027828702366031383, -0.00027796102043260804
1.8530223786903346, -0.00021233721248421699, -0.00023011636585321593, -0.00022989796978749522
1.7496957475121782, -0.00033332978309219384, -0.00036012613423901536, -0.0003595423134851757
1.7943032367565273, -0.0003434269116386529, -0.0003352447675098566, -0.0003349564949302648
1.7198932961462319, -0.00020201448474645877, -0.00018304332828587768, -0.0001828407132483947
1.7336781079897838, -0.0002542901239720937, -0.00023386841024165605, -0.00023367225630615396
1.7609416130522633, -0.00020219326904946015, -0.00019135781206199506, -0.00019110796480828894
1.690854233347679, -0.00033688450841499817, -0.0003154477229604839, -0.00031516365110103233
1.7982825653182477, -0.0003420460909491543, -0.0003514435291557132, -0.0003510462389803135
1.7812627277634128, -0.00017893955950776664, -0.0001967549526259526, -0.00019657926027597303
1.7247960374352334, -0.0002530493329867691, -0.00025363667280856977, -0.0002534419775387994
1.7766193987501444, -0.00036122404161133097, -0.00033079921257531483, -0.00033023750175118025
1.7550304889526043, -0.0004564145153853514, -0.0004746060153502144, -0.0004742292951238562
1.8036640570268752, -0.0002045564243252708, -0.00023846696760310284, -0.00023825493463537075
1.7392821484466274, -0.00014001115306192224, -0.00015189661990519382, -0.00015174791213804452
1.6961272854385625, -0.0007539051977345992, -0.0007475298753568693, -0.0007461179441156981
1.8308886435084621, -0.0004413245375762171, -0.0004253073273948965, -0.0004249942646616806
1.759120963677694, -0.0002608805401995611, -0.00024832707216018696, -0.0002480564728466007
1.7594287049342263, -0.0003642703462482362, -0.0003427817781574042, -0.0003425353678168708
1.783039499643344, -0.00048473649838880715, -0.0004951545770974108, -0.0004945505261506637
1.7825853425299034, -0.00031154623192371786, -0.00033850975691064654, -0.00033807185368216083
1.7681430028969762, -0.00046256507932769487, -0.0004443533404569968, -0.0004437123354107012
1.8127920081653068, -0.0004355257967835741, -0.00045532155471990636, -0.0004549397964185525
1.837879485609094, -0.00015725545110210483, -0.00016628147819360378, -0.0001661501246142586
1.845370063374257, -0.00024776371073669977, -0.0002481225553842446, -0.00024788004847129926
1.6519527638430527, -0.00011477396142248574, -0.00010150116400311883, -0.0001014317148340434
1.702017205083263, -0.0003179326666267409, -0.0003240735715941643, -0.0003238584055896082
1.7737087120025705, -0.00046238834701753915, -0.0004370137647613114, -0.0004364453350054238
1.7863888950849969, -0.00013915275400531763, -0.0001602477695047338, -0.00016011642270077572
1.7805839241086572, -0.00022363628032863252, -0.00020521088729244803, -0.00020502657446998154
1.5923782606527208, -0.00017838147121248627, -0.00015569939172402865, -0.00015552697248963305
1.7404629679537316, -0.0002527608960971252, -0.00026656275870930266, -0.00026629079250521393
1.802233029000156, -0.00027758505184640326, -0.0002611262026595073, -0.0002608446470104655
1.7755251242566545, -0.00026589733991745645, -0.0002554055146562406, -0.0002551534253117386
1.727244281694728, -0.0005014401217194468, -0.0004952424940940479, -0.0004946200674806456
1.742465490570449, -0.0003942615450886723, -0.0004179894578104241, -0.000417242754973275
1.8311271799347046, -0.00030734010617918537, -0.00029447946984906167, -0.0002941585929501408
1.8432758664387832, -0.0003018788349953998, -0.00034887764665297855, -0.0003483577874178126
1.6122792564234638, -0.00014850477833343334, -0.00018141146621660861, -0.00018120637277607758
1.6108046965910674, -0.00013122868016213004, -0.00013824311689855355, -0.0001381434442995708
1.831494071501315, -0.0002465915998672675, -0.0002677405322663192, -0.00026741996243900097
1.9192052046892851, -0.0001637358303177412, -0.00016355457968652187, -0.0001634136085638545
1.9026167459706842, -0.00033399476660081874, -0.00034973277541911797, -0.00034943618737468007
1.869481301634656, -0.000244629645045214, -0.00023983450396199675, -0.0002396108160458189
1.8178057075559328, -0.00023624351568100302, -0.00024295343306629893, -0.00024260506483759272
1.728956934488896, -0.00017836487936245818, -0.00020632356585103577, -0.00020613040323139248
1.8384381955100297, -0.00033252425860872943, -0.0003266175049449217, -0.0003262345932052353
1.7442849773065146, -0.00043692893098697843, -0.00047564170781774073, -0.0004749448926520803
1.764994426614928, -0.00027378689209572106, -0.00026473338165934114, -0.0002643975439110221
1.8355598504508832, -0.0002309753440694544, -0.0002687597232083501, -0.00026841360057220997
1.8507035445197781, -0.00030836533962784387, -0.0002852934378938452, -0.0002849571218311308
1.8757710364906144, -0.00017421655873288332, -0.0001930547391437772, -0.00019287092772870054
1.8413011874058007, -0.0002898698702282747, -0.0002934783679932131, -0.00029310183102584296
1.8196373094519034, -0.0001989310795433222, -0.00018815284696698407, -0.00018797877731988044
1.8839727995157693, -0.0004536556683123689, -0.00043712663834698755, -0.0004364605145931611
1.698723586075005, -0.0002990432344085138, -0.0002943099623047218, -0.0002940968812376849
1.6930310607977457, -0.00020656419662185656, -0.00019635971368939313, -0.00019615878921480182
1.8188206010793315, -0.00020965292886639304, -0.00021182600431794425, -0.00021158309691517431
1.872175281935452, -0.00026830687515475916, -0.0002497716274944083, -0.00024954249814372885
1.8135317316819377, -0.00033728924581822054, -0.0003372949890273192, -0.00033683371117378645
1.821229147206787, -0.0003671670507628043, -0.0003730243568527708, -0.0003727105719512757
1.8626349651906813, -0.0002830847502736531, -0.0002759543123947954, -0.0002757212558516137
1.791207676063526, -0.00028527410828602063, -0.00025099082255881954, -0.0002506878750935379
1.735291631874319, -0.00025169461095713445, -0.0002583688381000947, -0.00025814843731006813
1.7542683311751615, -0.0003005430957526979, -0.00027598530177947665, -0.0002756233808923844
1.7715450363930794, -0.000546883251583431, -0.000560819171151739, -0.0005600619003504194
1.8125309089879984, -0.00022400709748025496, -0.00023314343995922595, -0.0002328176150960246
1.867930779210275, -0.00022087862284018192, -0.00022147670759558986, -0.0002212449624400584
1.844525359955501, -0.00015855239956174232, -0.0001668988184303691, -0.0001667403049745754
1.8144204559666326, -0.00018039864678841608, -0.00017006820747164205, -0.00016987492214657596
1.6200637259158102, -0.0006942721497452601, -0.000667776352597406, -0.0006669309257055035
1.7777517720861657, -0.00019097314673758092, -0.00018172012125749356, -0.00018152982429237442
1.8368269583847134, -0.00035696222122160457, -0.00039125837997388847, -0.0003909012806239874
1.8239126987398564, -0.000234363757723161, -0.00021449000555252875, -0.00021414748456100296
1.7314538462774458, -0.00014239225783594061, -0.0001481576192014859, -0.00014804000975356465
1.8662180921229956, -0.0002014612551537838, -0.00021721728616975084, -0.00021700950808650044
1.7953233984750099, -0.000224353564580143, -0.00023668154872280158, -0.00023644258882301867
1.8342735763264837, -0.00021482472822837212, -0.0002150878850411845, -0.00021484359639959807
1.8501312850444345, -0.00015106549550722374, -0.0001509112025490987, -0.00015078790996828442
1.7965974965433118, -0.0004129248254429839, -0.00039728082663510446, -0.00039695460437547467
1.8571730486282307, -0.00020029189584319873, -0.0002113280515604407, -0.0002110846787755385
1.8748846290338366, -0.00021504466064283195, -0.00020062013090494464, -0.00020046253911128116
1.8616344959614042, -0.00030944660740797966, -0.000308003022983085, -0.0003077397768055883
1.6818308313836487, -0.0005604193034559697, -0.0005888424454742651, -0.000587757205153434
1.7957622521955459, -0.0002576738182814793, -0.0002513014084451834, -0.0002510504034111404
1.8283728553747052, -0.0002197349236502429, -0.0002500287887770011, -0.00024975980525518296
1.778905712761355, -0.00034277756117620105, -0.00036352480517969527, -0.00036319406136887424
1.7863599810139563, -0.0002125063326956712, -0.00024096645386458758, -0.0002407992580165705
1.8476782974689812, -0.000389052943279172, -0.0003870264926692413, -0.000386702755081371
1.8286411952408013, -0.0004738838122138441, -0.00044035856196276556, -0.0004396562623143647
1.7758688152223134, -0.000368472923359072, -0.000394149606387056, -0.00039353259310222097
1.8238462825543598, -0.00020624220864180507, -0.0002032266778518359, -0.00020300827437105798
1.8475388327836473, -0.00038729230648542755, -0.00041261057420832194, -0.0004119247794829026
1.7475984111923442, -0.0003178262841837589, -0.000282701191908985, -0.0002822838064359785
1.850313412923952, -0.0002781682627091233, -0.00025859368101102654, -0.00025838919705437557
1.7641626362129703, -0.000529391459032873, -0.000547440482909381, -0.0005464979324446854
1.7792077412835103, -0.0002743499615552729, -0.0002750663357790631, -0.00027480197360744
1.8626867776400033, -0.00019918298782425607, -0.0002007323808962819, -0.0002005439551408931
1.8833676951021154, -0.0003987679682385621, -0.00036122822553757706, -0.00036086265125294327
1.6660296575912223, -0.00021718226110886918, -0.0002143619836215049, -0.00021412481150303317
1.7135868868872066, -0.0005963938403973947, -0.0006107270442502796, -0.0006099096607972095
1.8790660943248172, -0.0002824795362375133, -0.0002794266538014971, -0.00027909938914078084
1.8264056021139872, -0.00016221062510148382, -0.00018557097111046407, -0.00018532144990884803
1.7726953167494568, -0.00016400565393629083, -0.00016191357174432093, -0.00016180867670504236
1.8042622798982324, -0.00026930224175332956, -0.00027079347749130915, -0.0002704802181119418
1.7911139257771043, -0.00021701919957551824, -0.00021781031538817408, -0.0002176019359194077
1.8358227231965643, -0.0003396143605995691, -0.00035661701490985237, -0.0003562673210729763
1.8333789385611314, -0.00028041509807363884, -0.00028182777348949675, -0.00028132388555648534
1.7278338609083541, -0.00015970990526323082, -0.00019456138414799664, -0.00019440134373295418
1.8266983609588532, -0.0002078579230455002, -0.00023861900647262487, -0.00023825526959060062
1.6995668887688078, -0.0001815003746650779, -0.00018443215357595054, -0.00018425852829668545
1.8208843414870923, -0.0002246738611264956, -0.0002198042930567412, -0.0002195898049283709
1.9164112448387438, -0.00028178762970301285, -0.00025145061441657064, -0.0002511984568640902
1.8205843174580743, -0.0003240448040586975, -0.00032095631621684037, -0.0003206365955691004
1.791409172422254, -0.00038504523358272216, -0.000405746390585613, -0.0004050812274998795
1.8532335490251226, -0.00019227966455940315, -0.00017105579537410334, -0.00017092249172439723
1.8685782723071929, -0.00023012752891546096, -0.00022865520076771904, -0.00022845004908238423
1.7655916933308136, -0.00020791376459956628, -0.0001892138436905917, -0.00018902793031809836
1.7895337719979054, -0.00019576576915998224, -0.00018106598140588522, -0.00018079517060137274
1.924639238739439, -0.00022218754320774603, -0.0002014086623592962, -0.00020118740214043098
1.805145615268356, -0.0003049599080731589, -0.00032898782374375836, -0.0003286247584388695
1.8884419785430557, -0.00035707880746115695, -0.00035214312338553396, -0.00035183614109724024
1.8829618831505384, -0.0003758485934576329, -0.0003753468224992538, -0.0003750278791669722
1.746298061242343, -0.00018229241721374383, -0.0001663136484492219, -0.0001661520137101151
1.710981522882481, -0.00033649310441243995, -0.0003274244396809895, -0.0003271530777889149
1.899557113969795, -0.0003886283929750031, -0.0003523936264110183, -0.0003518328908326833
1.8806257535033861, -0.00024944725089874587, -0.0002519642861162363, -0.00025168702438619164
1.8660397310939374, -0.00026584019563952323, -0.0002788569974754228, -0.0002785721889740656
1.8881016009365057, -0.00016320526708833564, -0.00015178775524181444, -0.00015166089781395027
1.8984645091292303, -0.000294204059351554, -0.0002771557966371772, -0.00027684883845885
1.7356268998891942, -0.00018557380147547867, -0.0002142450090745581, -0.00021390916476872224
1.8734514338969663, -0.0002485532250429337, -0.0002583804037007707, -0.0002581267092213877
1.806715671565951, -0.0001580078916703313, -0.0001594276206572185, -0.0001592566629288754
