n: 7, k: 1000, t: 700
Entropy, Sampling, Jensen, Exact
0.21190890350579944, -0.0010283237170405322, -0.0010442754068210383, -0.001043751994061556
0.023316574193383725, -7.42713561412529e-05, -7.279435173930467e-05, -7.278821595981607e-05
0.24470325681037702, -0.00148312079392781, -0.001480111762168298, -0.0014800685146635418
0.019416888984947346, -0.0005139866945064568, -0.0005148585183320097, -0.0005148540538063316
0.09186038885737756, -0.0002159718204056844, -0.00021627820016501735, -0.00021627783386778986
0.30220247164743574, -0.002541598250812967, -0.002541487378261699, -0.002540682249300463
0.06919631838395707, -0.0006654445950989612, -0.0006666585891906066, -0.0006666521572710819
0.3365615421153942, -0.0004039187189337091, -0.00038341746042728304, -0.0003833405502779799
0.33046366056232074, -7.123003736880488e-05, -7.42413725458037e-05, -7.423772559054132e-05
0.09990601717909868, -0.000969347004633164, -0.0009644075652871781, -0.0009641021599499521
0.22874996188949956, -0.0001028660795672988, -0.00010322089147983599, -0.0001032147378127784
0.5293417177514949, -0.0003827837513417491, -0.00036329802370009643, -0.00036308674252226333
0.21525897963913906, -0.011305243305367184, -0.01107519136368982, -0.01106120588300989
0.10550523021804857, -4.676025495791691e-05, -4.489090179193412e-05, -4.488788458198929e-05
0.11407203076255128, -0.00020668669528095052, -0.00021011661241192902, -0.00021011123270083193
0.17142289023455226, -0.0007723160118694068, -0.0007208965126448923, -0.0007197403866653872
0.2254281367589924, -0.00034029439958976584, -0.0003562266662919593, -0.0003561625156015702
0.026557124411198226, -0.0001469555934309028, -0.00014823423470223678, -0.00014823329724401657
0.2696544948724221, -0.000178232639147609, -0.0001915692032604103, -0.00019143364525541775
0.174851286366823, -6.025091584522985e-05, -6.0751299662216605e-05, -6.075063117603229e-05
0.21429594140949693, -0.00014760975110762788, -0.0001543454831379568, -0.0001542940163013196
0.05959639092027438, -1.4595833197484817e-05, -1.5924155742615414e-05, -1.5912486611880405e-05
0.21902808673715252, -0.0002050508109095972, -0.00020218069468215877, -0.00020216408926788715
0.09751121495221973, -1.7751618852099143e-05, -1.843657924581946e-05, -1.8434263391419173e-05
0.21573652771352883, -0.0019500067893495725, -0.001942300478567697, -0.0019419713608201867
0.40003423200973537, -0.0029425786403662643, -0.003114876219164621, -0.0031069089298053627
0.38268114136589826, -0.018750235089682973, -0.01910981689765532, -0.019006286058658204
0.5745057079235739, -0.0015830385637964337, -0.0016533317584205072, -0.0016519845174441424
0.16921385222217497, -0.0008803001874948677, -0.0008790118735726794, -0.0008789606584147064
0.20433728888816474, -0.0034729120889569263, -0.0035118429825277114, -0.003508558291117877
0.1909501696191321, -0.00022723298559867544, -0.00022789115555080233, -0.00022788655134176576
0.21923081994220778, -0.00023082932490433095, -0.0002328729547096814, -0.00023236757808906878
0.1296650111666471, -0.0002703320595301193, -0.00025635277645028845, -0.0002563223407485327
0.3713490264777735, -0.0005828190911397475, -0.0005784969015226717, -0.0005783896989569969
0.24307767372737257, -0.0002611014170324738, -0.00025541621033591986, -0.0002552239613089077
0.5622348304069816, -0.005967580038806773, -0.006070298513539059, -0.006046149634688368
0.1693769568305472, -0.00014881813394822528, -0.00014788309162843243, -0.0001478814763427051
0.2552764667170623, -0.0005759308291744661, -0.0005748810526395177, -0.0005747897803506091
0.2883402975494495, -2.9307561889906388e-05, -3.1559784925996766e-05, -3.15428680242829e-05
0.30525445334330564, -0.00034772281027107004, -0.00034883353228696206, -0.00034789478957681714
0.4087320076579915, -0.0012584932012250647, -0.0012380826198304593, -0.0012345866938973124
0.43262486615751927, -0.001826057188720369, -0.0018582639796276593, -0.0018425705206522485
0.464263221673675, -0.0043203867125703255, -0.004283949633327852, -0.00425306228419206
1.0146296983780163, -0.0006413350369311874, -0.0006444571679666041, -0.0006439962165518974
0.4491744755514369, -0.0008352474987750611, -0.0008121283691925643, -0.0008112290590026583
0.4208088892631741, -0.0003872594721595685, -0.00038272688072223284, -0.0003823241477700019
0.5292085681750892, -0.0008339217660702704, -0.0008596404893868378, -0.0008563753487972211
0.263342504080931, -0.005974092259886675, -0.0059990056664915034, -0.00599705231927445
0.0960732005021725, -0.00032989711970003553, -0.00032134419371354953, -0.00032131224820240153
0.2627479393664992, -0.001527069227318858, -0.0015486070266380327, -0.001547624587641852
0.4394985299116843, -1.9723394825398284e-05, -1.903799167293082e-05, -1.9031808933043293e-05
0.4122153816304012, -5.756749361893181e-05, -5.835495948041552e-05, -5.8349752591525944e-05
0.7544928627787016, -0.0007390630962872245, -0.0007040782120487052, -0.0007025994844409848
0.37272383338071274, -0.00028052344704337885, -0.00027698484544261325, -0.00027696058245691357
0.5466648490608731, -0.00023392263906862353, -0.00022315750604709014, -0.0002230889291563364
0.9976001907351916, -0.0015073616778827179, -0.0014838870600869343, -0.0014791422544576762
0.3317036226917388, -0.00016888162230134184, -0.00017417365238192215, -0.00017414293660796855
0.6814749509404212, -0.0013604074824506815, -0.001314380623177338, -0.0013131499229437054
0.6359290948663967, -0.00040721637267405813, -0.0004345865380016602, -0.00043407188751433314
0.42008320569594915, -0.000577318909950915, -0.0006106806229328543, -0.000610222220098987
0.3467557871469073, -5.103318335199969e-05, -5.2571067446571815e-05, -5.255917973185902e-05
0.5095022738952265, -0.0003951288040279906, -0.000389304053718244, -0.0003892564406668829
0.40178562633085624, -0.002722235507098958, -0.002739812223279046, -0.002739227708662466
0.3110071989448494, -0.002854459584985299, -0.002771056274834587, -0.0027697899459336417
0.38315436424747956, -0.0003125839321364765, -0.000303566767732139, -0.000303249180846966
0.4420247757065329, -0.00041714357952878344, -0.00040712367395482257, -0.0004067025130837781
0.7047579428336462, -0.0009045566820877831, -0.0008935152579317218, -0.0008924040853103912
0.7974772260195978, -0.0017396055008884715, -0.0018156418321303503, -0.0018124820993122423
0.45068089332553496, -0.00019136331151821623, -0.00019248526103763083, -0.0001924806261427924
0.6611763425939641, -0.002180098356999224, -0.0020969033978381624, -0.0020879844799321723
0.4312103789913251, -0.007269509958292474, -0.007507059485130998, -0.0074963276204565174
0.5008298912108285, -0.007957861232471249, -0.008287318032975688, -0.008250546743335502
0.5276225149190391, -0.0017734642468967647, -0.0017270349444626887, -0.001723047905810752
0.6026338016378275, -0.0009698066930286586, -0.0010092761136335391, -0.0010053088468682562
0.252398099533793, -0.00020440042586051112, -0.0001835524699165426, -0.00018316832430143645
0.710299787199428, -0.0005430259717777453, -0.0005687357947917693, -0.0005679328144749081
0.854408629065032, -0.00046005526030234013, -0.0004502421995786836, -0.00044908531808314473
0.622977050019262, -0.000295534534290512, -0.00029045617566409625, -0.00028993450232061484
0.44755787892705906, -8.115226579846177e-05, -7.135129428514641e-05, -7.130442554489077e-05
0.9318105258770345, -0.0003139432562966241, -0.00031310872772493856, -0.00031304810957570383
0.5473118580708006, -0.0010465354521475023, -0.0009673246720545369, -0.0009616351578024377
0.962514151958996, -0.007612520313548863, -0.0076818320381932615, -0.007501263083067068
0.6629797621955956, -0.00578934634255711, -0.005898135155957942, -0.005882705817251151
0.5397174032713, -9.598595735951292e-05, -0.00011346974079285735, -0.0001133986093029829
0.6310833984153296, -0.0005652550419308681, -0.0005707404392052367, -0.0005704136725524108
0.632341828032373, -0.0007367851659582538, -0.0007668479677586396, -0.0007637421830533759
1.0778603186526305, -0.0021732944108188994, -0.0022872944602534123, -0.0022621703694370495
0.7742197290440076, -0.00017304379498452187, -0.0001835512917698388, -0.0001833872431176299
0.9297006620887017, -0.0009196898060854008, -0.0008807715278208831, -0.000879807546923706
0.5707221087304661, -0.00041404527199479733, -0.0004144103836414428, -0.00041336426281229357
0.6334708386822427, -0.00215064327499203, -0.0021409788691287403, -0.002136072509417256
0.7648366263942104, -0.00012623838593931838, -9.163775151020203e-05, -9.154878559530689e-05
1.1907160048351169, -0.0009163871893069664, -0.000841704336135791, -0.0008398182188887624
0.8537185047474363, -0.0012378504316202415, -0.0012959557059034662, -0.001294509656449102
0.4851525390306045, -0.00027132502253334677, -0.0002754200778668755, -0.00027530161438114306
0.8855128755802054, -0.0014243830543782515, -0.001379266350856364, -0.0013760398624723265
0.8961521707283147, -0.0006109929020202496, -0.0005890447447888137, -0.0005870405837114794
0.9210545932191583, -0.0019868961700030756, -0.0019022782764035052, -0.001894761122671736
0.6544588200802498, -0.0006659201199854472, -0.0007191026402179186, -0.0007159895457856
0.585933981064559, -0.000682575153010383, -0.0006092221536398175, -0.0006071581826473572
0.8260656879552505, -0.0004737657638615652, -0.00046725925292191684, -0.0004645780569671411
0.6145939496255721, -0.0005914811358197754, -0.0005895881743135159, -0.0005888126925867831
0.8242487496576025, -0.0009695963056765163, -0.0009922551208457536, -0.000990985517286665
0.7994327387813759, -0.005572531037854787, -0.0059332922714851535, -0.005868791404186362
0.6853633188184791, -0.017706698485533707, -0.018202634124799968, -0.01807571151961077
0.8713935864151391, -0.00032939858438657814, -0.0003075254704980841, -0.0003073704243699738
0.5941382524198257, -0.0002185919716957842, -0.0002149294351865693, -0.0002148342568471595
0.9591663878967218, -0.0009908655043509482, -0.0010134597961053873, -0.0010123770569276781
0.6434346226977362, -0.00019346366499117337, -0.0001917866663509184, -0.00019175634818923123
0.9226739522189721, -0.0005441039241795491, -0.0005780573113476467, -0.0005760194315305402
1.3107297565215732, -0.004024626287631684, -0.004101210623173956, -0.004069070959534315
0.6816825874963788, -0.0031300880707713077, -0.0032934833946751314, -0.0032847607982965073
0.5847519846449589, -0.01140320409015112, -0.011541487797670842, -0.011448169879659898
0.9518489925081536, -0.0012855957731007304, -0.0010507723180284024, -0.0010435924083540002
1.3873936710627892, -0.004416807803250765, -0.0038994902036464723, -0.0038507308146816053
0.9695234833653787, -0.0003685755979931682, -0.0004896075149678637, -0.000482989047183091
0.6838440455459355, -0.0005556412028963656, -0.0005702208662760691, -0.000569802542720031
0.8348443180252784, -0.0009558237863675276, -0.0010984649465525216, -0.0010922727751927546
0.8667162587160043, -0.002357467389156224, -0.002198031689225168, -0.002190574749734291
0.9232823666398142, -0.0004665916279918164, -0.0005445246567549717, -0.0005424557120483589
1.0543330020376793, -0.00036024952630212074, -0.00040062233647653495, -0.00039942771854131753
0.5320087330790837, -0.0016075776544421383, -0.0016203307285149824, -0.0016081541776538743
0.5977149325265148, -0.011402574686042494, -0.011244039822169365, -0.011160116968575313
0.9510943174322446, -0.0005483238080904702, -0.0005907126576395492, -0.0005893752128115512
0.8427118311170686, -0.0002489394476160636, -0.0002663009552566225, -0.00026587938176215553
1.0599783688693656, -0.000990923874176537, -0.001052381730712853, -0.0010463595906966795
0.9871518847135895, -0.002023043864350223, -0.001887398421809898, -0.0018768246073522963
0.8280413785102603, -0.0006902940010422227, -0.0006893723673913903, -0.00068849227310223
0.8160308343193327, -0.00041476911427706085, -0.0004864427417143181, -0.0004794041108555215
0.913653988240475, -0.001197696601395362, -0.0012232697287492596, -0.001221453592277849
0.5440983479683131, -0.001362454488684278, -0.0013313743316620936, -0.001328498237300334
0.7305535867485797, -0.006943204819364793, -0.0069723362457755475, -0.006925346989647734
0.8017778914915528, -0.0010762961368054433, -0.0009791046404210746, -0.0009635586454848055
1.0784293733042702, -0.002876987197520043, -0.003015761176514447, -0.002986337352915652
0.9231256995763104, -0.0005800446922947938, -0.0005049657324953428, -0.0005022853307108781
0.6997681755280364, -9.288374559943714e-05, -9.918053903616223e-05, -9.916675479342178e-05
1.0766109801417696, -0.00040274500834309133, -0.00039394344856992253, -0.0003930091957592601
0.8459628245656152, -0.0013592459834598984, -0.001367664196923367, -0.001360065303972099
0.9141901426006068, -0.0017159854395722425, -0.001704462259353807, -0.0016851383835723584
1.0928209918066607, -0.001662939930820352, -0.0017174427998606215, -0.0017015570765218976
0.8286462129251176, -0.0005815534099237183, -0.0006540177167617925, -0.0006502052515106719
1.0985690509421984, -0.002446238501726782, -0.002538506595802635, -0.002509063078799079
1.1913007984029569, -0.00286959278880383, -0.00281782117298692, -0.0027984700914042734
0.4635431709253869, -0.00024105871462597804, -0.00025306668598898055, -0.0002530087688416867
0.9296940209954782, -0.0009275138359880652, -0.0009247611070748149, -0.000923442359792408
0.812219561831162, -0.0036625277398124956, -0.003794149131808291, -0.0037872783354359956
0.8354240099854504, -0.0002372686481648995, -0.00023008877145173716, -0.00022991879631507588
1.0625330962439623, -0.00029835834940604287, -0.0003369040169152125, -0.000336233781997142
1.079319358189638, -0.0002608195759839859, -0.0002693891988288091, -0.00026926670915849836
1.1202843839029721, -0.000631389080823272, -0.0006004786876996041, -0.0005999530004000893
0.9675849169297693, -0.0012888269394133877, -0.0012864915002984442, -0.001283278788740933
1.2281988700835098, -0.003366315881476106, -0.003484049134674461, -0.0034468587025208376
1.0212892816261296, -0.00028000818879439325, -0.00026475604662759474, -0.00026429548646118113
0.8888546831405764, -0.0012545695980697418, -0.0012960660887856622, -0.0012943426605014348
1.1842844067583385, -0.0005973425619121947, -0.0005658079204267951, -0.0005645504264254757
0.7961332626022578, -0.004281351801630064, -0.004518019533561446, -0.004491933686492697
1.1854096303561192, -0.0017381533093811807, -0.0016055151502684672, -0.0015867248587665083
1.0833444200085345, -0.0008572441102751322, -0.0008954508934543814, -0.0008891089099769315
0.9217642637148462, -0.0017134872074346826, -0.0020991224831110435, -0.00205961048627232
1.1506352065239456, -0.0020872449613143474, -0.0019308939089471657, -0.0019182043915212162
1.3892759126615797, -0.0019606648012649975, -0.0020829426633957432, -0.002068197427260944
0.9092011345700842, -0.0013508058469614986, -0.0014166572314092696, -0.0014116062463467177
1.161166474598286, -0.0019207671401817819, -0.0019279244403369877, -0.0019088124352408303
0.8487695148784173, -0.0006547787615635352, -0.0005987870779163201, -0.000595302165146547
1.2099492566884842, -0.0006745964066849132, -0.0006330402200800563, -0.000630697596148818
1.2383707393666956, -0.0004136851681577355, -0.000430118183458787, -0.00042837552422598374
1.1702866595874402, -0.0002585477977699945, -0.00023501095544982206, -0.00023478268778474228
0.5354711140595239, -0.000748544936093821, -0.0007552224758453283, -0.0007548262382098829
0.981512381623208, -0.0008639305107589614, -0.0007769821510158952, -0.0007716305133549442
0.9853517348668124, -0.0010678530562981208, -0.000987376554460323, -0.0009856885734926795
0.9611889548790652, -0.009293115775533796, -0.009258529367815033, -0.009106985128700755
0.983518169021183, -0.017842348760859744, -0.01829502709088157, -0.01812787783329528
0.8341797677532343, -0.00021975241798087106, -0.0002408136041518708, -0.00024060534024034733
1.4480084550557553, -0.00348885705030074, -0.0031444238464567093, -0.0030723051358022835
0.9750434719272965, -0.00041966830011915256, -0.0005039775298764709, -0.0005031007228988223
1.0666878448377888, -0.0004751321508810845, -0.00046830918568830515, -0.00046634827516149987
1.1208835107068433, -0.002108629131938863, -0.002228572105050817, -0.0022179231932445845
1.125187219493497, -0.0003198636559135739, -0.00038248771994834756, -0.0003813998607450965
1.104855361210798, -0.0008567632911326644, -0.0008429664295131449, -0.0008410124680437222
1.0772543313307175, -0.0006529260266361121, -0.0007222595500879261, -0.0007179765946171765
1.4337815345848175, -0.0005296382190317488, -0.0005340831439435738, -0.0005306238378113118
0.7729173561714742, -0.00033280798768449453, -0.0004558535370232486, -0.00045222621354024914
1.038070688547847, -0.0006497216115876326, -0.0007669750230081704, -0.0007617173101811382
1.0143321922364932, -0.000624294521639953, -0.0005343093276948374, -0.0005318780884026181
0.8176816741119771, -0.00036584085365935163, -0.00036954667942288184, -0.0003679542647462389
1.3205434747708296, -0.0017393609227601419, -0.0016264469952265309, -0.0016137237217190114
1.2907706669028, -0.0032310136162232023, -0.0032175654771462213, -0.003186465392397586
1.0233816322266898, -0.00043345762303395455, -0.0004103452457048082, -0.00040977875397876
0.558545224409212, -0.00019206402398032774, -0.00017021260329872786, -0.00016972315965778988
1.1473745076645991, -0.005903440877489627, -0.006080310131934736, -0.005999574698529586
1.0286923613998968, -0.005831868341561792, -0.00586042879259401, -0.005784298792390497
0.7540534640741271, -0.0002135233414865056, -0.00020579667648869778, -0.00020560309318331326
1.0313899024961455, -0.00039995138098673246, -0.000358309727844387, -0.00035768913177649267
1.0857498141808113, -0.002935392737859721, -0.0025345066839541235, -0.0025071117055144344
1.0934124825389708, -0.0006135318538508531, -0.0006206339495033298, -0.0006191379656594071
1.1589530456053934, -0.0015787515634874557, -0.0016138932606949423, -0.0016090414352825878
1.3690748554958643, -0.00026714864461608445, -0.0003039381397506165, -0.00030344038018814977
1.3703217687790434, -0.0009937564445026072, -0.0010113743164522277, -0.0010056795355001613
1.165056790451495, -0.0019511176500909269, -0.002307790883479189, -0.0022692348032418794
1.0742653793189822, -0.0005321907062770362, -0.0005395136663551955, -0.0005380459586046144
1.2500091957033281, -0.001037612917843921, -0.0010212882940001857, -0.0010091427464295332
1.4896715921135322, -0.002619284422395121, -0.002544006938521382, -0.00250831455188942
1.0927715997099012, -0.004026526117255305, -0.003888881745255316, -0.0038080131155701475
1.158155385353043, -0.000778156194930482, -0.0008073673451098897, -0.0008039611253783426
1.2686141058757958, -0.0016496858476038475, -0.0017790989306689204, -0.001763143484209596
0.9738177905300472, -0.0004885432910705178, -0.0005106904690448414, -0.0005090267875530718
1.0228901141903435, -0.001086274186762235, -0.0011223966528664604, -0.0011108418331661099
1.0675340830668412, -0.00029302386842561804, -0.0003131387951651869, -0.0003127227249283311
1.3673074026661123, -0.00040017371847348424, -0.00042225982088348073, -0.00042030049280294176
1.0516335161349926, -0.00035338214045256924, -0.0003733043944103513, -0.0003722335670780823
0.7543182076866372, -0.0022971050342748553, -0.0024096405409948078, -0.002394958701182476
1.323242481805165, -0.0029627308363669364, -0.002950411442203418, -0.002931931830398036
1.1927976619058764, -0.0015620600077545354, -0.0015186686767175877, -0.001514025221219154
1.2835309817759064, -0.00031413530809004274, -0.0003016972791614534, -0.0003014869040882977
1.0815748561968523, -0.0012045745488412636, -0.001193602612103421, -0.0011893619734171677
0.9542383805709543, -0.0026650334330006386, -0.0027208178699033563, -0.0027032294892220168
1.3760534185401156, -0.003201815464926759, -0.0033118245128296348, -0.003287068389966345
1.2548052679145925, -0.0007988922559324916, -0.0007917972164047726, -0.0007893453685922159
0.8111809075869945, -0.0006001013372660107, -0.0006527980289828937, -0.0006468338833819508
1.262209577951107, -0.0006282495740251422, -0.0005739842307778848, -0.0005717964092926181
1.1647930727976168, -0.0007252042109794263, -0.0006986449463505945, -0.0006974660047069416
1.059560404287488, -0.0005161974581478218, -0.0005445911231706554, -0.0005440684396767599
1.1436137930279833, -0.0026507981826471125, -0.0025513737442390055, -0.0025372751672822266
1.27935724123625, -0.0013495481773188604, -0.0013546983197652983, -0.0013468361009473994
1.2735655885997246, -0.002323699192729654, -0.002152321582402877, -0.002124201917586468
1.271185725773756, -0.0003745514529782383, -0.00034687419985536983, -0.00034629945416228585
1.4381858021533644, -0.0017803348457564275, -0.0018847894040936678, -0.0018624814628204834
1.1539638322544639, -0.0009986417825893904, -0.0009567123246952255, -0.0009488969596338308
1.4354019149245496, -0.003435772494934989, -0.0038828709090014766, -0.003833928489399201
0.8212110552636037, -0.0038232704323763723, -0.004049463898611883, -0.003911899858074841
1.1104123645710904, -0.0005484946637734278, -0.0005686833889941206, -0.000566997651525433
1.2603072868730274, -0.003045129015719783, -0.003326077368693552, -0.0032863129697185394
1.2199906280660977, -0.0010749967431947765, -0.0010994297482894047, -0.0010915662635910912
1.0942720302333184, -0.005138294668407975, -0.005360049955039485, -0.005267322437997471
1.3029602850142925, -0.00382416532947536, -0.003482648235104722, -0.0034283194457833963
1.5585520438473128, -0.0013452363430005625, -0.0013802455921138818, -0.0013664570008495738
1.3919959746240427, -0.001033195799929652, -0.0010671539547966065, -0.0010575437222794238
1.5969649319387194, -0.0004029377415808797, -0.00046407777018635607, -0.00046218663206676303
1.280051021681398, -0.0010768961025860303, -0.0010459252859544286, -0.0010381387235121806
1.5725262519464558, -0.002039798168601889, -0.0022273521000225954, -0.002207589023988124
0.981761153362128, -0.0015166626070567766, -0.0014879498415435993, -0.0014824447255888248
1.3714926444632114, -0.0012831151352402038, -0.001110950913868674, -0.0011043174997597367
1.270411229696552, -0.001769821346046165, -0.00163016183017108, -0.0016131900448203877
1.2209074471558363, -0.00854547514062505, -0.008827782487588944, -0.008705837481148946
1.0921897602681585, -0.0003399419710003157, -0.00035123110104974585, -0.0003508217285175202
1.2695715832138765, -0.0015582749730237819, -0.0015476744466801668, -0.001537448552077628
1.232059693257024, -0.0003817437706947937, -0.00036995585381019333, -0.00036937386701817925
0.9327163771974367, -0.0018888657871448191, -0.0020287506362089134, -0.00201631916386171
1.2728340587851383, -0.0034964222378002555, -0.003528415249439117, -0.0035029465075753284
1.4092229917058419, -0.0018027936334128521, -0.0016914595292194079, -0.00166622062530874
1.2221707152361545, -0.005298660836555417, -0.00509937417185881, -0.005047215099454624
1.1624491451215697, -0.0015698237322194417, -0.0013945915982662887, -0.0013857736581962949
1.6296863425106454, -0.0012257220645405839, -0.0012303062554094508, -0.0012170246912209465
1.2527558756087351, -0.00047971102007067756, -0.0004835228071528569, -0.0004821410495648409
1.3882139031474945, -0.0005718532941027554, -0.0005453285014972956, -0.0005440892428036866
1.3050407115176277, -0.0014909718534090515, -0.001539222017459762, -0.001522892411154193
1.5000318895365978, -0.0010194125472043503, -0.0008464102348074845, -0.0008398231018487242
1.2641931325819953, -0.0007635058537980179, -0.0007041459331859322, -0.0007013054280573821
1.3169238982915694, -0.0011911409203603292, -0.001232318502092278, -0.0012269975634249001
1.3576617990838327, -0.001149004903070804, -0.0012656595691802521, -0.00126125145268255
1.4580873922457136, -0.0015420328278432764, -0.0014060286065878658, -0.0013947612626164958
1.1300627152512766, -0.0016890362323201714, -0.001509263637385411, -0.001501819800162121
0.9988259235399642, -0.0022924985551926493, -0.0023577850476834672, -0.0023420988046605573
1.2555195166603121, -0.0007745332826598276, -0.0007388872405470341, -0.0007366172593388716
1.3614471802000634, -0.000986169918871345, -0.0009690064707914256, -0.0009627765638307576
1.580715412961212, -0.001007268579000953, -0.0009051308811631329, -0.0009007125841375442
1.3291090941821528, -0.0008224675686415106, -0.0008211601743967332, -0.0008167730494682082
1.3220839860169489, -0.005293271126956801, -0.0057011726029256625, -0.00561238343737659
1.3073757543887907, -0.0023021415918610495, -0.0020399167625542412, -0.00202494784805872
1.3606375153671433, -0.0016734997595303808, -0.0015467382215320592, -0.0015322659395730469
1.176554304917406, -0.000774265310890765, -0.0007425262471558597, -0.0007410876994060777
1.3259029046815967, -0.004882409513449587, -0.004914487981783022, -0.004895124851761613
1.6700303018495313, -0.0032475485839476965, -0.00330669275684494, -0.0032523211173243398
1.3521343895330076, -0.002233523774115356, -0.0023009136224532477, -0.002275952490953612
0.9021167334212554, -0.0004989021865840134, -0.0005472259534445146, -0.0005455808698701618
1.4298693282538844, -0.0007336105191861558, -0.0008300431107749115, -0.0008266106855153344
1.3991332913171053, -0.0006600156738640758, -0.0007130808577382564, -0.0007105654407680529
1.5395471659198374, -0.0018579030075488402, -0.00206054630003556, -0.0020241760062641393
1.3820301908373218, -0.0005707020820482112, -0.0005355424217266057, -0.0005336089605479937
1.167199122083513, -0.0012970940112954704, -0.00122066664516338, -0.0012108244143926902
1.4192487374035971, -0.0024691100006293608, -0.0025264552087422305, -0.0025144864383242972
1.5032981089140518, -0.00500593335466508, -0.00538997322191925, -0.005309020849651874
1.2612864537795618, -0.004100423909028868, -0.004194965250266376, -0.004164931980162827
1.285103348222886, -0.0004384575778658185, -0.00037587400985746424, -0.00037486169058464767
1.5916062614229272, -0.0005854359358381264, -0.0007684644283827405, -0.0007600284847274968
1.574919868140801, -0.0030255311456330544, -0.002583565083290073, -0.002541588777837136
1.533135726661763, -0.004498554459236395, -0.004520682776337014, -0.0044425525178347445
1.3472140156817718, -0.0005678363041424247, -0.0006259610105672055, -0.000622245687902062
1.5836840225736322, -0.0015063511242351107, -0.001362406333704305, -0.0013537143088971947
1.1331324978677326, -0.0009470007638537867, -0.0008646022177348387, -0.0008616303157549902
1.140582779632166, -0.003207898626105813, -0.0032298863801927813, -0.003208401777374908
1.455895219732475, -0.0019512483135112975, -0.0019238235209321508, -0.0019094306366917771
1.3994961862728075, -0.008910943086540987, -0.009001870772668471, -0.008850608017932372
1.5209505541222514, -0.0006067202439825875, -0.0005613789870651644, -0.0005583334646694863
1.1894723213813658, -0.0009754708334712525, -0.0008968499980995976, -0.0008938250132166977
1.5856746119363507, -0.0007873760801339526, -0.0008697885239459301, -0.0008624121693208679
1.5323975238375414, -0.0043910881774772755, -0.00440160417003946, -0.004353471005397305
1.6080802973309472, -0.0008256086759265157, -0.0007404481931004962, -0.0007330214877524275
1.517430199207771, -0.0018101625435392205, -0.0020754353849626954, -0.0020246815288561303
1.4889371304346084, -0.0017936128902256185, -0.00173946194827318, -0.0017180926557664306
1.267331049796144, -0.0007335275281766137, -0.0007931518687531409, -0.0007884376846223403
1.210465019142174, -0.0012734680895846334, -0.0012185064128060919, -0.0012126720629184525
1.4784647126190662, -0.0029016072647154844, -0.003126311396966189, -0.003092950383170641
1.543931751643107, -0.0036047868713412552, -0.0038330267098791206, -0.0037833566298168114
1.0901564614407793, -0.0008911119348212985, -0.0009864859325947504, -0.0009817611750796208
1.6403494613207457, -0.0008218189800353996, -0.0009436361045336816, -0.0009370924047033352
1.607374558478264, -0.0031821620556202017, -0.0034048075412434135, -0.0033643241830337623
1.2334557568963385, -0.00043927095391689433, -0.0005521732595623443, -0.0005454642371732127
1.5642349774054718, -0.0005872641571513493, -0.000686001959881356, -0.0006820332614047028
1.5921068343678615, -0.0019695916036198313, -0.0017714776608554316, -0.0017481471503586134
1.5975618735698736, -0.0010894996158476533, -0.0010381775627023183, -0.0010317331866822905
1.4923451341230969, -0.0013240044633021058, -0.001482459374579001, -0.0014648255794055456
1.6212157266765554, -0.002487412476732039, -0.0021452199835892065, -0.0021121810914699274
1.418626768723645, -0.0032250801301415685, -0.0030171151084558657, -0.0029952648360916205
1.5270331442337997, -0.0014172580341255164, -0.0015908485678278593, -0.0015749390408979428
1.4040719882826342, -0.0031713130712177967, -0.003294209583601198, -0.003274771048018226
1.300909183986997, -0.0018146056377772717, -0.0019373311849356573, -0.0019277476689582589
1.4315995562991402, -0.0008967028393380778, -0.000867858168910881, -0.0008635830988193201
1.6098549321594462, -0.0021388526201589616, -0.0021622258118801614, -0.0021380164593189682
1.6837123137719152, -0.0016469228234272815, -0.001613630887502164, -0.0016019099511805574
1.4125947647676207, -0.0031702683092734735, -0.002929274910274931, -0.002888198321537965
1.2534758470982204, -0.005366848592415402, -0.005572401003043198, -0.00549991296473742
1.4918259849241635, -0.001778145236854464, -0.0019901221146587165, -0.001971324103240461
1.5675479976649698, -0.0016066148275349003, -0.0015912972542032324, -0.001575372785092599
1.6885966321243464, -0.0012510700368675005, -0.001396842169892201, -0.001381712886904362
1.5486288075958519, -0.0006836639736547792, -0.0007904135855369679, -0.000786683294957726
1.4713541123022202, -0.0016329036968691008, -0.0014056427921074147, -0.0013843121111881795
1.6719927208874459, -0.0018119499626081629, -0.0020613771804672636, -0.0020437945498611504
1.5136783792257376, -0.0008946549810333981, -0.0009406593461396993, -0.0009325720389648115
1.6052091561137516, -0.001782648358348501, -0.001933493583638804, -0.0019116216498268554
1.6121770510907412, -0.002239086782828951, -0.002298734382062694, -0.002265617977435003
1.7002167222043048, -0.0017189616141313174, -0.001784045346956761, -0.0017616581417097704
1.7037881733759204, -0.002993350801201787, -0.00288932053820806, -0.0028503674536614686
1.3885759687952628, -0.002429079715504424, -0.0026098766171918568, -0.002568278098049388
1.544928205928286, -0.0011191033596532716, -0.0011326771444204776, -0.0011177385951424976
1.4589701570611286, -0.002875015596284344, -0.0029710171144851304, -0.002929730764433671
1.662591711919782, -0.002194915211026423, -0.0018557115268640712, -0.0018330148938065218
1.5603577900827752, -0.0016303879388087647, -0.0016108750967993189, -0.0015997977095812005
1.5295184321776085, -0.0009657857409037867, -0.0009884740520512923, -0.000981014828515242
1.6523833807210582, -0.0015568197600241307, -0.00148702321827654, -0.001475490706768034
1.5739190718372886, -0.00438360856532197, -0.004717643466602837, -0.004619909435672679
1.6103229954539058, -0.0015967509395431597, -0.0016401111614581037, -0.001627740461943228
1.6750162426009365, -0.005845793376529386, -0.00600347268216544, -0.005897388035504304
1.6722466896967794, -0.0020508876189523784, -0.001995025334918297, -0.00197316610600657
1.6110418125593602, -0.0014975393359527422, -0.0016228776760641376, -0.0016070502938059861
1.6200041895266195, -0.0007980954893354958, -0.0008151013392808089, -0.0008088393229152524
1.5751224466548217, -0.000867409128399141, -0.0007892460609689788, -0.0007825221323550447
1.4679263369260467, -0.0015874874302525962, -0.0020398519956003956, -0.0020160931501033152
1.284559119676078, -0.001133337776838674, -0.0013199164982114593, -0.0012985716986117178
1.5347024887053582, -0.000912547281179277, -0.0009546503269924799, -0.0009489848878900625
1.28399190239292, -0.0017235922191557505, -0.0018871737440197217, -0.001861633761693454
1.6637786634306144, -0.0012307348624726261, -0.001043878299252992, -0.0010336790369899695
1.5872802106560158, -0.0031204426376861996, -0.0027605717518770835, -0.0027347772781372414
1.4975913520375086, -0.001302857409536948, -0.0013979352287288014, -0.0013898556437908864
1.4311808207484507, -0.0013243253333257519, -0.0013927490678110302, -0.0013816729114938565
1.3695153521348467, -0.0004636986658679064, -0.0003514477152445602, -0.00035031011917476977
1.7804985143962766, -0.0006750817092942748, -0.00069731258829767, -0.0006942815690483725
1.4556651585928904, -0.00250213272771906, -0.002668647568518154, -0.0026371369294244753
1.4678163123143726, -0.0014463375484137905, -0.001472806413262854, -0.0014669380228530065
1.3737522080742275, -0.0012405881231206685, -0.0011400914388916311, -0.001135821156033872
1.6969885911993803, -0.0021659094641563177, -0.0020883494066281957, -0.0020671323269262024
1.4369679206694916, -0.002251055279724799, -0.0022616096419439745, -0.002240899271927669
1.7661637803513275, -0.0010187888268937532, -0.0011880790246773059, -0.0011770718588947752
1.6532733030135403, -0.0038422869400128404, -0.0037056963290286815, -0.0036607950435320834
1.514542209534078, -0.002974292164033608, -0.003008708833191792, -0.00296837050295837
1.3685338957314754, -0.0022175685714973135, -0.0019023573869467025, -0.0018493021650325145
1.654928855397462, -0.003564937246993386, -0.0034130941803376213, -0.003375689981932989
1.434317486089982, -0.0005852941713383044, -0.0005131704172431163, -0.0005116290312098172
1.5167886313825412, -0.00499790883879174, -0.0052808703127766796, -0.0051971627321981935
1.6429752525040946, -0.0012764994043281623, -0.0013030540682006948, -0.001291206391059525
1.4503026106973322, -0.0016682059254398908, -0.0017524352638508185, -0.001731008563911117
1.702086325310114, -0.001497976522274241, -0.00171230857985083, -0.001688747560891151
1.6814893864543683, -0.0019423919335713243, -0.001876417529183347, -0.0018587787355361673
1.63114259419786, -0.0016284853462656813, -0.002003760625056414, -0.001973217697623013
1.7042273158622074, -0.0023255245673198957, -0.002027813954821333, -0.0020025254988899114
1.7541675268864523, -0.0031762238371920598, -0.003109596481597058, -0.0030707728515042814
1.721721919323539, -0.0007550532885415638, -0.0008178812396961582, -0.000809937457112259
1.3247691186003168, -0.00039327247286015247, -0.0004136290999928257, -0.00041230229403347495
1.6740164032737457, -0.0006543984947402202, -0.0007174032320281, -0.0007145373693315077
1.6127444812777036, -0.0010776645850746514, -0.0011566615214760087, -0.001150160103998651
1.5404159024563702, -0.001296461468566098, -0.0011843919998549537, -0.0011750437279169554
1.5825299219439757, -0.0019196254398648157, -0.0019327120960792449, -0.0019190480664422053
1.5211098407493338, -0.00042697011112612874, -0.000525075034221226, -0.000522675500384336
1.4900625417488769, -0.0007679475323147723, -0.0008704936254466164, -0.0008638155178601524
1.4332083374379643, -0.0016697806468400356, -0.0016341885325334435, -0.0016080504406986126
1.7538502748924054, -0.0009916871045570427, -0.0013237173363900884, -0.0013136265737017092
1.782910780057008, -0.00218268073044599, -0.002141938459138273, -0.002119863510183581
1.5169484309132066, -0.0012445998179827838, -0.001295402390262681, -0.001286886251932647
1.73604568307537, -0.0029484306253398, -0.0029365787803342313, -0.002891962835659952
1.6092988420159353, -0.0017324215010030089, -0.0018692461440274963, -0.0018546827003262218
1.4580858159290597, -0.0018348746849769326, -0.0017122275175785078, -0.0017005024868527775
1.5916646478010754, -0.0020543486411388418, -0.001888147974112039, -0.0018599874885617586
1.5625582581868511, -0.0016553593526095667, -0.0018453749725719551, -0.0018172229728725495
1.7701771258234273, -0.0014574037055444257, -0.0012696874679957975, -0.0012517671529922395
1.548201046537659, -0.000821741430352623, -0.0006627564315143798, -0.0006605481425734596
1.6207701872107463, -0.0025041568638080104, -0.0023611296477035544, -0.0023402145184136984
1.6606997955366498, -0.0041479948044434315, -0.003991441529213972, -0.003925411855017798
1.6708094420414266, -0.0010028989415531942, -0.0010027328924424091, -0.0009951603602034946
1.6815499992402374, -0.002045264432386814, -0.0019908340917864694, -0.0019767821740528883
1.5624240471179627, -0.0017987729679370854, -0.0018581843815921929, -0.0018395873691514303
1.6688125016119562, -0.0013266184403928295, -0.0013060242112470873, -0.0012956873531935597
1.7420041189450493, -0.001888054112003338, -0.002064891135032067, -0.002044675977110844
1.4945054351809783, -0.004654680681722297, -0.00474082062038305, -0.004639308274261582
1.5240590776103156, -0.0017819057735941443, -0.0016666217491910723, -0.0016508376975181002
1.565945402411995, -0.0012232153795429912, -0.001350959349997905, -0.0013415809976411828
1.5614464931376155, -0.0017649495215627967, -0.0019005443827595358, -0.0018788873758735526
1.7523948630621402, -0.001962319636355431, -0.002176940704061508, -0.0021489648687370295
1.5157697645737573, -0.0009877545615417885, -0.0010343955688943507, -0.0010281546742468843
1.6571548088115342, -0.0009275397664732392, -0.0010065572388090447, -0.00099866220364205
1.3309674690212794, -0.002298732310051485, -0.0021850131401203727, -0.002178219309685632
1.5799064058164307, -0.002718278590780737, -0.0026942838113885982, -0.002672173986338805
1.620024564666895, -0.0014484260079134286, -0.0014919158723888206, -0.0014830375862419536
1.7053681805982437, -0.0013818436951259895, -0.001482048729222539, -0.0014581279006181287
1.5071798441253015, -0.004218951832381201, -0.004171754189543038, -0.004122259366381107
1.6741972543474872, -0.0010937760813885414, -0.0009355897622879517, -0.0009287676728271478
1.3097195542901379, -0.001727034290788629, -0.0016917346623206665, -0.0016802413827729668
1.6993387838542087, -0.0011752149970688807, -0.001172888756478039, -0.0011615794986445556
1.7322582156442423, -0.003348870460658837, -0.0033885493452908643, -0.0033444740252667722
1.6289385997353916, -0.0011550688765691933, -0.0012600710040975127, -0.0012494789346105825
1.6572628155704994, -0.0020771873609882986, -0.0021279721440727265, -0.002105275704595305
1.2847396171583016, -0.0010458313890776255, -0.0011764471297067345, -0.0011705363719431688
1.4984901181612311, -0.0013848880467430527, -0.0014004069032401108, -0.001394453955291466
1.5993070414449841, -0.0015249894816570188, -0.0015330319700692068, -0.0015174231394899439
1.2953615905720943, -0.0010022030329627893, -0.0009809817939592867, -0.0009774960126863708
1.6519147489977886, -0.002208106832054882, -0.002498973343869597, -0.00247368291483447
1.7082579835326877, -0.0018706305192172032, -0.0019776896168503654, -0.001951730287225745
1.5932750391223396, -0.002719128108763452, -0.002700910530179511, -0.0026676893143192924
1.60987424824493, -0.0018922766364066537, -0.001801197315023626, -0.0017865303040003199
1.5507220230888166, -0.0016860190027236641, -0.001680769091888442, -0.001665694247567884
1.697228405496027, -0.0022184026660797443, -0.0023167168572247104, -0.002288255126466144
1.6525890017509988, -0.0011723187616589615, -0.001123284591323212, -0.0011142419453680672
1.6971960304434457, -0.0015082994240983273, -0.0013728014427958626, -0.0013570448304162251
1.5210845989418866, -0.0030224033643189534, -0.0033818362321733236, -0.003342347378115765
1.667828663731832, -0.001148709895300242, -0.0009121572456203819, -0.0009064121047319688
1.6869815195754836, -0.0050305738035458245, -0.005347844446093145, -0.005265794802486928
1.6757035216266905, -0.003387260804875029, -0.0030250008602923624, -0.002978352178730046
1.5948174648780322, -0.0012343728340801973, -0.0011282163529030456, -0.0011153727317442382
1.5857422359432096, -0.0006170447393396753, -0.0006839824608813039, -0.0006810806429921599
1.5766233103349292, -0.0006289449563719103, -0.0005901650688284101, -0.0005888167719867155
1.5722431288276255, -0.0013431170925213922, -0.001488840309192242, -0.0014793599745282719
1.6000365224841688, -0.0020708890374953296, -0.0018091150800544989, -0.0017837939371246009
1.7092746320469434, -0.003742678685184718, -0.003669997545560324, -0.0035977572526009988
1.8179880729253637, -0.0019725337292111206, -0.0018317551441169035, -0.0018147861711542272
1.757410345724427, -0.004413525713764072, -0.004838364935694889, -0.00476077334312338
1.5563133934270292, -0.0010656347650601417, -0.001084913296573084, -0.0010749538719008846
1.244731200261141, -0.0008009598323951342, -0.0008532191177981137, -0.0008505369098243167
1.4789262967972212, -0.001364463077346925, -0.001308439792786317, -0.0013033093807963121
1.7699683846815923, -0.0028356543750232845, -0.0029268588888193164, -0.002890175713369486
1.4878609910443035, -0.002863876227684129, -0.003393499988445703, -0.0033568997647094967
1.7401695728701199, -0.0032386761160514282, -0.003380795704261276, -0.0033251891251266734
1.7087270215381831, -0.0017360919185029893, -0.0017716988464696265, -0.001758526485062796
1.8256468504204404, -0.003608885801635526, -0.0037409653151093485, -0.003664679020028283
1.8164665156278978, -0.002246365441806102, -0.002066012608728851, -0.0020358733648733686
1.7796512954159986, -0.002031727366836968, -0.002059266607714071, -0.0020319299100726826
1.7787307446784066, -0.002477519154916062, -0.0023245100345402527, -0.002297620720847962
1.724745321691407, -0.00197964164706716, -0.0019146593899910436, -0.0018968748174687654
1.7511120906647017, -0.0012806350961527353, -0.001240862824948305, -0.0012336915807188737
1.7077525648461869, -0.0018312974321870246, -0.0019654949403768622, -0.0019443177875658273
1.7616859229453057, -0.003386838212953051, -0.003169241535511265, -0.00310943391399389
1.71917867409165, -0.0011866907773055283, -0.0014188813142151147, -0.0014044580278819328
1.7197665067538108, -0.0009231998617796994, -0.0008645430255843855, -0.0008587388893984979
1.659178342590256, -0.0007424750969784859, -0.0009511404209935928, -0.0009428117347400541
1.618570449335205, -0.0010552186977711166, -0.0009910688685019512, -0.0009881814617708133
1.531368687880646, -0.0025906026674310796, -0.0026152272207360127, -0.002592690431580876
1.515930062130484, -0.0009886735544696339, -0.0010462179885682695, -0.001040882235952116
1.784434085905925, -0.0017156019178910125, -0.0017511410214070611, -0.0017391325687141743
1.4820950591803659, -0.0008136989224021343, -0.0008953868907154725, -0.0008912497629535905
1.5710588278309703, -0.001228498904192722, -0.0009790156779908585, -0.0009730994980418663
1.6435801369630363, -0.0007576528685421904, -0.0007788082821248445, -0.0007748395619304909
1.8678822206887429, -0.001641162942307328, -0.001641633084969962, -0.0016240018569350263
1.4049547741219406, -0.0014081317431846197, -0.0014353263000878832, -0.0014131621225802445
1.7340218325106205, -0.0020790657666457063, -0.002255854113021748, -0.00223060782205113
1.794197712097161, -0.0018427356892115774, -0.002111152320444456, -0.0020709563660087447
1.5303868327660002, -0.0018255355137861797, -0.001865628482667345, -0.00184678774538709
1.7202688422689414, -0.0016778068275488814, -0.0016320004005050506, -0.0016133884605135905
1.7998566305246657, -0.001003606600099359, -0.0012838206291346521, -0.0012698528169818263
1.706874192984351, -0.0021933768849848653, -0.0024123603038348693, -0.002394444449304749
1.6638997857250222, -0.0024459221118595122, -0.002636028739402316, -0.00261030465641688
1.607239303686678, -0.0013983282094813694, -0.001341657599231364, -0.0013283499275940865
1.622846459707455, -0.0019605351221016303, -0.0021364701028345366, -0.002114522574043367
1.707322025740487, -0.0027550847845723017, -0.002791411456418114, -0.002762682793374103
1.6633969520828624, -0.0009528126726181269, -0.0010404334080127721, -0.001029429972601416
1.5903142149977154, -0.0011336023452695172, -0.001155122141968238, -0.0011460813891870764
1.7861399009264718, -0.002862697298933178, -0.0029914897454859884, -0.002953293355406196
1.724813925509185, -0.001850010354926765, -0.0018575201636736045, -0.001841747900217645
1.6282878624615564, -0.0011748027644734906, -0.0013379818958600491, -0.0013250127253943164
1.6480513453826606, -0.002625061400905879, -0.0023873238451716057, -0.0023492243161232374
1.8462652805087731, -0.0017285246672799793, -0.0016782824618246821, -0.0016643611444015706
1.6043590275038686, -0.0012472818370315281, -0.0013100212738291982, -0.0012991299945820636
1.6992427000950268, -0.0037587608899338925, -0.0036547683092492773, -0.0036117694780104497
1.6592417206247883, -0.0009005427004921322, -0.0009643577265608293, -0.0009548991462840442
1.6322019452549321, -0.0009742339753483529, -0.0011993873753146913, -0.0011918782236884176
1.7082959890702063, -0.0008146327308295159, -0.0008322876362258369, -0.0008263919919776959
1.6963005284179133, -0.002228592253522907, -0.0024246116377808755, -0.002393875466492683
1.656010271114882, -0.0007773270689658038, -0.0007857656078418411, -0.0007819840658462869
1.7405730728032034, -0.0018024759106465176, -0.0019106412011356292, -0.0018912500441895842
1.6946568285541836, -0.0027107440073996128, -0.0026321650492850267, -0.002602839402066601
1.7654976872943888, -0.002159967866311456, -0.0021251449447630484, -0.0021069449533201398
1.650096153224672, -0.004254909281415152, -0.0039441646392254365, -0.003902150984152662
1.6676976587211227, -0.0019604681890995944, -0.0020520510638313626, -0.002035767748623903
1.707344549953129, -0.0017694215178125543, -0.001919185964798725, -0.0018920790109934634
1.761989751126023, -0.000808845377845486, -0.0008132460982651522, -0.0008098111249796444
1.658745103832881, -0.0016982467037232514, -0.0017879179871925675, -0.0017741388004385386
1.738745686818081, -0.0029898174461086163, -0.0031915904749033187, -0.003132951352558165
1.7816789708892113, -0.002521112486214392, -0.0027189272049202864, -0.002688151775332355
1.7283804080856942, -0.003707635930433733, -0.003736265493567128, -0.0036739959785096086
1.7107594033734066, -0.001998204812974978, -0.002089489470050128, -0.0020679267114642797
1.7270089908822863, -0.003999837961653587, -0.00419202036167042, -0.0041377150294979355
1.5698217963115624, -0.0010000717118855058, -0.0010519480231083865, -0.0010460419039146573
1.7540868522536341, -0.0012755724621929063, -0.0012987726535732325, -0.0012856473361579014
1.7350262899883016, -0.002061035709953987, -0.0022868561485958755, -0.0022597165355723375
1.6727781974623939, -0.0014547357889059527, -0.0014375634826081785, -0.0014209564115118675
1.6492499293777385, -0.002316072474430233, -0.0020280140531784277, -0.0020028635222224768
1.6840746377754325, -0.003101505612376041, -0.003002861614305138, -0.00295581990839903
1.581678709347544, -0.0012980942082812996, -0.001361774192657972, -0.0013509737252228
1.7060385119356387, -0.0020973858962133702, -0.0021658067926106474, -0.0021403409788988853
1.5372288141897386, -0.001547918320997225, -0.0017696040293484461, -0.0017496932230651832
1.701337712669277, -0.0009255002689805584, -0.0009267493313429842, -0.0009180260423588885
1.774133767543373, -0.0020169004332837967, -0.0023951958739281045, -0.002367287639191656
1.5885613865056094, -0.0012098623159999783, -0.0014656250589555318, -0.001437712956560332
1.7845704627164847, -0.0006130812840474112, -0.0006976845290227562, -0.0006923415318380966
1.887824561656448, -0.0018176291641120589, -0.0018711172217240036, -0.0018553076755987192
1.8501523719736064, -0.004956093205666523, -0.004999084187106852, -0.004902846783200745
1.7378804591012311, -0.0015902969649850775, -0.0015208702233613348, -0.0015044797637918128
1.821146188242636, -0.0016246917197586044, -0.0017123217897428485, -0.0016939823227709319
1.708978144728949, -0.0006451627698788047, -0.0006228493465604464, -0.0006185847418333531
1.6790764864011618, -0.004299901972437482, -0.004323967153608808, -0.004263849047461467
1.7141509419459016, -0.0017473767129012909, -0.001819421728866629, -0.0018009884225240747
1.8716583049433477, -0.0012615920629923197, -0.0014072964162884535, -0.001396053392226025
1.7553540084748795, -0.0015668617213249955, -0.0019157817344331704, -0.0018890821972273634
1.8324560334815119, -0.0009382200199324712, -0.0012435999354691355, -0.0012342465935838859
1.7297743906185425, -0.0019496049035478348, -0.0019138588807861806, -0.0018931819036548804
1.8696544920714728, -0.0011180893071923116, -0.0011883220826764825, -0.0011778534550322222
1.6423175657671383, -0.005205145170086309, -0.005269027779910888, -0.005187828392231921
1.67210797526414, -0.0012257553655726744, -0.0012628437354903896, -0.0012499645985681114
1.7737079920702568, -0.004369831832222173, -0.004513420981489809, -0.0044467046486227745
1.7654445953711309, -0.0009660415571088102, -0.0008759450705811557, -0.0008712278150861175
1.8353268827824543, -0.002350356429134969, -0.0022679450487330492, -0.002250014396341624
1.7773419627991596, -0.0013568559863615275, -0.0010906496707147736, -0.001083003517761868
1.5475133107646257, -0.002742377737309604, -0.002708194163247053, -0.0026731724649556887
1.74344085914467, -0.0032486648060130246, -0.0030428558053451253, -0.003009503651210575
1.7607782771051317, -0.0023383888816806433, -0.002290945212699694, -0.0022614285803695977
1.7747475213561257, -0.00334402852249511, -0.0036134235182214702, -0.003548527861577113
1.832107130850099, -0.00163266555756124, -0.00149919737235784, -0.0014795973789068831
1.7260492525121125, -0.0014549180676494582, -0.0013014274807296691, -0.0012876832951206018
1.8225722690791064, -0.001669825361823293, -0.0016083182586195737, -0.0015940737886940117
1.7148031347761237, -0.0012619692797306698, -0.0015853757949779077, -0.001567192912853239
1.5095959606283913, -0.003352000778586434, -0.003511576365890263, -0.003481555556913344
1.7595706294351725, -0.002625566480213802, -0.002526753247198483, -0.0025045640938829755
1.7761761572935515, -0.001339837487012087, -0.0014409984512141203, -0.0014286395658642652
1.8084785308456646, -0.0019553893247284287, -0.0019413739863742138, -0.001919681013754713
1.72424036459338, -0.0011224656659796545, -0.0012069629153202142, -0.0011950951824471734
1.8271060458324386, -0.003082177281092272, -0.002792114239928885, -0.0027521042953901546
1.8157926853869255, -0.0027352488695105135, -0.002646527579459347, -0.0026081166537980875
1.813815582362688, -0.0016164278332525788, -0.001562208746483542, -0.001550765342199775
1.7409277499633078, -0.0010016822766046657, -0.0009313333966636468, -0.0009247801021085558
1.8419767140813263, -0.0017757152025605863, -0.0017140287082016248, -0.001697293853476326
1.7621742904795252, -0.0014852104018172874, -0.0016255402114444461, -0.0016062621298339613
1.767145931417303, -0.0032655749012646842, -0.0031723813638569703, -0.0031335703329686444
1.6382604122307458, -0.006659241594184998, -0.006640301234152423, -0.006545488310358917
1.6819235897958265, -0.0010942283355525257, -0.0010823772494707254, -0.0010748661114709601
1.7759404453030605, -0.0009343777927496921, -0.0009750211158061195, -0.0009683940366897933
1.7972256445160595, -0.0028891808764037476, -0.0025965078024060752, -0.002566615168238711
1.7374142313067094, -0.002029004700430942, -0.002230956322250251, -0.0022090547061841504
1.7369927276261772, -0.0010200161341680767, -0.0012580206420621414, -0.0012436565917382856
1.8286242976107299, -0.002899977920633301, -0.0030047068106614453, -0.002963214366632865
1.675610978940446, -0.0011294892870245992, -0.001206981240314042, -0.001193004153877233
1.8015231511041438, -0.0022610023438246227, -0.0022371163887600735, -0.002197238561355769
1.7618681488187722, -0.0010081522371419615, -0.0010287713478774685, -0.0010184921599130765
1.7239974628322592, -0.005638204812345055, -0.005617692293738082, -0.00551086169503655
1.7967787032065987, -0.003560717704827737, -0.003242562088273835, -0.0032045066058868257
1.8383784710644389, -0.0018559174850706504, -0.0019522382787786681, -0.001929936050599706
1.7182544345036634, -0.0014249150678951863, -0.0014184137822705215, -0.001406175818606807
1.5964298786876687, -0.002156221936813344, -0.002019173632888491, -0.001988205169104452
1.7212563408989774, -0.003951893285715398, -0.00402376328020808, -0.003957490443145696
1.7637408123524765, -0.0014134991473237879, -0.0013960475795992185, -0.0013829891543267207
1.7304989444927252, -0.001982646299824376, -0.002088579994590043, -0.0020521123491434637
1.633440945996466, -0.0019141063824281248, -0.0019055221259116468, -0.0018914971721451421
1.7399439503556149, -0.0017478487633652332, -0.0018247839056885564, -0.0018088488637500984
1.677956808940999, -0.002611748901327679, -0.0027088104242528792, -0.0026775509925087686
1.7875073624685083, -0.002036888869517469, -0.002190931219141983, -0.002159184094995889
1.7914950491253554, -0.0014465732965254312, -0.0015188813874342988, -0.0015019545014050186
1.897017985320802, -0.0016284098539162723, -0.002015199174005405, -0.0019944341850506703
1.759686907914128, -0.0009748257599566981, -0.0011672638561923303, -0.0011576525806943705
1.7337980657329226, -0.0017468181991680124, -0.0019211391740819796, -0.0019025398909256275
1.7523348520452837, -0.0011574107837086386, -0.001159424044470148, -0.001149071802717468
1.745406802667807, -0.0013347986044973, -0.0013469897983869774, -0.0013377033526742457
1.8034118100906824, -0.001559512560705079, -0.0015820383012919643, -0.001571262937614219
1.891337086698117, -0.0011086763078219169, -0.0013533185751302141, -0.0013399959730410515
1.7155240464835295, -0.0007389330042733285, -0.0007974512580933783, -0.0007926354177026165
1.8380096102467014, -0.0016209322998219906, -0.00135207057114013, -0.001338575380718282
1.8524004477194145, -0.001688805110705267, -0.0017119480268473538, -0.0016923372907723755
1.8504894556550153, -0.0025026716506163036, -0.002304931603151217, -0.0022778201767388647
1.7964104132284542, -0.0017883295418323194, -0.002004054368510675, -0.0019782222355574307
1.6613660451261028, -0.0006960513485291456, -0.000797930914232266, -0.0007927268652026223
1.725014907080557, -0.001495092439447018, -0.0014360597741323936, -0.0014174748092155018
1.7802420559487522, -0.0038915657533343494, -0.003852436854669432, -0.003802405646608271
1.8673576661366762, -0.001958395785815787, -0.00183543996916144, -0.0018160600053685617
1.841602287695563, -0.002074650288561297, -0.0021163825212832544, -0.0020992785331721193
1.7802034409304865, -0.00090157477547651, -0.0010262521730881298, -0.0010177009246591106
1.8289661293865793, -0.0023807433051024215, -0.002338112044460906, -0.0023129869976524927
1.7469311603387674, -0.005567961159043973, -0.005771892206123096, -0.0056664400195060504
1.8076507430654014, -0.0033654227685837937, -0.003129630723067914, -0.0030939218885503847
1.876572372741746, -0.0024744450076632117, -0.002399937554807814, -0.002377153272063849
1.7434114011763786, -0.001651383880327539, -0.0018285473550067731, -0.0018068087422581293
1.7705348562380085, -0.0012426628447646843, -0.0011109792199951473, -0.00110128535717845
1.8095854003443976, -0.0011006123788519897, -0.0011051176365531748, -0.0010942044755512814
1.8436329287173518, -0.0020413354610391, -0.0021880781647949207, -0.0021644489967969326
1.8103585955511787, -0.0014004747972794292, -0.0014376527434823991, -0.0014209547605774512
1.8124515816008093, -0.0022027262002957113, -0.002432582638718692, -0.002406097570415235
1.8234008193210118, -0.0017536491476621246, -0.0017666025998596727, -0.0017447044475147843
1.8291272153964122, -0.002016394402911802, -0.0019194038340338262, -0.0018937600852256891
1.8687967870758706, -0.0033021308293864245, -0.0032588690559900053, -0.003216385384340819
1.8882635943943755, -0.00164617925369382, -0.0017473950954500104, -0.0017277700629737603
1.6376581498952418, -0.0007801933528789702, -0.000798208133607962, -0.0007934870508975835
1.807014962568411, -0.0021776737417548973, -0.0023287651563964904, -0.002308727703485454
1.8399230890753397, -0.0015155203087469675, -0.0014363930916064408, -0.0014217551357008596
1.9137486650351414, -0.0014932536616033367, -0.0013299785488920047, -0.0013185717153930986
1.8184945786636733, -0.0014573229776269551, -0.0017186214196219613, -0.001691046426622548
1.7975806642308771, -0.0023092503408370046, -0.0022024104032025617, -0.0021780603865276466
1.8286310058876982, -0.0018616816050634818, -0.0016689245332846487, -0.0016518980080973177
1.785659105734464, -0.0012177500688539758, -0.0010815085027126952, -0.001072765709024013
1.822242676125987, -0.002297236308166232, -0.00228339521306663, -0.002254677763059497
1.7323660037503683, -0.0032700701424418794, -0.0031161669687267924, -0.0030606174894464524
1.8773004521228185, -0.0016580608326684982, -0.0016962782881161332, -0.0016786937205298346
1.7983544800489497, -0.00114565439359827, -0.0013350279815674123, -0.0013230439800043907
1.8075811858318325, -0.0025436682507479196, -0.0023113482701221768, -0.00228399852365975
1.819932109910497, -0.0027384821639170574, -0.0026025087205121616, -0.002566821258001089
1.7881355118601527, -0.0013852158207646199, -0.0012567274076527065, -0.0012455299714603453
1.8135411628801597, -0.0011021375368800198, -0.00097398735602184, -0.0009645545810305957
1.6991031239730652, -0.0014331025217579473, -0.0015862595579576716, -0.0015737773101826258
1.8338550470277428, -0.000980923404713357, -0.0009338681290011381, -0.0009273555219223923
1.7960172713268843, -0.0009415784342290556, -0.00129831326198843, -0.0012834956959001844
1.7838818653779585, -0.004245669166315552, -0.004622567843950056, -0.004562153752693958
1.8210930461252457, -0.0018838092933528754, -0.001791153795289818, -0.0017744627112346507
1.7869575056965403, -0.001734711715633199, -0.0018830950114895292, -0.0018623963013671458
1.8620550253241297, -0.0040220855226616335, -0.004054009551543306, -0.0039999519455731275
1.5822498018848794, -0.002671609201746814, -0.002595654551884895, -0.0025616109499898565
1.848732224210025, -0.0009060436899835265, -0.0008235726805048163, -0.0008181219253762625
1.890836951858279, -0.001566859086586177, -0.0015281900172901882, -0.0015126191312750004
1.827619372621054, -0.001844427466156028, -0.0019907018471029174, -0.0019652623852110668
1.8706797878260768, -0.0020052380596789336, -0.002229511473064078, -0.0022039174107814407
1.8320778043652126, -0.0013461907747386896, -0.0013728781543877954, -0.0013614748342468993
1.7972914803069706, -0.0009916575014121685, -0.0009968894640321685, -0.0009877634272820364
1.7560321091460693, -0.0012964288009861486, -0.0012183532265678595, -0.0012055124628011901
1.8135744503020468, -0.0010404716015272922, -0.001100154886569709, -0.0010907894946885774
1.7668390747334768, -0.0029674420546289015, -0.0030413557151897225, -0.0030029784511459417
1.8350927995369013, -0.0018329736062459884, -0.0017725113759557611, -0.0017525389081916498
1.8532024976512866, -0.002214465532519158, -0.0023282154733927536, -0.0023050983925227667
1.8234178307148, -0.0019506560205172553, -0.001963367395616579, -0.0019426874502515763
1.8569219125260037, -0.002581264408343474, -0.0025355562804070843, -0.0024977991820928614
1.8968255743072473, -0.0013789383123330205, -0.0013606302254389818, -0.0013483053998338025
1.8000512042481343, -0.0009203123447059484, -0.000957714514437134, -0.0009504871978508539
1.8292831564413132, -0.0014690999016110941, -0.0015440792396214792, -0.0015291029858757227
1.7212160235705845, -0.0014860911176856244, -0.0014985326512654384, -0.0014853654166052188
1.7744008047841064, -0.0029769963928811052, -0.0031959636415963893, -0.0031429469841574385
1.8005425881984995, -0.0011011373003456928, -0.0009413227893424261, -0.0009350316042548396
1.7807207640957619, -0.0020756957239809535, -0.002188518498642111, -0.002161418746530751
1.8782283431732372, -0.0023550387385348364, -0.0022714981737359994, -0.0022443533527476303
1.7887044291822816, -0.0020455524285052508, -0.0022907979373262017, -0.0022629639545433586
1.8542353327252132, -0.0020113964152842197, -0.0022432745609168364, -0.002217298381018303
1.831761431146282, -0.0026932237102209734, -0.003183468379446992, -0.00313861914723638
1.7875141382318807, -0.001418387951523934, -0.001340539606410075, -0.0013291578591283833
1.89043370710165, -0.0015363121492464088, -0.0016000726984184955, -0.0015858914187103202
1.8550720015237006, -0.0021953395249401943, -0.002351857929102665, -0.0023192796399786066
1.7620774479375336, -0.0010866355094494415, -0.0011830274457228832, -0.0011741722504289593
1.8826080195643964, -0.0015172548489171746, -0.0012978658825644395, -0.0012861704573998542
1.9040806395244612, -0.0014417510625189304, -0.0014382064045820534, -0.0014249099075600295
1.8017658968332546, -0.0019405731135066007, -0.0019122274040138073, -0.0018874748076377914
1.9047299980563142, -0.0011844977537166165, -0.0012965214342532758, -0.0012849248528844514
1.7388206336276841, -0.0021076381563398003, -0.002246628239770504, -0.0022228143743589007
1.7700329645462622, -0.0015361869340795053, -0.0014129145925276564, -0.0013982291427242805
1.8132568594883192, -0.001431277770191599, -0.0014587139205944817, -0.0014451445458710955
1.867812270160336, -0.001980132136175572, -0.0019609375880673395, -0.0019440583295797934
1.7409032091306158, -0.0016915132997837466, -0.0016475172774883043, -0.001635514517873653
1.7616814556244942, -0.0018197181295290404, -0.0016717732447200818, -0.0016507056556147163
1.6609975082025492, -0.0026854976662907494, -0.002473864282477551, -0.002449867089458179
1.8804692698444814, -0.002572865359106769, -0.002357101057306993, -0.002324771022531821
1.8745913906011913, -0.0017230785033661613, -0.0018243038529464342, -0.001801688650657536
1.7759886482811293, -0.0014077263488106668, -0.0016202616354684472, -0.0016003275999738485
1.8616241709192392, -0.0013212117769289516, -0.0014569975063633426, -0.0014426884885887898
1.8703456805860734, -0.0014211683579396564, -0.0013505760135396924, -0.0013338960029016262
1.798044326216776, -0.0012208905460429137, -0.001294722905629766, -0.0012843202830518006
1.7809130115570286, -0.0008887456772881571, -0.0009148630227665902, -0.0009089339328614609
1.852729584171297, -0.0019263860858117936, -0.0020780443115805372, -0.002054367039034499
1.7165340623234298, -0.0012632581099078246, -0.0013292048112714097, -0.0013170107781442888
1.8541136113841556, -0.002825536169308167, -0.0027896091171336563, -0.0027611197403131925
1.684606694458474, -0.0014707618233532926, -0.0014387136923519129, -0.001428228187389777
1.753425505108685, -0.0014021950365549739, -0.0015451254004445391, -0.0015302574505591862
1.8563707813056693, -0.00173925739638795, -0.001767592051412927, -0.0017412060073212288
1.7796527178904005, -0.0007557326632977218, -0.0009007540712341378, -0.0008945389933106016
1.6993053936846574, -0.0015248854492219742, -0.001515704820595408, -0.00150252585801154
1.8064769449771312, -0.0016648722047320449, -0.0019287141999124223, -0.0019027330567629014
1.7020454557389029, -0.0016165624536078856, -0.0016745124205547032, -0.0016574139599998055
1.8254586412843548, -0.001775665439294218, -0.0018661061930485172, -0.0018423440995569335
1.8418267644090598, -0.001589881766814822, -0.0015887747601317232, -0.0015680186207837604
1.9076060445944525, -0.0017824971138670485, -0.0018641224063457385, -0.0018427000220917404
1.7237626829151629, -0.001246761982318246, -0.0014008784126670556, -0.0013824922502061825
1.8376814735618996, -0.001214989048512461, -0.0011636197455858, -0.001151952813463823
1.7241515217229004, -0.0010108125891674473, -0.0009734228922636061, -0.0009655550114619244
