n: 9, k: 1000, t: 700
Entropy, Sampling, Jensen, Exact
0.09806257405566426, -0.007035159152932465, -0.006911451019936585, -0.006909968692995544
0.2758600544535083, -0.0013311862067348556, -0.0013373094637371445, -0.0013370444832950365
0.06299856449649505, -0.00763014561671298, -0.008510446899661338, -0.008261392759191409
0.00016843743005564527, -0.0018162811174988747, -0.0018170286956621946, -0.001817023632871569
0.14498217957341072, -0.06307455814722926, -0.06236645801527941, -0.06226001020172886
0.22060227608742775, -0.06686538652307354, -0.06883776809488383, -0.06786498751606601
0.02651431873139031, -0.0025535789693240077, -0.0024390651061929986, -0.0024358365498860536
0.12640920212347326, -0.0019465632501523941, -0.0019195834340606146, -0.0019181989046181617
0.36452350971893016, -0.011799015109892935, -0.01171858088328092, -0.011713946729910489
0.34059775750567556, -0.027389623427850892, -0.029149284264154446, -0.028608775009317074
0.23801923417790405, -0.005119962831493467, -0.005080312430117731, -0.0050790003967975455
0.36928357396518297, -0.0036161650848807766, -0.003646215253744294, -0.003642672519158771
0.12793559772904514, -0.00035460205163690263, -0.0002832001081431713, -0.00028297008503181103
0.6827972915020616, -0.01723124832729809, -0.018276688281040846, -0.01721275343276745
0.27383886910544464, -0.009225047731589848, -0.020289826557391907, -0.010733487548843913
0.2969096048108496, -0.005381932998541742, -0.005307032616100622, -0.005300243419115466
0.2418612672465335, -0.020188938811654226, -0.02066442579172241, -0.0205980736313822
0.4580868754746363, -0.03747744214633712, -0.03635363639334286, -0.03514437718960377
0.2652592559558593, -0.0009766611860613915, -0.0009647174566717307, -0.0009644227540605837
0.25384375710925783, -0.0004512053851792388, -0.0004162919857261789, -0.00041548957133722065
0.07207789686037652, -0.0011037084343406606, -0.0011214637183988604, -0.0011129893303950702
0.10124439911643966, -0.0001570249874566798, -0.00015988822195796344, -0.0001596897046292035
0.4335116627193588, -0.0024041024270118213, -0.002288763480072436, -0.0022809490322382325
0.22784220653347192, -0.002098065387166563, -0.0021245007352325633, -0.0021098387654297527
0.17458876709525317, -0.035020272872876373, -0.033586189442157195, -0.033207320189232684
0.10402490101575035, -0.007868551386520267, -0.007898802112366307, -0.007897453601417937
0.1757315244465818, -0.0025198346452089027, -0.0025071607478985495, -0.002494853804032307
0.30373247050330354, -0.027490563136758284, -0.027722766707717564, -0.026670812885760228
0.2642222237563699, -0.011614126545144245, -0.011730502934808523, -0.011714006943223236
0.2816549856986227, -0.008074596966733225, -0.0079907913777329, -0.007960291680974734
0.06716249817518266, -0.01997857741639018, -0.01995144460372673, -0.019948729576485892
0.3990599670991229, -0.009425565192708745, -0.00919927868754451, -0.009033465478657618
0.3013858857488987, -0.0005123293527485635, -0.0004943888939346273, -0.000493473598792565
0.3135380718583319, -0.0038589384553488343, -0.003930229727693319, -0.0039062317156300587
0.45970848949069576, -0.1375493828052131, -0.162522375628562, -0.13811375380044782
0.4022093122866517, -0.0029817536505870523, -0.003063628031088986, -0.003052140593168481
0.3487948278799823, -0.04286616667674389, -0.045557924556092665, -0.044131036327201695
0.36031684449544166, -0.0074362781419185925, -0.007305173929335247, -0.00726557666425705
0.42824984333520316, -0.05254120928484917, -0.05956788648619131, -0.05059902495188433
0.24499190093014997, -0.0012363348563812836, -0.0011897191048362823, -0.001188870773468775
0.3244938920546813, -0.002759005350759253, -0.0029084893374714533, -0.002895188332804868
0.3231563870844367, -0.019452619858726393, -0.019665758206104254, -0.019396847971097437
0.4311777009909938, -0.009949901360479999, -0.01054357965050297, -0.010470033900314023
0.5263393961170117, -0.03936268624941294, -0.039484252719373135, -0.03935349232658934
0.5302587580818375, -0.0031196786906657506, -0.0028459969577912677, -0.0028303427300873808
0.1971687904066753, -0.0019270627097575925, -0.002009833263000584, -0.002006603621750817
0.6170718723344643, -0.03403838769797585, -0.03485609114140448, -0.03332541153152499
0.49658075091052734, -0.018818748068686546, -0.020556622745576493, -0.017676283664338686
0.3576238207134379, -0.1721093776614289, -0.1837809440207904, -0.1749020608852273
0.7838154038064316, -0.0033524624332385423, -0.0034199159137536504, -0.0034022549737829566
0.34565507079531915, -0.021663423434802098, -0.021878673046105752, -0.02155091508960104
0.3021305879000643, -0.006453985296830069, -0.006688735692903327, -0.006661940305491195
0.5199528069342461, -0.0013918066089318017, -0.0013888863672977662, -0.0013863882750248721
0.6819835619252812, -0.0013658953830452234, -0.0015672208040209937, -0.0015392619069243324
0.5811604431868856, -0.011784052060276735, -0.011664256861490387, -0.011348668985843286
0.26762673431130707, -0.020312309228698724, -0.020381715189949755, -0.02008590329827368
0.07182166520051615, -0.0018023605739872436, -0.0017773342723485788, -0.001776993695780519
0.38610349622720347, -0.012524563489765569, -0.012958361102815926, -0.012744944718462754
0.815026031976118, -0.009087806236908363, -0.009318542614994488, -0.008547443067561916
0.44866099540931675, -0.011244390492371166, -0.012490961270189118, -0.011858063191848463
0.8076971423443479, -0.03112835885376262, -0.03151556502740675, -0.030825205313407978
0.37735170469472334, -0.008561165816063294, -0.008957652892476974, -0.008857512056932294
0.3314406760180513, -0.02199048596213106, -0.027560401898768693, -0.02169036220646431
0.679803959896783, -0.011376715396356303, -0.01256882482640403, -0.012056991804666461
0.6225377688467885, -0.02709997414367899, -0.028846048247302004, -0.02703759288181692
0.5194973765894777, -0.059849979660331884, -0.06304762904184716, -0.05546230532076458
0.5084452115729943, -0.01811931057443144, -0.018960333869732515, -0.018160179959868735
0.5451298294874871, -0.0034251383875962345, -0.003432452615669114, -0.003402827609493517
0.7210975161251363, -0.002447414046706399, -0.0025146691862693244, -0.002509120619902656
0.5071872537362367, -0.16149618097609708, -0.16271255927114459, -0.15702655677209693
0.5018931294029089, -0.003959437123703537, -0.00406827849082358, -0.003753163779828842
0.42099429068584077, -0.0031041080543363934, -0.003118353014393715, -0.0031177798071129166
0.19434918708718996, -0.019591681574238465, -0.019987692181637557, -0.01988387668638113
0.6233273400149203, -0.023985104252809808, -0.023704762758587298, -0.021802135889432386
0.6269053867741835, -0.003392605905959499, -0.003512702500892964, -0.003495866765720922
0.5564786481091967, -0.009905104365490842, -0.010482085371171602, -0.010198807390210337
0.3735032765894398, -0.00648245690704789, -0.006758486881981569, -0.0066342287300786154
0.5827661210737654, -0.018068443880431006, -0.03915906583357915, -0.021982254362402837
0.6435378467723025, -0.0277856150221196, -0.02865977911882145, -0.02778081487647023
0.5137061405875825, -0.0013777422485709316, -0.0014176478580804005, -0.0013659509124731713
0.434900953275023, -0.02594480180327082, -0.02563258749934627, -0.02535488710808833
0.9003723786339797, -0.03382101484995655, -0.057640115280148556, -0.0342167055510797
0.5875475249796479, -0.016355042986921035, -0.022749988689916224, -0.016539073057380272
0.6136189550901231, -0.007534672619382036, -0.007665526352570063, -0.007440018585190507
0.7864895455665704, -0.013294439214107107, -0.015224430387223828, -0.01419037849995601
0.8076567731675361, -0.05100048732446157, -0.055972839584571575, -0.04953796971964245
0.5004601044385493, -0.09149879403265368, -0.12531933858245572, -0.09388595627579002
0.562160788106171, -0.008306288490472071, -0.00921194707397028, -0.009060221626292358
0.29441611579277194, -0.0006661112855217652, -0.00071236596164953, -0.0007114405125171645
0.4446586496054113, -0.22786909057525917, -0.247946870370614, -0.23260506245816248
0.7935244118773264, -0.05243488475191407, -0.06801411505446917, -0.052067452032534094
0.7101772371563528, -0.029556248756489368, -0.03638148616917484, -0.02927257054274714
0.426167879297858, -0.026759619161603042, -0.02409962762842976, -0.021042441867164564
0.5230142232148507, -0.005093640546918321, -0.005775589130971291, -0.005302074469854288
0.6497498231577714, -0.002538190258379472, -0.0024641486732985846, -0.0024451394958432742
0.7474276646336118, -0.05060228361660848, -0.05827121970990256, -0.05168108554649593
0.9280643688329341, -0.015908380368713552, -0.018884039084649064, -0.014625652975443576
1.179877316760264, -0.015364486802223838, -0.016119918594301556, -0.015381864831860806
0.45146886131199576, -0.003293509886640095, -0.0032763333621005364, -0.0030834274989993697
0.5133658758246322, -0.004389823819350568, -0.004887446250868193, -0.004592917598250354
1.0174058594555142, -0.026760040626595583, -0.0323232523969927, -0.025857373614026277
0.9935312899683285, -0.030901227831735014, -0.04772656213612951, -0.02998291782382373
0.506566711365447, -0.00446041641238844, -0.004915878664156067, -0.004818518564838944
0.5712987250707577, -0.001949234060626607, -0.0020557380948533948, -0.002031276984235572
0.6110497914112678, -0.004977036944037536, -0.005424904146352248, -0.005068129511600395
0.9551366408201363, -0.016131845826195784, -0.015390450831698311, -0.014316207646989505
0.9831671834412334, -0.009998986325941588, -0.010863316638012703, -0.008536938442616224
0.8381537077664739, -0.015932227157754823, -0.01500639348440242, -0.014517352273282024
0.6769267800086243, -0.004815092971359263, -0.0049127755344483895, -0.004887687840443112
0.6681621945058949, -0.008340715709273354, -0.008496313293397733, -0.008339294016573821
0.9138583522211027, -0.002153992205570828, -0.001868967289022678, -0.0018166260465680357
0.9509521820621588, -0.05000787168920215, -0.07018924315241412, -0.042534278536547405
0.6153262595371671, -0.003377267858479172, -0.0032540932510909896, -0.00322210078586137
0.6146019853361211, -0.024200920890689284, -0.023614877931886193, -0.02307483065150366
0.45208569489432215, -0.0018164643830095879, -0.002319185957870608, -0.002268961873373519
1.1279169838779712, -0.08054186439324985, -0.24789877475580177, -0.09886143460345179
0.7744931815437146, -0.0019001012427142948, -0.0022014482964576618, -0.0021772292109156406
0.6536157154354335, -0.01657178866592585, -0.018110602271090945, -0.016775523994506072
0.9048460986197527, -0.01339623108185333, -0.014832438832160592, -0.013693435964108566
1.054007722764962, -0.012131199533738254, -0.01340529429810649, -0.012752091598780239
0.9208449294369827, -0.00762774287110187, -0.008415676724568109, -0.007800596152907432
0.8576724982934157, -0.023835725309163537, -0.023898615538420355, -0.022512498862904982
0.5686199784510239, -0.00407670129015603, -0.004633342273066474, -0.004573283754947514
0.7585144347069215, -0.021511223043402423, -0.021748446943689888, -0.021071099966468186
0.8510947632873286, -0.0053518147064569345, -0.006546562086409562, -0.006224144828435858
1.00845620418302, -0.047334035964566284, -0.05629452116302988, -0.04627567762934481
0.7838017489813728, -0.027514017289329788, -0.02919723105495609, -0.02695657646425369
0.9548364684898348, -0.1360856785190408, -0.24231963262807615, -0.13223172543678707
0.8850222597558182, -0.006248650735215051, -0.0070250492047534896, -0.006945001813593269
0.8338371214564134, -0.10403551561600034, -0.166270454268401, -0.08713667941641105
0.7038670929844074, -0.11073206997226225, -0.16534169747997524, -0.0987880942389721
0.6859249493413915, -0.059398196033202115, -0.07791761747748499, -0.06281918416415044
1.0238887113100024, -0.009098082816602975, -0.012377590829875149, -0.0094897146598779
0.4787664248970386, -0.005628029188475921, -0.00602892206637286, -0.0056646845941823246
0.9476819518295562, -0.13826125805964692, -0.16630263463462608, -0.13039033164228134
0.7670411780788896, -0.002232844295242094, -0.0021873501848980815, -0.002145688171924236
0.5847590185844423, -0.0040763077511910524, -0.004514204870917575, -0.004280858542300685
1.5271255191777715, -0.004625753320560758, -0.004787681795939468, -0.004650624524087797
1.0125480106336306, -0.03702660661965274, -0.04876129948886447, -0.0366995887400797
0.9775580370809807, -0.01715335762061295, -0.019489136156690356, -0.018531636494590786
1.0073503686868872, -0.006666094287691522, -0.007497215015541697, -0.006435784173552125
0.45279661028356766, -0.0005543350460484357, -0.0005698678742445607, -0.0005634152049349793
0.7545934548322222, -0.02954621141043026, -0.04604392810637531, -0.033232599172215514
0.5191312875629175, -0.006411082492384594, -0.006473163406861952, -0.006287419177442156
1.0908256141082389, -0.0033019607417190855, -0.003194091842017785, -0.003169290414019169
1.2663521284516563, -0.02410790810826438, -0.02954236335254728, -0.023761853960621547
1.1202360044991693, -0.007602442488510853, -0.007061675921876191, -0.006624329319936441
1.2588015243391615, -0.03424120498933916, -0.05115080557603077, -0.03187643512791596
0.8682122651588553, -0.004707271076505947, -0.005317033748552196, -0.004859071750161448
1.0702360983422723, -0.017876607268888612, -0.019280819417770614, -0.01787260007362533
1.1318755539135725, -0.004376572948727698, -0.005673566346204295, -0.005323645788470365
0.7602565613684044, -0.02221997389529133, -0.02660412648994035, -0.024277800923137794
0.41795067549141873, -0.014994675158523024, -0.01663267932194266, -0.012886453228421661
1.025455563946466, -0.06054942904258132, -0.06585091805089258, -0.06037724560323486
0.9916714096755906, -0.13424384715522683, -0.1932325962325057, -0.1331830980448916
1.080749833921982, -0.03651815222260484, -0.05133135866301382, -0.037363846552921375
1.215179578909165, -0.008965138931143883, -0.008987453437865674, -0.00799953884945803
0.7138351661285647, -0.015375939419416678, -0.021964392428819632, -0.015391547077804409
1.012055308814288, -0.020764530170024945, -0.024135870491213112, -0.02185841425930499
0.7099283811300675, -0.004169770933949621, -0.004104118614234136, -0.003925205659760022
0.9453811185935711, -0.04188007972945343, -0.055869448643232886, -0.045092725711826244
0.880139933058633, -0.0019240401864189995, -0.002641495206462187, -0.002345234465816398
0.9700258469721516, -0.0031971206819544013, -0.00341067055263816, -0.0033447990482174082
0.769929302965432, -0.004398663824696887, -0.0067347798460273885, -0.004904897383398186
1.0587076409574012, -0.01762618729731912, -0.016597051840703512, -0.015604763389446615
1.0234064429654592, -0.0022723258961050287, -0.002234100481963601, -0.0022028335012292378
0.8367153930469832, -0.006322518183062034, -0.007097119861277908, -0.006804318457006494
1.0131866418982713, -0.02001835472024686, -0.027173035326286295, -0.02110681465926146
1.0845483003457081, -0.003936519672297425, -0.0035462853586028646, -0.0033653694695229518
0.9239028830644789, -0.011024210501764173, -0.012636454753543585, -0.011248267459514068
1.0764784333911495, -0.009241161936894055, -0.00851573910202109, -0.007775649185720024
1.1996603123219558, -0.029918971038758173, -0.034176404230317446, -0.0258801223078748
1.2769643065808252, -0.010924782412839697, -0.016455122308887713, -0.011566459896559094
0.7687317947974179, -0.004374593185537378, -0.004872104016852761, -0.004728801399863404
1.1783636007187175, -0.01760768362696035, -0.017820929675408947, -0.014091736252722191
1.1418237686677488, -0.0034742792919677996, -0.004425468642022134, -0.004256169210601009
0.9621354101494511, -0.09196127732129389, -0.17559491221007584, -0.08979982230224234
1.1595331376934608, -0.09888924078499804, -0.18351765382439733, -0.11323710501977952
0.9416900772428333, -0.012113272212492917, -0.013892727177881967, -0.010875562611824548
0.8859962568854995, -0.041044990276164754, -0.16946748031384065, -0.05276769247664104
1.0341284035543405, -0.07454508954191988, -0.09637574659690841, -0.07296614395828625
1.3686971315113023, -0.07354310642027485, -0.11410660864244133, -0.07239850564864447
1.10491829981172, -0.04627789360853785, -0.05691345926551025, -0.042135840229044215
1.2244826242181688, -0.04252006097477893, -0.06335479197925581, -0.04531259427107034
1.0345167758448917, -0.006533845696900244, -0.006525668740100492, -0.0064040291608348605
1.2520110339298607, -0.01621510431313436, -0.024259704462326708, -0.01609968193678492
1.2015381420077285, -0.0029441149723333708, -0.002159016245170771, -0.0019530290007056272
0.9515009029460748, -0.001824826393283728, -0.002487899519430598, -0.0024205994520474687
1.2719780767610769, -0.011233816655054397, -0.012866526845351106, -0.010405865719139101
1.3639598090167961, -0.0122078734703573, -0.020879111086369438, -0.015319296381720205
0.9698437825512402, -0.16196293010526824, -0.26754129166019236, -0.16046435156032732
0.957021756409089, -0.0031244279175552943, -0.003330528832772215, -0.0030939076994950933
1.2379900189316855, -0.0903153112369473, -0.20809299104715223, -0.0972873077268927
0.9983152691016802, -0.01575213089871977, -0.019789151407081925, -0.018158029594988537
1.1520625561404307, -0.005352778133383252, -0.007445968998617124, -0.006779961280469664
1.1967693628798186, -0.016249598498201522, -0.019293058463871228, -0.016798207300601588
1.0877800347485207, -0.009708492948615458, -0.011247045625353468, -0.010582426816567233
0.8616042020558861, -0.008824548971373587, -0.010152445281468652, -0.009155191811624113
1.2133893280401176, -0.01567892311066316, -0.023822095884217034, -0.015883343785681663
1.2567599448439044, -0.10249247766168992, -0.18624229166793288, -0.10063496714384566
1.1384734379061827, -0.010913297561746683, -0.03249724553467162, -0.014819165644995904
1.0038093984196244, -0.03147994666798695, -0.044480977648728534, -0.03334193680652633
1.2200014697013881, -0.00571219597482559, -0.006728266432885397, -0.006193966092574387
1.2590260597406409, -0.017819288100996346, -0.02146106272555861, -0.019330326966498636
1.0959797742050623, -0.015085974543791963, -0.03571460144746122, -0.019902418866118467
1.2405271391392823, -0.06983373221771398, -0.11370034180763558, -0.07209889780278822
1.217399301419789, -0.028598077790760727, -0.03647611074558994, -0.026387977387520693
1.3284026698987268, -0.010656904432478758, -0.014318596250858184, -0.011149412011524978
1.2879200875151617, -0.012460204903069087, -0.013662925814710798, -0.011474292798598386
0.851684170140831, -0.008491893657766923, -0.008981518325444067, -0.008695745061692222
1.193277104538542, -0.00822376344262011, -0.008434691525872532, -0.007497903782389498
1.345164760842925, -0.011998056615719165, -0.016651174705867945, -0.01302889040475843
1.4075881879678906, -0.032963887649126264, -0.04853284568920479, -0.036538644410106444
1.0269431861494234, -0.009557290466953418, -0.01109477923263799, -0.009104878851593553
1.3201491865966872, -0.01637161345763525, -0.021870574526286955, -0.019019998782631074
1.2583418916431102, -0.003516058829914977, -0.0044224745323372255, -0.004185522758576389
1.1368134616353123, -0.004722327433857566, -0.004034700342879774, -0.0038971814133465636
0.8495076015088046, -0.007807865107439284, -0.011210061598856746, -0.009077289479845957
0.9857183762738992, -0.008611778376225593, -0.010042338906412464, -0.008661396390981712
1.3215003178763525, -0.03956170628858308, -0.046758302578426655, -0.036190088123290776
1.3140661611327837, -0.0072153437664746875, -0.008842985775900222, -0.007850810531808038
0.9916523815841161, -0.14089578688217444, -0.2120101846156599, -0.12977010998567606
1.2916626983979813, -0.02179515315174649, -0.042158221511966965, -0.024418296180291676
1.142312033763921, -0.005391647177148112, -0.005459833262507286, -0.0051942738014624235
1.2657517743450062, -0.02050843124433047, -0.031682724294775914, -0.02070129365250697
1.0875543439385673, -0.041415333409269804, -0.08220232283331333, -0.04524740131517875
1.289038882166461, -0.009837202255088407, -0.009789398467291521, -0.009538944200709838
1.3113543412084974, -0.02787655753961735, -0.04348570156518992, -0.030153613210695113
1.0174839597662857, -0.023915099773585097, -0.026748016097995042, -0.023986045689239097
1.3362623171711852, -0.03950314641275691, -0.06244792065254377, -0.04171857327799551
1.1901719737771606, -0.03279496602009749, -0.037748100701683864, -0.032459796246143924
1.4210596151430541, -0.013874321638741086, -0.016159630146313032, -0.012645266365882408
1.38954844084031, -0.06629494589427849, -0.11503271106098553, -0.06602535237854491
1.217467139855818, -0.014232741140396684, -0.015244289435478509, -0.014431358063345077
1.322571736185823, -0.08709050719799416, -0.1187885486562596, -0.07775184623797081
1.3111188948898391, -0.012189585537851592, -0.01448018292560159, -0.012502705519050743
1.2753368868003552, -0.006041601925409847, -0.006920167042232233, -0.006295455984819245
1.5832060639063903, -0.012033527381548986, -0.015032478490792112, -0.012465445844115196
1.4163503913516342, -0.059629171185126326, -0.09315597665638503, -0.060746097080820405
1.0818960849571224, -0.006849793610752381, -0.006982555539764906, -0.006063318596339741
1.3248372292315753, -0.018078159726992452, -0.028641524937986138, -0.019444951236404884
1.3571753798337105, -0.013610217876575908, -0.016292980371285827, -0.014007315306374371
1.2617010071668204, -0.004353187860633623, -0.00449756812674098, -0.004095809286637226
1.4111713484936783, -0.06227138875550736, -0.13977822549826802, -0.06930851320961616
1.2798434308130469, -0.07468374795628006, -0.09654704255997626, -0.06784867107562842
1.2668270131325456, -0.018545290237048904, -0.021408753000441677, -0.01805907611226149
1.3487834794974618, -0.013854454162639737, -0.014603850603130623, -0.013197508007410408
1.3329686373976175, -0.09881735510607541, -0.1715167741895251, -0.09311743481937854
1.3236838402128408, -0.04457453951783464, -0.06304895743944185, -0.044811314818731615
1.4624437219702897, -0.025373680086693638, -0.037168919910170656, -0.02435343696301909
1.2622603422979612, -0.01565873753501363, -0.021757907117302223, -0.018425743723950363
1.292246743197294, -0.022460227787036244, -0.0298164708439205, -0.019547653274922434
1.2245389451430801, -0.05545971319247474, -0.09110334737071905, -0.05779962710859419
1.4818971377780814, -0.07239155584359105, -0.12376753881073127, -0.06831376849859024
1.095449634329929, -0.036876029944614856, -0.044415996531935883, -0.030843560218632802
1.3809264344480472, -0.009365557661367327, -0.011456599503028988, -0.00879693011648476
1.3768880832326416, -0.12134612342151377, -0.1831796424042428, -0.11248508089699939
1.349678623196128, -0.019310294322302062, -0.03767641513235859, -0.020304319376312538
1.4298307701002273, -0.011102819220988746, -0.014018964241005873, -0.011642538236715133
1.195815754861668, -0.06469644535925181, -0.10117041855829306, -0.06325198155662162
1.6595955017459127, -0.015155597320897864, -0.021471596563873332, -0.014476025549880474
1.4751578350693066, -0.012371249014395274, -0.01792001204632874, -0.014407866730205918
1.2245668649700094, -0.03100559984249412, -0.03680919283589367, -0.026763208031370198
1.3532199419810096, -0.01330539353517997, -0.01652766692557577, -0.013831599985582355
1.5374477339596597, -0.02953035761337378, -0.04654854273690384, -0.03035726509227783
1.4869849711399392, -0.1109562915055194, -0.25685138730021045, -0.1124630051291868
1.2132289713723075, -0.006626894543689559, -0.008707526346222518, -0.007623019019076523
1.5706248635369713, -0.03046386087368954, -0.043205338923905545, -0.029047454652753758
1.6710083056851188, -0.007799740187128912, -0.009737930849751419, -0.008737020076169085
1.315116771998212, -0.01141929375272047, -0.013895162991157776, -0.011415866458825998
1.6287947303100714, -0.020514545194066158, -0.027742626802111436, -0.01893181411506276
1.4732212196747594, -0.01135232114049904, -0.014255923176171692, -0.012592257804715259
1.4131119962915433, -0.031306770105267785, -0.0529417044596616, -0.029002047841083033
1.4017677535602628, -0.0405853458740894, -0.054574473639004896, -0.04031270662776829
1.3156529485744166, -0.009867465983503276, -0.014992829869054893, -0.010407784248501358
1.4784034321105275, -0.010056339357588507, -0.010979303016173024, -0.009646577627198215
1.456869942862494, -0.046642166417897896, -0.06444451014345334, -0.0440039733026021
1.534233848781851, -0.021831615147086262, -0.029982880544850227, -0.02390688215417428
1.2861528393668613, -0.022483521704223675, -0.028001866117042175, -0.02056958585898816
1.5223312608131385, -0.007816613447088455, -0.008412022707079391, -0.00769083844341194
1.4933226572189366, -0.05626821270025175, -0.06880909799449313, -0.05274503551204626
1.3177874129941072, -0.04513948134533348, -0.07717790366200453, -0.042285300197482695
1.5447495049145001, -0.014213992656481423, -0.01690416611341169, -0.01381461061258255
1.4455913178471322, -0.007180626356168431, -0.009852242430847728, -0.008765688918623903
1.3151774085512637, -0.01715159036248587, -0.027952424719498506, -0.018701051976625815
1.5595824648456487, -0.04554252196228479, -0.07994677546165574, -0.03845057497781189
1.2532138596354554, -0.019111829141897033, -0.023509953355801506, -0.018794668393844628
1.3754610661851756, -0.025873089871296544, -0.03117652647800502, -0.026079918866482824
1.395945817632, -0.009709409569972193, -0.01722190677612093, -0.012015256059719174
1.24058503222449, -0.0733023600946035, -0.11187189768239801, -0.07865094493546607
1.505493952144981, -0.015775397424895345, -0.021262314299603808, -0.01793017451044791
1.3280591028392519, -0.009501569516309247, -0.010583729764570348, -0.009677010221923531
1.1620650802794892, -0.027440329485187247, -0.034590933137391706, -0.025240931690401595
1.605337257005734, -0.06542433055035872, -0.10327195578334157, -0.06236932809294385
1.521449182611329, -0.033268704737816734, -0.046825048008519846, -0.030619683997031653
1.4080390990526377, -0.021077345687466723, -0.02843449221199296, -0.02111793948972341
1.4758445689529822, -0.07892820685034531, -0.11665586514292729, -0.07195068179383948
1.3129046676448708, -0.01511790995650881, -0.01641420601191939, -0.013881505590062447
1.4171975312382605, -0.009861498674195893, -0.012649531838767845, -0.01060100838148005
1.6224079076632283, -0.012605997888669646, -0.013950404564945533, -0.009026602459593197
1.4938078477660712, -0.019033582802396257, -0.02473650234852847, -0.019081601182907613
1.5870632510749936, -0.05436221731887781, -0.09006154436294352, -0.04799504581184022
1.3490179615475013, -0.017245238558803975, -0.021321441002638056, -0.018829778957665307
1.275029465578139, -0.023419392688749204, -0.05171767719971819, -0.027848584696331054
1.2817554714141728, -0.03441279962896806, -0.03559644704245264, -0.02896822365822424
1.164504692094879, -0.03922179831383255, -0.059286781248716565, -0.03863496448073364
1.6512017565325379, -0.020574935473865474, -0.024974616285222188, -0.017952452460422416
1.2825863472675463, -0.03576038659321417, -0.041166091216482084, -0.029134817070687578
1.4322620421352577, -0.049887789007778335, -0.09445229046441804, -0.04577536065165287
1.3027617087165366, -0.0054406853188338575, -0.006736021514227824, -0.005944236797204717
1.4625839731997374, -0.030344238100959046, -0.04271972899368343, -0.03231644674600996
1.4855778552309578, -0.03282288662346764, -0.045042041450183735, -0.03241482614557616
1.334979947355877, -0.019213476442928357, -0.017658868453241248, -0.015369886817278067
1.3939547808169996, -0.03212307251976381, -0.06688181104301505, -0.032350917493366514
1.4790388496241507, -0.007558200630624917, -0.007249313269791856, -0.006444603752098623
1.5510607809234729, -0.019738269489274898, -0.0280814568461136, -0.020345433076544062
1.5635381749792254, -0.007571779646666963, -0.006520332986596552, -0.005693542747170324
1.3166652242983938, -0.008916612746761527, -0.00939751192840447, -0.008760656585229941
1.3280668842806989, -0.07041646359328296, -0.12743647552477338, -0.07342379618191043
1.6035690602858172, -0.06086185968093923, -0.11354190246242979, -0.051590562551698416
1.3666380175090298, -0.03464312602461541, -0.044183217634314674, -0.03569247403141414
1.4075625247577621, -0.03185750914779964, -0.049942057042833124, -0.03304408372656036
1.3342347974499758, -0.017458108333124982, -0.02480405349340152, -0.018178321128807583
1.3350318633607827, -0.013779131993411277, -0.0199575294001399, -0.014026132690946205
1.5806359460864103, -0.030070339115987735, -0.06151462572430642, -0.035353126261294554
1.4080410775713557, -0.032340171120478774, -0.041473259876919286, -0.031476776969138476
1.5578475468275823, -0.03306098465541616, -0.04983819631443901, -0.03213260886688314
1.4116617821667639, -0.052658634001576485, -0.10462296991103463, -0.05064613528478943
1.5887722674154077, -0.02949615138209264, -0.06838317866099662, -0.037829937783531886
1.5815706814628285, -0.02087626562253353, -0.03026842877801235, -0.021439959220687782
1.6732558964578017, -0.06701750998274474, -0.12446833033881005, -0.0666706153631542
1.5082675974177102, -0.017937611144709074, -0.01823612163921776, -0.014538443941605401
1.4334838888253, -0.01478695929133391, -0.025082612935372547, -0.018078110366160895
1.6839148104575132, -0.03797814294847194, -0.0588576378404851, -0.034572615249243155
1.2846226521227564, -0.0445773780472191, -0.06564862483499186, -0.044405556793244164
1.628144195731566, -0.014251368115345022, -0.019769262091213703, -0.015457641600153001
1.5007421477864185, -0.012047627595165974, -0.01691207589140363, -0.013806401739628006
1.6040549403039928, -0.03554816069982735, -0.059486787740901235, -0.030782173416736915
1.0810988526682062, -0.00720239518580274, -0.004818562368339496, -0.004239449034442764
1.3210925718356852, -0.009543451611909401, -0.010676502630134064, -0.00921477935728268
1.6273086441029108, -0.04708050627982083, -0.131816814957497, -0.05072430375146535
1.5706403416762449, -0.027123283540578996, -0.03659450542127737, -0.029748641094446904
1.5039535139962428, -0.06863757469858683, -0.10875777106696029, -0.06892068430819596
1.3772662014119366, -0.0842636934515449, -0.1181813280698162, -0.0836875800576907
1.4780516462575868, -0.0346319577327813, -0.04496211375240324, -0.031752120226831694
1.4648093026371936, -0.01678167569542711, -0.0234043523291703, -0.019163097608417744
1.590084770255381, -0.05167227418115726, -0.08361571426270244, -0.045842102815983284
1.5214665857965928, -0.024899091478764603, -0.03944108656269842, -0.02766548765798006
1.6329069389307385, -0.024447314049200933, -0.030668662707016892, -0.021369810147266913
1.6040878674514147, -0.022086180156507894, -0.02725251453126795, -0.017750705918831343
1.5117453338513551, -0.013576750419313612, -0.0163254782762798, -0.013593873845791122
1.6211572622142536, -0.00832694764226835, -0.010005966160429283, -0.009182109872885749
1.6503123995897029, -0.01534628335722664, -0.02053052962759437, -0.014947550642792374
1.3932138070200486, -0.028356576472240703, -0.052522325476670295, -0.030193910303899247
1.6104452616901959, -0.03711109610987114, -0.058677799340398955, -0.03583722334391003
1.5084236903790134, -0.040264291089126346, -0.049937579816737514, -0.04019492084781378
1.2800725507643533, -0.01711438139932761, -0.018970115484824322, -0.016117791373009716
1.6095563213418078, -0.02372593401182165, -0.040490527898833326, -0.02720038751736161
1.603943324821684, -0.03211988968590595, -0.049060469422930506, -0.03082250543665149
1.5126437943036852, -0.08501091795288812, -0.20553215674004396, -0.08932348345255198
1.6465629225032494, -0.009743788828243838, -0.010766090341989332, -0.009563888968146127
1.678566334641988, -0.028647465619455033, -0.046015725968978446, -0.02929928984525398
1.5395340468109069, -0.011258788985393038, -0.012315897160235532, -0.010761831754807874
1.4391893060762715, -0.026618343613768945, -0.03505827839894263, -0.024594685593146138
1.5419755708324414, -0.020073143284011167, -0.03272384613421344, -0.02010921626134195
1.442294976752873, -0.023939453508392036, -0.03643280131339176, -0.025373209708297043
1.6451634971816653, -0.03818287300925292, -0.06472636934179313, -0.03962221302773013
1.6744802102795822, -0.021156527838691545, -0.026475743324746406, -0.02015038805813998
1.3878854497380726, -0.030242961181862482, -0.038740162178589256, -0.024639382985755177
1.606354787971867, -0.03715840774699791, -0.05075791903214928, -0.0315394972374496
1.6047124651244542, -0.02249552091751682, -0.029480472215306988, -0.020013387374639906
1.6561104550835681, -0.05445378736691782, -0.07320406457602328, -0.05103593865560167
1.5400449316072624, -0.04251846229902366, -0.07939563312728973, -0.04271021495960466
1.5392481632291088, -0.04674068920714852, -0.08829026865808182, -0.04594607143830179
1.5834332429994733, -0.01714823372135652, -0.022044214106900984, -0.01647490035091297
1.5320500459083637, -0.03496328120373073, -0.04726999899436512, -0.03365226051172055
1.5686740956299405, -0.031491200983491584, -0.0419070490941315, -0.03312334527381128
1.4299518259021844, -0.03409700405556942, -0.04016482655360368, -0.03164606148154004
1.5391859726039394, -0.010036219708921617, -0.011703916939339873, -0.009597244150819986
1.6330082229101655, -0.02362787333323648, -0.03073032617491619, -0.021806196734174693
1.599314983722447, -0.051962463364819994, -0.08900974950633966, -0.055848913798164174
1.6311327460345795, -0.01792898903638524, -0.03003818428138846, -0.020574607236814535
1.6527317599596243, -0.023973417751405563, -0.043179798796748124, -0.028101258138299934
1.4590817180473958, -0.023828121078462574, -0.026906675572550776, -0.021706736845508192
1.6105783167985925, -0.034773890320699136, -0.0635376335917557, -0.032926521734718134
1.562344894651044, -0.05091025765897211, -0.10211043283794856, -0.04926962797326095
1.4992997147625122, -0.013050910321118861, -0.01910645671723739, -0.01536197546631202
1.6162540908547938, -0.02312484786571804, -0.0300500943184946, -0.022203999114683945
1.6427186477389553, -0.02155321986654235, -0.031848155272554225, -0.02483982673569508
1.7193719748653582, -0.06181049577428712, -0.13005641195406542, -0.06824007254256091
1.5475198380846669, -0.04807940844300538, -0.08454664535790313, -0.05554039950190847
1.499930186876804, -0.057833100132047545, -0.1401086473890846, -0.06027868313383475
1.6803213356279274, -0.031211425776806197, -0.05007528571843609, -0.03288295970597143
1.4720811196016912, -0.09735906390375021, -0.12371595651989338, -0.09817579915286155
1.707368163706955, -0.013006888092464572, -0.023833059346112805, -0.016218855767575337
1.5792357680776044, -0.02585093401749145, -0.03546484954836938, -0.023277495061903127
1.5341421815713376, -0.034570384448446914, -0.0652685712332863, -0.03573915226719671
1.455182833247574, -0.012978034837262375, -0.019964826893976197, -0.014910283422522652
1.584161918959985, -0.03139216382237277, -0.0486637480620586, -0.028723740228046257
1.6503426310155962, -0.03452696993069911, -0.05214597174863388, -0.031754169329669055
1.5973810069637229, -0.06104181596373927, -0.10238004478875155, -0.0629091417602137
1.585538951201386, -0.01551557403148216, -0.015035847899716646, -0.012080429442492987
1.5547409583713996, -0.017636378611365203, -0.030730317427031847, -0.02074701613836729
1.5119814618271656, -0.01903228280381518, -0.02213160702174797, -0.018992976171438355
1.7178520933833277, -0.049861305293239636, -0.07203678361629995, -0.0470889614195263
1.416824647377413, -0.010650530277003765, -0.012974288857866676, -0.01032746509789049
1.7470046132379524, -0.058403317885651625, -0.12487107327191314, -0.06764094355696414
1.6517746507659865, -0.035180003935371136, -0.04118106824922223, -0.028672292718452876
1.566198256478398, -0.05148844791472219, -0.08314598301022862, -0.04577079969798238
1.6522366583095176, -0.007801906138054614, -0.011653501760750138, -0.009648702126921146
1.4514215462952218, -0.020885750242810888, -0.02261346353186431, -0.01566884362000517
1.6537994359253325, -0.0239816339654153, -0.04186515125680459, -0.028478259269122428
1.5969357449780957, -0.0320295399883871, -0.06341427764293885, -0.033718996648378706
1.6927582833168255, -0.01660180554250837, -0.025518340074964296, -0.017208319019848935
1.6362275514481301, -0.05026252491156993, -0.08153415143791896, -0.04966653837474671
1.6893552493493653, -0.010060735588043823, -0.010900546089063035, -0.008421716071580846
1.5571129000230461, -0.04286408764037696, -0.06258339578723264, -0.04620472644867634
1.647104471255699, -0.03709340878104012, -0.05687560277445581, -0.03946456864836623
1.6242843069839874, -0.09031124007091602, -0.1320137089393784, -0.08321943424027786
1.560811098147578, -0.020937899058815667, -0.031035435072621253, -0.02224854639871694
1.6177507728676055, -0.08069930754603047, -0.11799866239134768, -0.06969551744384753
1.4823196080045842, -0.02177955127132009, -0.03338512098835399, -0.021707786408061976
1.409234646934611, -0.01406331939487427, -0.01683983091529538, -0.01399146868380605
1.616031317270351, -0.027507236451732753, -0.04286331956916171, -0.027349439930043577
1.7285357634248932, -0.014833146745600963, -0.023178285117305672, -0.0166870726876933
1.6766795529552465, -0.04100710186610012, -0.05427280108389605, -0.03469665409482371
1.5353940127388672, -0.025076275315675956, -0.03522937500627644, -0.027646272286094124
1.7548975987690592, -0.021209977353262726, -0.029135337565016475, -0.02226530358120093
1.6693304110982268, -0.05176272714577681, -0.07054457095709517, -0.05052214604514828
1.7599741303029544, -0.012637035807323612, -0.01813055020127153, -0.013473534151535922
1.7237462226266749, -0.027895220242162393, -0.04027055460837469, -0.026599201294040746
1.5701689325386623, -0.02678033889458675, -0.043942969942267755, -0.03134380470643796
1.6774933874929123, -0.014678226108691877, -0.022339812990410688, -0.01579699124843229
1.6464563324349557, -0.034527633954538034, -0.05005884923459091, -0.034472099981880916
1.773549342041389, -0.024601786763651035, -0.0389754714805526, -0.022316527360605475
1.6359307695282013, -0.029850945361173217, -0.04835514858017069, -0.03340006400547547
1.469883923820132, -0.010390015400451374, -0.012123363633497418, -0.009683613315939423
1.8260547878458746, -0.022975297353741552, -0.037957362515554594, -0.025310586825691726
1.8630489712101255, -0.02877366066852482, -0.05743318429388109, -0.034052979388531454
1.7240024695171932, -0.019246478241266223, -0.024277825422072557, -0.018338584257514248
1.5018027608415103, -0.021308942253031992, -0.03780053224498085, -0.021938143514931393
1.7268346718494085, -0.02122839234448656, -0.021316376622262666, -0.016297155070195284
1.6831814097909557, -0.0286361482516113, -0.038683941194638014, -0.026886374173659886
1.7915544377201185, -0.04266326999420562, -0.0837244856436056, -0.045725447485918294
1.6372674532116676, -0.028125301110185307, -0.04801340469610053, -0.02965250973759345
1.5787059690911898, -0.04740113994998319, -0.07624648661128801, -0.04228739427693399
1.5874507000948004, -0.019128568072945187, -0.02468538754814767, -0.01899208086938576
1.5942047412423008, -0.015148227263194706, -0.018277289641027678, -0.013444515398627729
1.598246203108858, -0.029907907303735555, -0.039708657823893635, -0.028815705075313957
1.5949568962803486, -0.054782435271659775, -0.10112310031451148, -0.05071024235592235
1.7123880985811863, -0.028019916737426685, -0.03821965905422886, -0.02848093008361499
1.5422625273192634, -0.022585757929051396, -0.030421374885905236, -0.024015582956202704
1.7409893258212519, -0.049639070350393014, -0.08635065889356415, -0.04536556112729168
1.4785633683372421, -0.017020023927758296, -0.02560513992368848, -0.018533960245157723
1.744895525206261, -0.01607627427223996, -0.029317724238677175, -0.019090020542338933
1.7481931297931084, -0.03088969083409028, -0.04664525180314652, -0.030105165845828286
1.605895041707348, -0.01556883288467361, -0.03208877711668356, -0.020570281284507594
1.7407135216617404, -0.0406863285017771, -0.07075451552280898, -0.04515151587089961
1.6945744947930987, -0.03343709805984872, -0.04687319558918473, -0.02653910410152159
1.7897634049042423, -0.03749359727955379, -0.047860037015374876, -0.027113149398596346
1.732807969671756, -0.015126787542492817, -0.0261470298268655, -0.015930409474709653
1.7378956928404856, -0.02077964945641361, -0.031841604417243846, -0.020765618060309132
1.6599370429372309, -0.09713614863641305, -0.243688590607196, -0.11156557047455465
1.4002762897105145, -0.07534430405559761, -0.14489960544701908, -0.08625928888288058
1.6158400411216056, -0.04461134783946, -0.08407185829461387, -0.046580538357787665
1.7008210829020247, -0.03252534345084132, -0.08145694261640307, -0.03835827210088289
1.6492617576166542, -0.0160272023547368, -0.029186883073463513, -0.01987345439245692
1.75611771289782, -0.02029081747133205, -0.022381386209614468, -0.01758464360551494
1.6784315294068815, -0.02796740895396578, -0.05145035343628138, -0.026871903375129153
1.7329189513307546, -0.042551006324760235, -0.07557746629999658, -0.04490568799396494
1.603776633450911, -0.031661157570219076, -0.05137780263212596, -0.029966999359784422
1.644975624632718, -0.03460904613187085, -0.04557628807177881, -0.034656662626793
1.780884283483535, -0.03340239679406477, -0.051921611953213966, -0.0299984951480594
1.7070657919890655, -0.021909127216107657, -0.03802613470544117, -0.021412139222394405
1.6857551340615498, -0.046081629060732654, -0.08286915373803501, -0.04423514847533268
1.6275575480323257, -0.01713971079698964, -0.02618766363353636, -0.019767729546965145
1.7804157202585016, -0.05263150329721975, -0.09849765977057176, -0.05476431529709575
1.7717891115741002, -0.027833805462483718, -0.04286465066252019, -0.0287725733769645
1.7452701338134928, -0.02029695131559673, -0.029032605716175358, -0.01962279947456891
1.6149528681692198, -0.10498822565348746, -0.20051605749834447, -0.10378128855007873
1.7662481103654273, -0.04353239191687498, -0.06402558896598749, -0.04406102735098152
1.597111019966869, -0.04655029150284463, -0.07600349723615478, -0.048737630655935824
1.6854230603496303, -0.06557393780206985, -0.1330525551078573, -0.06403748835966525
1.7154404092863667, -0.025981547278421203, -0.04672899946939937, -0.02999978402796251
1.7320114134396565, -0.027576693812716258, -0.05412968915527796, -0.033420388997627275
1.7361923946371833, -0.036105679822201635, -0.049936688244175735, -0.029636893490042962
1.6674102552658385, -0.027275034412898094, -0.045728665367871034, -0.027129474463654657
1.7274830057735138, -0.02420740884591032, -0.03956741335674244, -0.024270094640250997
1.7239542596574138, -0.03231962304671106, -0.05015829272094338, -0.029293540262950023
1.7447601992438753, -0.025300389018111658, -0.02827270289028264, -0.020193822126149678
1.6684000328562478, -0.026739205767284138, -0.03035966601426414, -0.022628220531059968
1.5727320250438532, -0.032032516666648005, -0.09578031054918132, -0.0381984872977574
1.7996482627352834, -0.033164118674540076, -0.0581275863360129, -0.034744891117496166
1.6596279271037622, -0.04417513831663382, -0.0825439418998188, -0.04355779619448023
1.6411701605498936, -0.019909054703943163, -0.033330007672196196, -0.02011144027169642
1.8082740592687994, -0.034199557787755096, -0.06451847882587428, -0.03679588603835785
1.670757011239523, -0.0108382541841147, -0.014407280790873118, -0.011540655149083728
1.7580753636248772, -0.021898722176118098, -0.03274105539110116, -0.0235183627160842
1.5398197000262188, -0.0355549405921156, -0.05365211198055759, -0.036383248748164974
1.5766650044896986, -0.09341606875298385, -0.23184208520504818, -0.10056841447020141
1.5964210803309151, -0.011411321300669436, -0.015252897019632833, -0.011706109804892085
1.7631799451270862, -0.04116759921672565, -0.05389578822513979, -0.036832387325070465
1.7520821506487618, -0.01618492821901964, -0.029626046158435847, -0.019305853053223063
1.7061432577102236, -0.028285301802454334, -0.046676350580749926, -0.028852052566702924
1.7308992466462982, -0.035076037732282205, -0.0542839613479459, -0.03423030186179074
1.6780069458842781, -0.022272546926686117, -0.03021022411775714, -0.02267847216352054
1.7084371242836796, -0.02860036544074501, -0.046659212732177414, -0.024169158651866106
1.7378669856977078, -0.012908150142102382, -0.0143444844148817, -0.01129880201488871
1.7326708706073544, -0.025192791363870128, -0.04838608837243061, -0.023916486967924845
1.54935031439317, -0.021678575643703873, -0.0288311233190278, -0.021657329186517683
1.8441924835639893, -0.02175131918215993, -0.025144371030299893, -0.017509053961413175
1.8148613182927116, -0.01967248677968017, -0.03814825168585397, -0.02523772948454229
1.5340832305486112, -0.019636912656895215, -0.027634760420205434, -0.017919679330632637
1.7875000278710114, -0.025792898398492976, -0.037642834350711474, -0.02611507642827744
1.7892449062046143, -0.03747838186267472, -0.06564106734033608, -0.038515882082431584
1.707668218705458, -0.035588486459018895, -0.05711297616907486, -0.03805891072886075
1.7658542225326204, -0.022772380127429638, -0.04007248728338084, -0.0254861328416862
1.5907598156104823, -0.017838925729734896, -0.03851378103153096, -0.019424814148538444
1.7044796741505888, -0.019286998875617422, -0.03183840033868553, -0.019175949991034873
1.7962046298771197, -0.04009174291131056, -0.0728411747844174, -0.043400403864488776
1.7638221190135834, -0.026198001184000518, -0.0403222344359733, -0.024947890555396916
1.7498521275670584, -0.03790692121777829, -0.06035009768524916, -0.03856813829375174
1.509077935135305, -0.022732787791013835, -0.034056920369595414, -0.018685150169965477
1.725236345245703, -0.03003259585736668, -0.048223300065380136, -0.02933091075931519
1.8488763606226348, -0.04188962692718996, -0.08141779545803836, -0.04425955751543885
1.7098205080642381, -0.0220563044756218, -0.042500642263324756, -0.028820539070168485
1.8771850259834078, -0.03481923297995853, -0.05551050361068215, -0.03347918762416353
1.810491632880499, -0.0383491340129749, -0.058834415094313544, -0.03798264454757949
1.7896131573767182, -0.058442918835771705, -0.10489875170491236, -0.06215384388773323
1.777010722289243, -0.03419585798877779, -0.06533681883229003, -0.04127213725571984
1.480615399089442, -0.022496311502412936, -0.041515029491635394, -0.02307658948194559
1.7747833338581347, -0.03229780504951486, -0.05440619925846621, -0.0336214624002951
1.8237804663980113, -0.03511221965088771, -0.04966667773664343, -0.035329854260806946
1.734792513772807, -0.01884949410213267, -0.023944868845140636, -0.01677345786086312
1.586645149179507, -0.012953519015378325, -0.019038285609076316, -0.013375513984986532
1.8458167893519597, -0.024684078203399608, -0.028154840839884114, -0.021654965230284914
1.7399102925408512, -0.018801582742085873, -0.027343392575388162, -0.017647676758053638
1.753082963649459, -0.05988886980901407, -0.10467015521336441, -0.05610783502591844
1.8145418276651344, -0.023654403878294025, -0.03784877705102284, -0.02379878066954472
1.77457378437551, -0.06020081818993276, -0.07955363126575885, -0.0532764551922891
1.8159002402907471, -0.035836172936566074, -0.052313703649923715, -0.03590332278686758
1.875812019911602, -0.015451743400160919, -0.0218075914063686, -0.014487416826231012
1.7982592517043183, -0.02659498012395124, -0.052767724670782175, -0.03182165394171406
1.7070944151252965, -0.024374718263610703, -0.0259864702932873, -0.01789407376587357
1.7406557093136181, -0.03454640359608311, -0.04716951929952742, -0.02884561455062867
1.7211759896794403, -0.031233427187627966, -0.05422162401897332, -0.02982843899384274
1.82492126275372, -0.016832571743172587, -0.01833815910881128, -0.013470716664087865
1.7988158452084042, -0.027126340254095334, -0.04297643872771539, -0.02507511396439975
1.8610198998088212, -0.02530895803960811, -0.04315871694748152, -0.030218189358789258
1.8393452436482152, -0.02860081758043088, -0.04592499097454105, -0.030380032282976255
1.8088976731674284, -0.012328301793781055, -0.01894715487313185, -0.013677091983349123
1.764246802739458, -0.03602371695765578, -0.061359697972090566, -0.0400932020486521
1.8884795165251498, -0.027807066019260675, -0.050902105347343005, -0.02774758140357469
1.72949045675681, -0.10480832506178558, -0.18998944009219446, -0.09920862564588936
1.7838267306204219, -0.08918484201281171, -0.16284584442070751, -0.07817202229303365
1.7841554038816625, -0.02206282800492045, -0.03133724134731533, -0.02299007980454565
1.8113631899770297, -0.02438018132431534, -0.03617625795395042, -0.020620071572658168
1.7931129113619235, -0.021765577295935142, -0.03729767710359378, -0.024362948014543823
1.856875933354755, -0.023560567586540848, -0.033226765497449094, -0.022865836187593348
1.7719382448967562, -0.01864734298075563, -0.026037840636180386, -0.019722702826119758
1.7407183694612516, -0.009103513880287207, -0.015111158885029318, -0.011276376375295128
1.5494731252352332, -0.044926390602580794, -0.08560928891474236, -0.04251205385903926
1.8002083735281387, -0.020771601204727624, -0.033346087764863946, -0.022000423900561214
1.7648561942181722, -0.022913626438868958, -0.03980088442785583, -0.02783366646161006
1.741875207014893, -0.03632787703770554, -0.05581518878988633, -0.037854875968814615
1.697036762528674, -0.01604707501701885, -0.020352065908945057, -0.014979116260909583
1.8087478464348772, -0.016648901858095984, -0.019764252624614904, -0.015647525959105537
1.732260723245074, -0.0050083096267389705, -0.007157657989220118, -0.005939603862059546
1.7461856442428876, -0.03875899166295494, -0.06878792839644737, -0.04138781589222393
1.7185832316740184, -0.01708635065396625, -0.03073716166560402, -0.02158545834142281
1.7674269184871814, -0.03377314641010525, -0.05417376762614893, -0.032793869143219245
1.810615714137911, -0.035836637765900375, -0.061178593105170806, -0.03511893483898511
1.7405411386849472, -0.00967061772502711, -0.013089205871157366, -0.010307916655198018
1.710249641498097, -0.022620523046132802, -0.029336897969042396, -0.022251773646803735
1.7226161439880943, -0.012634815732519199, -0.022488946288408314, -0.017595633373490082
1.8387550274942224, -0.036720231338606024, -0.05426528842872771, -0.0327153845467267
1.8556424645584748, -0.02099810899683688, -0.031776451484133605, -0.022855697424937108
1.8521116597375031, -0.04680590908112753, -0.07990477872904936, -0.039364958494739935
1.6742844908685237, -0.022674289298491204, -0.026222931117674687, -0.021440768501181606
1.6862616419080567, -0.03812664250821399, -0.06589602993472354, -0.03775608760567529
1.8090788579049568, -0.030512773844713594, -0.05426672195185388, -0.03068660283260355
1.7521710650629032, -0.07279692154723488, -0.13323609730166608, -0.06735105801836218
1.8503226062665448, -0.01426253696652202, -0.02875451042404125, -0.018162489396415196
1.739298483049321, -0.02374592186798872, -0.03618177109345615, -0.023984310158482208
1.7277057121517487, -0.03315957344864, -0.06778106410505286, -0.03590891741446706
1.7905498674956917, -0.049488331419357566, -0.08376642445999812, -0.043314370803459214
1.773996154181122, -0.0663715808000361, -0.11275211058177721, -0.06442772805558203
1.7493724002619262, -0.029597497128841486, -0.04508875429188094, -0.027767787044416677
1.8397704744358019, -0.03424884960732924, -0.054606851902029574, -0.03210020485745919
1.680989317106412, -0.043838585651416, -0.09492534140512093, -0.04709259167656765
1.8153900881562268, -0.022887096818092683, -0.037343051234656366, -0.02491059527860535
1.8926324260017147, -0.0171532695751066, -0.035439585148847236, -0.022288427200019716
1.7325984688192901, -0.048480546950047936, -0.08202240134995799, -0.05045062589074679
1.7957746043169815, -0.01988162503718375, -0.024964461714431053, -0.017228706303699676
1.727185729783185, -0.009480496456601024, -0.016895787348369926, -0.012296447472495949
1.7358861375831762, -0.01571922024105879, -0.025764068084642745, -0.01931619299183554
1.80418594364116, -0.02975019007894843, -0.050767345697359564, -0.031584720821780786
1.8556004752545918, -0.022516508734328453, -0.03693332999078319, -0.025801349034042728
1.6588958115491608, -0.04434570140484357, -0.08400024031391716, -0.04584963012509147
1.8636405281210502, -0.016951901651140345, -0.024136317296209797, -0.016668480991582486
1.8447761758423857, -0.05396334152336203, -0.1108728050945059, -0.053956373944167905
1.7655332841408222, -0.04238442489373847, -0.08142167997679733, -0.04857285941436205
1.776536553718153, -0.022996417025573465, -0.031601568461191505, -0.023605508911168607
1.8351938908304584, -0.01801467270684224, -0.02832295633584845, -0.018740782830356267
1.7488191642467148, -0.03850561702743653, -0.049296870591721734, -0.03392977932396806
1.8059643317707217, -0.038339517677384714, -0.057684055726073255, -0.034936232306373924
1.7212764003872978, -0.04771749129250748, -0.07502389694142435, -0.045792181176111973
1.816415152302131, -0.029265587590043645, -0.04830285793953979, -0.028317606643210917
1.8585306915940807, -0.03215301179690687, -0.04977645168360818, -0.031213363314341314
1.7488857901259898, -0.04100279745984153, -0.06164232153935962, -0.0422073094331491
1.8056469369064858, -0.06226741816728463, -0.09441567668238324, -0.052559328443248995
1.860723524117645, -0.03806616286458665, -0.08014038798287419, -0.045654879757989875
1.7811064840347304, -0.04029288046280817, -0.057772497843254625, -0.03860415698549519
1.7488944162530524, -0.02535341728173443, -0.03071583390865827, -0.019214675536783583
1.8011670997400897, -0.02022705710276204, -0.03254157875170612, -0.022566473115736573
1.7853577036053727, -0.06432485090853697, -0.1331477773818525, -0.06453595799422615
1.8208005112301093, -0.01528111906828053, -0.019976444905184836, -0.015336338399480683
1.9007987290890607, -0.026256156073790404, -0.04663220452790265, -0.030313136767585958
1.7839052635691282, -0.020246923028731538, -0.0239044603644968, -0.01748603936227649
1.7987696744728257, -0.01622332416714561, -0.024740302885262, -0.018210804279764826
1.8027835771970109, -0.03696162803625338, -0.0584959260488513, -0.03690569626284532
1.8515277570532196, -0.036389937286950946, -0.05625316799824974, -0.036889269833605756
1.9026061642820098, -0.060466395587500305, -0.12408312164611612, -0.05792979921826085
1.7871259423635242, -0.028439439621866767, -0.04551708421519754, -0.029760009479252437
1.8152390993982754, -0.009331440304331402, -0.012686647490625636, -0.009875140265185232
1.7942247655302717, -0.05841467929927785, -0.07255833044881375, -0.04118442758939285
1.8434642902568754, -0.03411725224470138, -0.047088772017351725, -0.03072109618989623
1.777719044720995, -0.02734370789541753, -0.05459320465176314, -0.03280735976363457
1.707195359133498, -0.012145218625992125, -0.014640874346403654, -0.012339431801033727
1.8580593408155046, -0.014370680378930044, -0.027749128516101576, -0.018787010488335133
1.9126285237756468, -0.03280571303615579, -0.06496324350467698, -0.03569200254119547
1.8416620648697508, -0.028361513146861396, -0.052698336326464895, -0.028263905376934816
1.7950321183636033, -0.02538964185121222, -0.04360918252613218, -0.026400631291094864
1.7719422929374222, -0.021162398124808527, -0.03091523474756436, -0.02053862067267839
1.7143204678094937, -0.03352194819885335, -0.0571173792645954, -0.03413304022712699
1.8534498756462543, -0.023815017417497066, -0.034869881930009124, -0.022908743133194864
1.84824696509185, -0.054336917774911855, -0.08761735464973965, -0.05137255965160089
1.7564237734440553, -0.028356540521090205, -0.04926462664700506, -0.029089312288900507
1.838149910831776, -0.02405352650332132, -0.037601730523516536, -0.023245337139909433
1.8867909027992995, -0.026264523317175183, -0.050839908233420994, -0.030655208296020385
1.7944657423625583, -0.029723709691899785, -0.06831953836952227, -0.036624789760515065
1.6163975283220344, -0.02124994271265314, -0.04489907903820081, -0.027381090178113892
1.8320662197981343, -0.025509381818994366, -0.03577431392445131, -0.023741822971290794
1.8065169512755728, -0.013472895806988155, -0.020168942175585687, -0.015334602051287477
1.8241320806569918, -0.028028911131006674, -0.054818471470486976, -0.031357471304507785
1.8387705523737763, -0.034324233966612154, -0.04257330414531904, -0.02658146488492652
1.9144871881421581, -0.027801122366106937, -0.0395167466123486, -0.02685380858614567
1.84890744441714, -0.018368613606238794, -0.03093321749813032, -0.021752102965415885
1.762819836179883, -0.018909597871839642, -0.026629989253793132, -0.020464461833563177
1.855200034573161, -0.051466488400939855, -0.09810032496552909, -0.04755818046757584
1.7769509490876132, -0.03855521423680693, -0.049696296200701255, -0.03490245359508799
1.7231140899506936, -0.03747367199982909, -0.06920648419002676, -0.040357502217207
1.7249697340761552, -0.06115701314595753, -0.11270237082429473, -0.05810285739760925
1.8502213503104288, -0.033288372481980334, -0.05241165430323073, -0.03394854538543445
1.705689752078564, -0.054834378971365366, -0.1606152758131214, -0.06687653795558118
1.7592145913375117, -0.03213789614107189, -0.038535636132693216, -0.027361675378384704
1.8221754506851566, -0.05786947115554358, -0.11023212564941559, -0.05623905096255476
1.7437013344513064, -0.0390756882752903, -0.06782180692489449, -0.04056699823933119
1.8166212580423595, -0.01578049165774245, -0.017753415810113263, -0.013406562733220079
1.7868916178058132, -0.033324420589691726, -0.043122929740322974, -0.027349856385420663
1.8019557696834478, -0.023196481945020424, -0.041475270842600234, -0.02576042096552713
1.817226766411044, -0.06582881379789615, -0.11923019709991646, -0.060176682558578845
1.7868473503389497, -0.018761288636447708, -0.028564965441527073, -0.021104820145491233
1.835001345158695, -0.03024220310164309, -0.04421175069358916, -0.029369281223768716
1.859878935117027, -0.05126399277372184, -0.09314274834880047, -0.05118721721550768
1.7630171198130458, -0.02715740106055818, -0.02964977301063785, -0.023158943460898026
1.8032963621682265, -0.019222069717319747, -0.02292712514006122, -0.017373995502336547
1.7919700845220043, -0.021876321421630558, -0.03514795701433923, -0.022466589272531607
1.8319973589827647, -0.027416841120641033, -0.05423600091560433, -0.029017992063385994
1.7818866017640065, -0.024790697855394683, -0.028768869283386428, -0.02251516670688712
1.810368362792923, -0.02680330804646109, -0.04860938211139119, -0.03056473329194094
1.8341569334874217, -0.041599899224835084, -0.06748510153073055, -0.03914653942949586
1.7608944179534833, -0.019902373765960872, -0.031048198016741316, -0.02119227673927439
1.8487100184798508, -0.013841739490633689, -0.026713609584648645, -0.017785745976285603
1.7817197161900928, -0.01466387077767649, -0.0207454737926375, -0.015154978447590452
1.864170430063216, -0.027770550964112763, -0.043012120227747544, -0.02713718486958592
1.7847216188670743, -0.061684347925716795, -0.13964943734435536, -0.06664195854654521
1.8540566699295213, -0.04536511116026668, -0.08384488431269452, -0.04813836240741341
1.8816916138460984, -0.02959055298475505, -0.0435617562757968, -0.02641829554212836
1.8195728234790007, -0.017867518068595017, -0.0325494775164271, -0.021689885357995486
1.8443790901340213, -0.007357966922802002, -0.01445953299037236, -0.010615910347562688
1.7440712992565852, -0.018060082963156667, -0.02689050617432712, -0.01754424025205502
1.8337384798451692, -0.01889292098863188, -0.0352628635206432, -0.021021005373845495
1.757609705067071, -0.01934287684760419, -0.025507607539347988, -0.019165456194625514
1.8537300852321492, -0.021493992577719834, -0.03621650976106011, -0.02405213683084947
1.8642220466641035, -0.027367832316454944, -0.04317599727017746, -0.02695389854653144
1.8183210825152507, -0.035408494937722926, -0.05415968571348382, -0.03249038737440214
1.8724104129355896, -0.03924643446016125, -0.06442776255942088, -0.03978929382826085
1.8295359618331466, -0.028856953673872334, -0.03557915153497881, -0.026153991726741082
1.82872443556393, -0.03418476032180477, -0.07306848190651231, -0.03547714003979983
1.815677058619195, -0.031474904309365205, -0.04717029759873209, -0.029560546082859244
1.7601172819539685, -0.05536580353137833, -0.09550367189161153, -0.06098914965716474
1.7714552067936575, -0.020201218915508426, -0.026198829268429716, -0.01825727497475299
1.8357050254406877, -0.04304901215807331, -0.07096848274039518, -0.044195069132919255
1.8775244530145443, -0.033136055179811594, -0.04433717288992197, -0.026400099894031463
1.8133173170402626, -0.0263769339601713, -0.03692384664254832, -0.024890875393517843
1.8400945991368718, -0.04779270589803491, -0.09170184615377952, -0.048933142796579766
1.8415523787385293, -0.03727399469525335, -0.06838721119565713, -0.041455676614673524
1.90924077318554, -0.030568077887221073, -0.061313671773939066, -0.035480365148862825
1.780796002367599, -0.022419058705707352, -0.02935691893360696, -0.019342079160034494
