n: 10, k: 2000
[[0.25 0.25 0.25 0.25]
 [0.25 0.25 0.25 0.25]
 [0.25 0.25 0.25 0.25]
 [0.25 0.25 0.25 0.25]
 [0.25 0.25 0.25 0.25]
 [0.25 0.25 0.25 0.25]
 [0.25 0.25 0.25 0.25]
 [0.25 0.25 0.25 0.25]
 [0.25 0.25 0.25 0.25]
 [0.25 0.25 0.25 0.25]]
Exact value (full):  -0.07702380931654038
Jensen value (full):  -0.22063117771667898
Second Order Approximation (full):  4.239223922647411
1 -0.0034936617594212294
2 -0.014713729149661958
3 -0.010382746850761274
4 -0.010509650368476287
5 -0.010486611467786133
6 -0.04453275331373637
7 -0.03949553421365896
8 -0.03762631288554985
9 -0.059145243489183486
10 -0.05334230817388743
11 -0.04893380558033558
12 -0.04549112021535014
13 -0.04317470996354062
14 -0.041039015349399834
15 -0.03913577805894117
16 -0.03797583233972546
17 -0.03821466576910632
18 -0.03636632793738196
19 -0.034681509040590176
20 -0.032978361265850256
21 -0.031455435443647387
22 -0.03006797496610406
23 -0.02900080189473279
24 -0.0279967843380291
25 -0.027734336582943796
26 -0.02821990047903875
27 -0.027217660414020496
28 -0.02953971247604516
29 -0.02859585104783162
30 -0.02789092593593523
31 -0.030374434524996868
32 -0.03822217866036226
33 -0.03957026504389377
34 -0.0384640401290894
35 -0.03738936462905258
36 -0.04449132519787074
37 -0.04416200619606251
38 -0.0430211500727302
39 -0.042420659732157126
40 -0.04141495163057698
41 -0.04102469481408551
42 -0.04032878274336413
43 -0.04077682148551482
44 -0.040101398971852505
45 -0.03935584738824723
46 -0.039959562197074534
47 -0.03949784291685222
48 -0.03890949718940343
49 -0.03820288306154425
50 -0.038542889388045294
51 -0.03782018047972016
52 -0.037125284719737604
53 -0.03798842585518218
54 -0.03739484965141552
55 -0.038410306653134864
56 -0.037917249502373
57 -0.03816754893673453
58 -0.03762950582714784
59 -0.03721490098159539
60 -0.03667161965180033
61 -0.0362524041270486
62 -0.035823736481571326
63 -0.035313403362312194
64 -0.03506947929690796
65 -0.03456312196168045
66 -0.03428527124660005
67 -0.03404175372248682
68 -0.03425804776505923
69 -0.04436718498650209
70 -0.04376712576070401
71 -0.043229180875949194
72 -0.042650092175689575
73 -0.04212824287999753
74 -0.041633760231716964
75 -0.04110416455892846
76 -0.04056989313041987
77 -0.04019746752516306
78 -0.039682115377404556
79 -0.039647068990441625
80 -0.048330671919393345
81 -0.04774867067326228
82 -0.049484645040626295
83 -0.04895334214628506
84 -0.048377688184180964
85 -0.04785304852925679
86 -0.05594599813352837
87 -0.05588781532842195
88 -0.05526157111373984
89 -0.05464863501230171
90 -0.06836504001079852
91 -0.07983203633793291
92 -0.0793202764426773
93 -0.07851666365111727
94 -0.10348285854350717
95 -0.1024299546812759
96 -0.10146126201834704
97 -0.10057213965181704
98 -0.09965965915198095
99 -0.09868791355631512
100 -0.09772851178015117
101 -0.09678585917082624
102 -0.09585303145029363
103 -0.09508877452089931
104 -0.09421921792930404
105 -0.09341426275482047
106 -0.0925723869844454
107 -0.09172526096422487
108 -0.09117154591270567
109 -0.09241054248579547
110 -0.09161786268179474
111 -0.09097547076174754
112 -0.09018358947910851
113 -0.09513918739440645
114 -0.09434654993840427
115 -0.09381548291446803
116 -0.09313583890716787
117 -0.09236873291546288
118 -0.09178183857653432
119 -0.0910942571774759
120 -0.09039290120563237
121 -0.0897012247193089
122 -0.0889913490615579
123 -0.08834173320082767
124 -0.08860751153054391
125 -0.08865463574463502
126 -0.08813364088529765
127 -0.0874503926446434
128 -0.08677624372421633
129 -0.08764049546322027
130 -0.0872576391158733
131 -0.08674039068686926
132 -0.08608457589897708
133 -0.08544009480965883
134 -0.084837152392633
135 -0.08420956995876083
136 -0.08373677195172871
137 -0.08364031536042152
138 -0.08305763119979942
139 -0.08252694187873243
140 -0.0819995518053994
141 -0.08156097571464406
142 -0.08106023837392289
143 -0.08053646521707727
144 -0.08114739899161173
145 -0.08077384343743124
146 -0.08025392302911376
147 -0.07972649837242
148 -0.07923039068530646
149 -0.07873242377297095
150 -0.07823322346545562
151 -0.07781639021765618
152 -0.07731386690777167
153 -0.07681949935609808
154 -0.0763428222622655
155 -0.07585931049106875
156 -0.07539559406849058
157 -0.07667749439573596
158 -0.07619219379829459
159 -0.0757689043954465
160 -0.07679811743832943
161 -0.07682849623956856
162 -0.07636888740532334
163 -0.07606858494108582
164 -0.07564702146169666
165 -0.07559081291119307
166 -0.07518085847142908
167 -0.07473410300356803
168 -0.07434212934385002
169 -0.07394360735410234
170 -0.07374483029120979
171 -0.07333335584659798
172 -0.07294604729458813
173 -0.07252648741933296
174 -0.0721289027151006
175 -0.07192032667255262
176 -0.07154282492125606
177 -0.07139861860060452
178 -0.07106686975352244
179 -0.07474901320720215
180 -0.07440715048364331
181 -0.07416125361334747
182 -0.0754070865246771
183 -0.0750249175905028
184 -0.07466418295193168
185 -0.07501924149798249
186 -0.07465606369183778
187 -0.07427361646752255
188 -0.07388538046487814
189 -0.07354975377545026
190 -0.0731989394320025
191 -0.0728459931159662
192 -0.07266199692681614
193 -0.07233497853265862
194 -0.07505135527749986
195 -0.07995707038890731
196 -0.0796367718838675
197 -0.08121715233226745
198 -0.08081922819231598
199 -0.08059304997414303
200 -0.0801930856711624
201 -0.07980034757990927
202 -0.0799929392479039
203 -0.07968136629678528
204 -0.07931415531018894
205 -0.07894526502219024
206 -0.07856897796566786
207 -0.07828264721457094
208 -0.07800685721986156
209 -0.08097373776351025
210 -0.08059398852620646
211 -0.08022754888614542
212 -0.0798518601298057
213 -0.07948360870632058
214 -0.08254022271764463
215 -0.08225988263550599
216 -0.08198423922062324
217 -0.0816238804489054
218 -0.08131894439232826
219 -0.08096108630657187
220 -0.08064013531161023
221 -0.08153576199454546
222 -0.08118279154819771
223 -0.08092708256593023
224 -0.08062957576355854
225 -0.08044767793562238
226 -0.08011082546724047
227 -0.07977897673931833
228 -0.07961364311105219
229 -0.07929872177773452
230 -0.07895589358620624
231 -0.07958505755348723
232 -0.08242601745057292
233 -0.08311167760182431
234 -0.08277653869657263
235 -0.08254614922120805
236 -0.08220207096953452
237 -0.08190544531653013
238 -0.08156326214193847
239 -0.08122748972686221
240 -0.08188726772323207
241 -0.08165047462969605
242 -0.08136241344567499
243 -0.08103031384824644
244 -0.0809033248204913
245 -0.08062592776660328
246 -0.08030874962438483
247 -0.07999636995723836
248 -0.07973062430764619
249 -0.07941761878821096
250 -0.079136434983433
251 -0.07883510575997917
252 -0.0785933003071333
253 -0.07836320791519481
254 -0.08280623517835978
255 -0.08248402222864873
256 -0.08337749299991515
257 -0.08310919359404162
258 -0.08279646809644119
259 -0.08257187455624561
260 -0.0824002957689887
261 -0.08211346081088602
262 -0.0819726081634505
263 -0.08167513671878104
264 -0.08144849083920704
265 -0.08132980785896575
266 -0.08103008076298131
267 -0.08079786293405568
268 -0.080640348817113
269 -0.08045064057865622
270 -0.0842765682922079
271 -0.08400791669300413
272 -0.08372909075732797
273 -0.08343931876445226
274 -0.08315327180054843
275 -0.08307705101406265
276 -0.08278391637142467
277 -0.08250749052860182
278 -0.08229975413261278
279 -0.08203972670297939
280 -0.08183897227965124
281 -0.08156081468624116
282 -0.08129049875834483
283 -0.08103935859453935
284 -0.080850279928712
285 -0.08058428604157311
286 -0.08045869024237516
287 -0.08030932097395502
288 -0.0803532120700715
289 -0.08007534780921195
290 -0.07984361685515162
291 -0.0795841745272913
292 -0.07931878783983848
293 -0.0791216324262277
294 -0.07912284381106109
295 -0.07886352638137611
296 -0.07861465131147909
297 -0.07846672445173233
298 -0.07834744945757359
299 -0.07821702933270415
300 -0.07801462022377867
301 -0.07779118858774159
302 -0.07754809886397282
303 -0.07730048834123153
304 -0.07706485696597778
305 -0.07701656022589781
306 -0.0796598880272487
307 -0.0794329119003612
308 -0.07918637701220779
309 -0.07897524429209186
310 -0.08018690390579708
311 -0.07996237928360479
312 -0.07985610492140693
313 -0.0796254655763561
314 -0.07941687214996279
315 -0.07955684289284233
316 -0.07930538618187757
317 -0.07911988751962
318 -0.07891269438430686
319 -0.07876277295369638
320 -0.07852661710866186
321 -0.07879563315338453
322 -0.07881450519965691
323 -0.07899629092788936
324 -0.07881336033648197
325 -0.07860319624662784
326 -0.0784334144977194
327 -0.07820473894105884
328 -0.07798435570319315
329 -0.0777716462828121
330 -0.07806630009073354
331 -0.07783780531793806
332 -0.07775491044137735
333 -0.07753614215369715
334 -0.07732147558301526
335 -0.0771810916649354
336 -0.07722387370214771
337 -0.0770104908521935
338 -0.07678760324278941
339 -0.0769278452434342
340 -0.07676874578403786
341 -0.07659867994257144
342 -0.0771572963118873
343 -0.0769365329184815
344 -0.07674339937925334
345 -0.0770871889346302
346 -0.07698954844375562
347 -0.07677201566297749
348 -0.07656770138426551
349 -0.0772367025740283
350 -0.07716443613079069
351 -0.0769571550685359
352 -0.07675442242088014
353 -0.07671084127985771
354 -0.07650846636652153
355 -0.07631275627906983
356 -0.07614604807812601
357 -0.07762832231389798
358 -0.07741627202040798
359 -0.07721830650711972
360 -0.07700951420450414
361 -0.07682651285491611
362 -0.07669580670708405
363 -0.07652700519498998
364 -0.07631778751245012
365 -0.076123392855426
366 -0.07591677089080828
367 -0.07572982794279383
368 -0.07557930782216159
369 -0.07538067629789517
370 -0.07518150248356137
371 -0.07500271993152309
372 -0.076157468300671
373 -0.07596853794872374
374 -0.0760881641209103
375 -0.07593602769541516
376 -0.07591822591796293
377 -0.07572574233382084
378 -0.0755510721697435
379 -0.07615074551187842
380 -0.07633239686163411
381 -0.07616647784603328
382 -0.0759679051954082
383 -0.07579872451141723
384 -0.0756264927025067
385 -0.07561977583908003
386 -0.0754251258624557
387 -0.07532867261886593
388 -0.0752162076737524
389 -0.07508268783469275
390 -0.07491551112652814
391 -0.07480456285980729
392 -0.0747078115023771
393 -0.07455549022170344
394 -0.07437349114925705
395 -0.07421976476030011
396 -0.07449297005883875
397 -0.07431483356422246
398 -0.07415509177319758
399 -0.07399524065536903
400 -0.07400387019565642
401 -0.07408648068521326
402 -0.07391988287572666
403 -0.07376746074002427
404 -0.07391368389875928
405 -0.07375737158990325
406 -0.07357655003962181
407 -0.07360108481287
408 -0.07343821994642413
409 -0.07339604945932446
410 -0.07337635299537817
411 -0.07321648803203605
412 -0.07306103875134354
413 -0.0729701743184441
414 -0.07282186922474936
415 -0.07267058127262897
416 -0.07249689494479018
417 -0.07236643980737356
418 -0.07226611254589696
419 -0.0721144954923777
420 -0.07197639765071515
421 -0.07456784371821941
422 -0.07439375947325531
423 -0.08259110536306279
424 -0.08249248800196272
425 -0.08232481061582803
426 -0.08230706439903322
427 -0.08214024807955704
428 -0.08203971465426098
429 -0.08287873776732652
430 -0.08270685615194494
431 -0.08254117282745967
432 -0.08252701145229198
433 -0.082374764417543
434 -0.0822074531715184
435 -0.08595902402128391
436 -0.08584931765839962
437 -0.08573837148271748
438 -0.08555624290461912
439 -0.08536458005728739
440 -0.08545300248124477
441 -0.08527894567346586
442 -0.08511026141519216
443 -0.08492729737012326
444 -0.08488804350131963
445 -0.08470845163290178
446 -0.08453782864435931
447 -0.08438075210118813
448 -0.08420233155570551
449 -0.08407513906638871
450 -0.08479311591886572
451 -0.08470654710469541
452 -0.0845228266186568
453 -0.08444627703038972
454 -0.08428297532276148
455 -0.08415076273209947
456 -0.08398864567047974
457 -0.08382030061889342
458 -0.08370943464063214
459 -0.08355261100152747
460 -0.08340695973721544
461 -0.08325347571814534
462 -0.08313193959600232
463 -0.08304009957887708
464 -0.0828689289953986
465 -0.08274431957115178
466 -0.08258038665043047
467 -0.0826074944173204
468 -0.08244189435288748
469 -0.08235200265711361
470 -0.08304585508470134
471 -0.08293221412356042
472 -0.08276326962497046
473 -0.08261102796761569
474 -0.0824460783173948
475 -0.08228835830016913
476 -0.08216224417343759
477 -0.08220619933850509
478 -0.08254727249554909
479 -0.08253201225421522
480 -0.08284968599369526
481 -0.08268482841422514
482 -0.08251751399412528
483 -0.08235487639636936
484 -0.08343736010006106
485 -0.08430654604758883
486 -0.08414386091181794
487 -0.08400280040861852
488 -0.08396344743404684
489 -0.08380233291825079
490 -0.0836383591676223
491 -0.083555886968088
492 -0.08339471562249685
493 -0.08324396327031183
494 -0.08324475225331684
495 -0.08310897728619183
496 -0.08294855528776768
497 -0.08278380898551675
498 -0.08262000094679338
499 -0.0824651780079409
500 -0.08230350536287732
501 -0.08216212263803885
502 -0.08200959228733302
503 -0.0818532806687206
504 -0.08189876919276873
505 -0.08173746175009793
506 -0.08172233339907754
507 -0.08163012663134588
508 -0.0814823766093855
509 -0.08132420078812144
510 -0.08118966735496988
511 -0.08107187649427608
512 -0.08209474826616514
513 -0.08195560279557568
514 -0.0818430871597569
515 -0.08200594604159316
516 -0.08185762768094408
517 -0.08551075403637322
518 -0.08534567536062733
519 -0.08519316079302462
520 -0.08503753770625666
521 -0.0848764934688254
522 -0.08471572077100921
523 -0.08508604717035982
524 -0.08492551417887327
525 -0.08477994795045345
526 -0.08463713666998901
527 -0.08448275601167242
528 -0.08435212771688026
529 -0.08420852002852555
530 -0.08406211928560432
531 -0.08393352160978511
532 -0.08377802980663901
533 -0.08362159868497392
534 -0.08391343930842107
535 -0.08378354293325123
536 -0.08363386976612104
537 -0.08349592809733132
538 -0.08336793205430305
539 -0.08321801738875263
540 -0.08309681916019111
541 -0.08318825987044974
542 -0.08303730773299174
543 -0.08288529319744822
544 -0.0827619995963406
545 -0.08288962490382842
546 -0.08279803443718385
547 -0.08268611435485139
548 -0.08276041673269881
549 -0.08263399431449275
550 -0.08261227404364697
551 -0.08248144523760771
552 -0.08233302575551231
553 -0.08257117275008821
554 -0.08283672218532057
555 -0.08280184575380009
556 -0.08265814744369872
557 -0.08253491262182955
558 -0.08535296253885007
559 -0.08521806125082583
560 -0.08517447469488226
561 -0.08502816782661633
562 -0.08488956353893921
563 -0.08475954322404075
564 -0.08474529765689957
565 -0.08474731496673678
566 -0.08477917821622057
567 -0.08765245464150777
568 -0.08750621711154784
569 -0.08736592869212095
570 -0.08797922696638827
571 -0.08784751335724889
572 -0.08770981151950878
573 -0.08756842759710892
574 -0.08772900402365805
575 -0.08777529368272592
576 -0.087628995927888
577 -0.08752028537166814
578 -0.08745299297347833
579 -0.08730645221189952
580 -0.08730601285044721
581 -0.08716776582151113
582 -0.08714978737231716
583 -0.08706033122292847
584 -0.08691419209431743
585 -0.0867826148009355
586 -0.08671665319761256
587 -0.08657794877237836
588 -0.08647008088105301
589 -0.08634024435282678
590 -0.08619862297027331
591 -0.0860612397958158
592 -0.08592617597423054
593 -0.08579418136521483
594 -0.08565541708531454
595 -0.08551834392563236
596 -0.08538487316756141
597 -0.08526309530991706
598 -0.08528223601425272
599 -0.08597452456000951
600 -0.08584961605466257
601 -0.0857177053555571
602 -0.08690671549707726
603 -0.08676437516231839
604 -0.08709290415557411
605 -0.08695531795046091
606 -0.08698202465235143
607 -0.0868743981590532
608 -0.08673643322535889
609 -0.08660175046692341
610 -0.08646412604525051
611 -0.08749088840443257
612 -0.08773216931809788
613 -0.08761180348314479
614 -0.08751985601107005
615 -0.08738469037134934
616 -0.08738185025352428
617 -0.08746941433817945
618 -0.08732886406592248
619 -0.08719553980596419
620 -0.08705775618168592
621 -0.08734268531323224
622 -0.0872195874895431
623 -0.08813735542654441
624 -0.0880058473130411
625 -0.0878694121123699
626 -0.08772904563934694
627 -0.08759508025920087
628 -0.08750531332510957
629 -0.08738872451855761
630 -0.08727352167456018
631 -0.08718668492398719
632 -0.08809685474901166
633 -0.08796989756846692
634 -0.08783999432592221
635 -0.08796177716960916
636 -0.08783949552587088
637 -0.08778940308508637
638 -0.08802889676399646
639 -0.08794429650541856
640 -0.08781119808203926
641 -0.0876751441937359
642 -0.08754575840298302
643 -0.0874663523943154
644 -0.0873449168536992
645 -0.08723610060089498
646 -0.08713850588136224
647 -0.08700667059013721
648 -0.08733733520258834
649 -0.08721095819748738
650 -0.08707678749256817
651 -0.0869913239588747
652 -0.08865187679622386
653 -0.08853459828257236
654 -0.08840566394320135
655 -0.08834436159711025
656 -0.08821489619477998
657 -0.08808306775467599
658 -0.08795175684903271
659 -0.08782002220366253
660 -0.08769476719223872
661 -0.08756579856281872
662 -0.0877110761673514
663 -0.08784234376238612
664 -0.08777021802641312
665 -0.08765261900480255
666 -0.08762276041849323
667 -0.08776312670037212
668 -0.087646410814061
669 -0.08757218576215259
670 -0.08745996291334232
671 -0.08733045297337538
672 -0.08760501508415278
673 -0.08761776896049683
674 -0.08749101318442448
675 -0.08736297774641166
676 -0.0872582082840069
677 -0.08713187660416635
678 -0.0870174923318829
679 -0.08690246818524068
680 -0.08678829563513157
681 -0.08669563164165914
682 -0.08657947491731506
683 -0.08659911415235583
684 -0.08648944985881231
685 -0.08636482397742194
686 -0.08626324318293
687 -0.0861579623415839
688 -0.08604206294858899
689 -0.08591741124236024
690 -0.08584096706275675
691 -0.0857270513001368
692 -0.08563041925567973
693 -0.08552075435936012
694 -0.08540947343797556
695 -0.08538798513298702
696 -0.08526577640501357
697 -0.08514468363485124
698 -0.08507873380143308
699 -0.08495766467730963
700 -0.08503826803067828
701 -0.08494356553807994
702 -0.08483444257814862
703 -0.084747925091454
704 -0.08466796116149763
705 -0.08455534224925915
706 -0.08446785564627099
707 -0.08440630135554922
708 -0.08428937242218121
709 -0.08419888360958216
710 -0.08408174835852882
711 -0.08400581161426468
712 -0.08394462219150758
713 -0.08383578041131208
714 -0.08375056566387876
715 -0.08363442260751536
716 -0.08591131597773334
717 -0.08579416284434145
718 -0.08722649938315746
719 -0.08711453079366832
720 -0.08741909489881941
721 -0.08731770112627826
722 -0.08720486791593268
723 -0.08712670841178677
724 -0.08701018226410526
725 -0.08695198199235542
726 -0.08683713076233772
727 -0.08699653436213682
728 -0.08687981869902964
729 -0.08676978248970346
730 -0.08665220141814992
731 -0.08653667907502942
732 -0.08642262150204987
733 -0.0906982938541991
734 -0.09059371060823475
735 -0.09066887099070052
736 -0.09058336814685529
737 -0.0905664334536392
738 -0.09045257626487277
739 -0.09035075785637312
740 -0.09028328828868276
741 -0.09019979341674275
742 -0.09009167323734688
743 -0.090088504086325
744 -0.08999249362564261
745 -0.08991523075951072
746 -0.09001333361304044
747 -0.08989413270583793
748 -0.08977448859546557
749 -0.08966264296435648
750 -0.08954636343488528
751 -0.08944215708159926
752 -0.08953738680519989
753 -0.08941858823927132
754 -0.08930467876708421
755 -0.08920270956141334
756 -0.08912567848158798
757 -0.0890139692858045
758 -0.08890780396171194
759 -0.088808807745659
760 -0.08871267166994967
761 -0.08860219997243919
762 -0.08849833952692203
763 -0.08838311866077354
764 -0.08837008618730384
765 -0.08826249430377514
766 -0.08818170239429342
767 -0.08807531062963067
768 -0.08797939712198873
769 -0.08795216650175447
770 -0.08785411264875798
771 -0.08774574621504648
772 -0.08764099098056993
773 -0.08845212893654711
774 -0.08836524537435003
775 -0.08827165501464004
776 -0.08816126538544004
777 -0.08806223338657053
778 -0.0889827705764862
779 -0.089039513267727
780 -0.08893129565688772
781 -0.08883140949866487
782 -0.08872169175316472
783 -0.08872828285370613
784 -0.08861631539727977
785 -0.08876534226614367
786 -0.08880980743006912
787 -0.08870274530320657
788 -0.08859098291686031
789 -0.08849464986000781
790 -0.0884034135763648
791 -0.08830925119896746
792 -0.08820515276757954
793 -0.08812022494804786
794 -0.08802630017135818
795 -0.08791767920269217
796 -0.08781343017912077
797 -0.087730548171623
798 -0.08762378020494686
799 -0.08752278438467588
800 -0.08741780912708691
801 -0.0873965504745067
802 -0.08728979543599492
803 -0.08718651998818473
804 -0.08731415969655766
805 -0.08722523426007886
806 -0.08712300947128021
807 -0.08756572935561925
808 -0.087602583724053
809 -0.08749828280764974
810 -0.08739231941147825
811 -0.08730287046653086
812 -0.08722893593821578
813 -0.08712517596046016
814 -0.08701887125487084
815 -0.0869326653021973
816 -0.08757178479060498
817 -0.0874775400712554
818 -0.08737724313734654
819 -0.0872945200205119
820 -0.087197866517405
821 -0.08709616054147995
822 -0.08700477632745125
823 -0.08776051484961778
824 -0.08776182734614514
825 -0.08785602171257557
826 -0.0881509322929159
827 -0.08810672808063727
828 -0.08803756226582088
829 -0.08794275905985457
830 -0.08783939818976393
831 -0.08773938931691934
832 -0.0880349032936946
833 -0.08794663446908618
834 -0.08784491345326763
835 -0.08774160486312697
836 -0.08765844191602984
837 -0.08757996082328354
838 -0.08752183311954688
839 -0.08743966427073517
840 -0.08734315024839816
841 -0.08724115672218057
842 -0.0871406898583966
843 -0.08708617785860658
844 -0.08699474540006304
845 -0.08690275974220306
846 -0.08680740024413591
847 -0.08671032870574488
848 -0.08662384967452745
849 -0.08652714727715381
850 -0.08644544908942514
851 -0.08634698769154454
852 -0.08624885702247924
853 -0.08615052189208659
854 -0.08606100819850271
855 -0.08596063693304126
856 -0.0858633412256529
857 -0.0857658210985294
858 -0.0856695901474923
859 -0.08558685094691233
860 -0.08559084083088575
861 -0.08549215841259705
862 -0.0854045044893536
863 -0.08532482002651479
864 -0.08523185197460255
865 -0.08514473761654862
866 -0.08505245494587554
867 -0.08496419522513977
868 -0.0848742985336362
869 -0.08477931528984632
870 -0.0846964152319711
871 -0.08461825366585443
872 -0.0845623905945329
873 -0.08446897629779782
874 -0.08438732334477751
875 -0.08429653516983464
876 -0.08447495431329993
877 -0.08438813736109113
878 -0.08429412858213937
879 -0.08432600354397651
880 -0.08423374956724645
881 -0.08414030846122823
882 -0.08405594589901558
883 -0.08398965236401915
884 -0.0839434200970202
885 -0.08385447602242473
886 -0.0837679427508886
887 -0.08368600767382074
888 -0.08359846882277853
889 -0.08351923108267575
890 -0.08343717918895677
891 -0.08335333731739482
892 -0.08329970652178136
893 -0.0832391851564645
894 -0.0832977563681059
895 -0.08321731577525497
896 -0.08323471330458736
897 -0.08348350862283145
898 -0.08343005263728964
899 -0.08334135725532872
900 -0.08401381712574625
901 -0.08392209773709683
902 -0.08384408138574787
903 -0.08383456814854806
904 -0.08374508723486905
905 -0.08365697671275554
906 -0.08357554451198683
907 -0.08348583623054401
908 -0.08356179692435892
909 -0.08429538274126606
910 -0.0842038369841148
911 -0.08432747722072914
912 -0.08462892187538816
913 -0.08461856003863051
914 -0.08453154178854003
915 -0.08449653469018058
916 -0.08455850365055291
917 -0.08451512995550892
918 -0.08444632272997045
919 -0.08436754634727604
920 -0.08428252919832274
921 -0.08419405362893503
922 -0.08410891818315096
923 -0.08403435874569017
924 -0.08395088438130219
925 -0.0838628922577757
926 -0.08378245335182015
927 -0.08369469921269485
928 -0.08360835532710098
929 -0.08352026824470102
930 -0.08345753589108876
931 -0.08424509122340113
932 -0.08416494028467511
933 -0.08413630156599729
934 -0.08406419640658852
935 -0.08401120838778511
936 -0.08392318306228207
937 -0.08391506513423747
938 -0.08382688766232799
939 -0.08374012964311103
940 -0.0839988996420869
941 -0.08433013629166895
942 -0.08424710109112735
943 -0.0841663278822481
944 -0.08408153810319934
945 -0.0840151634153492
946 -0.08403405531266828
947 -0.08396269037897305
948 -0.08388606039585775
949 -0.08382456728258818
950 -0.08378027514578686
951 -0.08369383393011832
952 -0.08361374779101158
953 -0.08357637743577605
954 -0.08352120331121106
955 -0.08374587513886363
956 -0.08365867874229986
957 -0.08357678819322688
958 -0.08351191386770508
959 -0.08343847559948997
960 -0.0833574845700203
961 -0.08327352042324947
962 -0.08323457718556228
963 -0.0831565228135779
964 -0.08315855201042466
965 -0.08307282375970627
966 -0.08299136152720174
967 -0.0829067244350012
968 -0.08287809952994657
969 -0.08286249777412899
970 -0.08277752848246274
971 -0.08272099304487952
972 -0.0827670306289292
973 -0.08277306748441389
974 -0.08272531003112032
975 -0.08421415211528
976 -0.08414348126351141
977 -0.08406846787620602
978 -0.08400162079853585
979 -0.08407092650494437
980 -0.08405120731369643
981 -0.0840936807566226
982 -0.08401190457181078
983 -0.08392855645994199
984 -0.08385108556963983
985 -0.08386549160990915
986 -0.0837831830857136
987 -0.08392451155266692
988 -0.08385956798801004
989 -0.08378940861789153
990 -0.08370486960459793
991 -0.08366766153350201
992 -0.08359951773896286
993 -0.0835159218229797
994 -0.08343717630709825
995 -0.08335398343981763
996 -0.08327142095970202
997 -0.0831949429820331
998 -0.08312186867968153
999 -0.08322311252100968
1000 -0.08314116764301797
1001 -0.08323113141176129
1002 -0.08314806641035234
1003 -0.08309295306870276
1004 -0.08301139821737544
1005 -0.08294034928144016
1006 -0.08294469770808209
1007 -0.08291782975005756
1008 -0.08284325039200291
1009 -0.08276372978129998
1010 -0.08268360866575244
1011 -0.08260443022278793
1012 -0.08253419432230838
1013 -0.08245405023099675
1014 -0.08237376338051793
1015 -0.0822928128471167
1016 -0.08221482935366334
1017 -0.08213825754104451
1018 -0.08206355953592012
1019 -0.08198739710578495
1020 -0.08193336857293973
1021 -0.08188999771379689
1022 -0.08183118751860516
1023 -0.08178873535527151
1024 -0.08171242527926736
1025 -0.08163620863412578
1026 -0.08156410687620487
1027 -0.08148609427776655
1028 -0.08281769974113459
1029 -0.08273849699430105
1030 -0.08266585735742693
1031 -0.08258703646346005
1032 -0.08322930391348338
1033 -0.08315401780696918
1034 -0.08309048960759259
1035 -0.08301238782873227
1036 -0.08294620344235698
1037 -0.08294722467503023
1038 -0.08288363724961513
1039 -0.08280579582123129
1040 -0.08272831831806378
1041 -0.08265168052938958
1042 -0.08259345495865295
1043 -0.08258386557658536
1044 -0.08250690492433124
1045 -0.08244022338783202
1046 -0.08236371803311296
1047 -0.08228911405192814
1048 -0.08224286794676874
1049 -0.08257937128951437
1050 -0.08251356377938854
1051 -0.08244069135639036
1052 -0.0823655289099676
1053 -0.08248711819546645
1054 -0.08241200534080952
1055 -0.08233530010165764
1056 -0.08331008715572008
1057 -0.08327573371195751
1058 -0.08320032655456175
1059 -0.08312833829608954
1060 -0.08308573778668808
1061 -0.0846322143183816
1062 -0.08455717607418152
1063 -0.08448664704147775
1064 -0.08444334246523863
1065 -0.08436943647074101
1066 -0.08434561192476688
1067 -0.08429426846281395
1068 -0.08422669636163417
1069 -0.08416188911409568
1070 -0.0841076225576174
1071 -0.08403791558464607
1072 -0.08396464907949265
1073 -0.08388639684363106
1074 -0.08381221368261295
1075 -0.08375377328012228
1076 -0.08370126259618106
1077 -0.08362913371750547
1078 -0.0836517488330202
1079 -0.08357450288989794
1080 -0.08401669575966514
1081 -0.0839817164760007
1082 -0.08391016499744537
1083 -0.08419033982438495
1084 -0.084125638688611
1085 -0.08405040388304619
1086 -0.08397666376789938
1087 -0.08390776631867934
1088 -0.08383142576936695
1089 -0.08375497287784191
1090 -0.08370148257822412
1091 -0.08366178357777423
1092 -0.08358839679182822
1093 -0.08351515776849328
1094 -0.08343986951645234
1095 -0.08337623426433481
1096 -0.08332310401956552
1097 -0.08338697052065437
1098 -0.0833369488918436
1099 -0.08326478215378162
1100 -0.08320195394244365
1101 -0.08316762593896748
1102 -0.08309278315749422
1103 -0.08356114372619344
1104 -0.08356077348592249
1105 -0.08366848303581448
1106 -0.08364846719117189
1107 -0.08358413088109196
1108 -0.08355824657801449
1109 -0.08348560631941823
1110 -0.08341139651380906
1111 -0.08340469234505513
1112 -0.08333228974143174
1113 -0.08412392742124218
1114 -0.08408704887710107
1115 -0.0840120866730703
1116 -0.0839371525498139
1117 -0.08388271314403563
1118 -0.0838106949096904
1119 -0.08381451593859872
1120 -0.08377576365348237
1121 -0.08376549104645428
1122 -0.08372061575531925
1123 -0.08364826761504335
1124 -0.08357429705564726
1125 -0.08350417782357544
1126 -0.08343613463723133
1127 -0.08337525447273131
1128 -0.08396479425693787
1129 -0.08399108830010736
1130 -0.0839214076971244
1131 -0.08384747972815328
1132 -0.08396132786274135
1133 -0.08407120324730105
1134 -0.08412342139770713
1135 -0.08405568452960248
1136 -0.08398852679601027
1137 -0.0839196261787456
1138 -0.08398247549532582
1139 -0.08391555448226724
1140 -0.0838475635987427
1141 -0.08390922007539947
1142 -0.08384816812597289
1143 -0.08378400174264998
1144 -0.08372388539322588
1145 -0.0837394471399647
1146 -0.08366771204458909
1147 -0.08359508496322432
1148 -0.08352760582544701
1149 -0.0834551316331669
1150 -0.0834299293856811
1151 -0.08338373836669463
1152 -0.08332250768418072
1153 -0.08326003071184697
1154 -0.08338617798879416
1155 -0.08334696453579793
1156 -0.08329425353449582
1157 -0.08388775714181947
1158 -0.08396478115285677
1159 -0.08391609631487487
1160 -0.08384514641896924
1161 -0.08377787300104235
1162 -0.08374159097365605
1163 -0.08367236522443836
1164 -0.08360990264667685
1165 -0.08354132699153684
1166 -0.08350882944971502
1167 -0.08343808090009278
1168 -0.08336787598698234
1169 -0.08330167254595024
1170 -0.08323564295562516
1171 -0.0831688585327002
1172 -0.08310656299912583
1173 -0.08303571341430135
1174 -0.08296514685542491
1175 -0.082900816241104
1176 -0.0832121420761983
1177 -0.08314816572475449
1178 -0.08310066592290513
1179 -0.08303393899181817
1180 -0.08296838619251318
1181 -0.08289953659059808
1182 -0.08284035086793212
1183 -0.08277125709124819
1184 -0.0827016020307045
1185 -0.08266590572925855
1186 -0.08262002524680315
1187 -0.08255612435951534
1188 -0.08249615796525765
1189 -0.08243123459590562
1190 -0.08238835538370437
1191 -0.08259068258798762
1192 -0.08252162458485762
1193 -0.08312453100660477
1194 -0.08305657591650191
1195 -0.0830673964669331
1196 -0.08300252189809632
1197 -0.08293541360464143
1198 -0.08291418496458411
1199 -0.08308147177865777
1200 -0.08301536972891882
1201 -0.08295832386343996
1202 -0.0828910732385481
1203 -0.08282828772718974
1204 -0.08314559542624764
1205 -0.08308654497073555
1206 -0.08302412066628469
1207 -0.08298679002389873
1208 -0.08292844477373003
1209 -0.08380632868178091
1210 -0.0837561383257046
1211 -0.08368712769203268
1212 -0.08370601333310765
1213 -0.08363847252959186
1214 -0.08390727810062541
1215 -0.08392738005388138
1216 -0.0838885900779354
1217 -0.08489200890301005
1218 -0.08487208343202268
1219 -0.08481149021341589
1220 -0.08480519352301673
1221 -0.08473609346862575
1222 -0.08466675132994439
1223 -0.08460126956453912
1224 -0.08453765718345227
1225 -0.08469143183735896
1226 -0.0846229845573559
1227 -0.0846254367473111
1228 -0.0845674057830066
1229 -0.08449921537082229
1230 -0.08445231431150893
1231 -0.08485095667761647
1232 -0.08478369181736005
1233 -0.08473212898976185
1234 -0.08466815688571021
1235 -0.08463482266143334
1236 -0.08456810065543552
1237 -0.08485625958566982
1238 -0.084789134721972
1239 -0.0847446484747015
1240 -0.08468814763332816
1241 -0.08463755611671649
1242 -0.08457255013047031
1243 -0.08456007210110635
1244 -0.08452794588778768
1245 -0.08446691784489983
1246 -0.08440053716694995
1247 -0.08433939710455031
1248 -0.08446625618065494
1249 -0.08440501178852577
1250 -0.08436407070262648
1251 -0.08429876149646845
1252 -0.08423232739598531
1253 -0.08416772255752711
1254 -0.08420106371264509
1255 -0.08413438080551497
1256 -0.08409093884321607
1257 -0.08404326107092647
1258 -0.08397788944435507
1259 -0.08391506895775522
1260 -0.08385560527367489
1261 -0.08379462945245202
1262 -0.08375856496262794
1263 -0.08370777862099776
1264 -0.08367479196901882
1265 -0.08378315249190442
1266 -0.08380167283222703
1267 -0.08374319342649833
1268 -0.08368827256581655
1269 -0.08362914934844377
1270 -0.0835681355613822
1271 -0.0836749755665062
1272 -0.08361026137472093
1273 -0.08354572374943692
1274 -0.083482021800663
1275 -0.08341774941445157
1276 -0.08337940363332128
1277 -0.08332687546558615
1278 -0.08326628614594994
1279 -0.08320719298698108
1280 -0.08314516046307574
1281 -0.08308180957905843
1282 -0.08302617662350638
1283 -0.08296497470547277
1284 -0.08290273168983513
1285 -0.08284256929782927
1286 -0.08278020228550859
1287 -0.08271703495612294
1288 -0.08268485716536239
1289 -0.08262157896793093
1290 -0.08257913339803054
1291 -0.08252853782584316
1292 -0.08356952376139737
1293 -0.08361004607129024
1294 -0.083550812795801
1295 -0.08348705986102346
1296 -0.08369229500579108
1297 -0.08363538549545645
1298 -0.08357203923506355
1299 -0.08351165607570628
1300 -0.08345245314086172
1301 -0.08339509542865835
1302 -0.08333475519221065
1303 -0.08328261250972131
1304 -0.08321885237876707
1305 -0.0831662785476329
1306 -0.0831692732363206
1307 -0.08310726158931628
1308 -0.083044015786926
1309 -0.08298419587893771
1310 -0.08295032885118056
1311 -0.08289227947858921
1312 -0.08283109409236791
1313 -0.08277115653768136
1314 -0.082720854081278
1315 -0.08269216842192083
1316 -0.08262999899465434
1317 -0.08257166527966343
1318 -0.08250992184447774
1319 -0.08245866796395224
1320 -0.08240179257723645
1321 -0.08234813174730019
1322 -0.08228856607141051
1323 -0.08223084040264336
1324 -0.08217150239181902
1325 -0.0821343223197646
1326 -0.08207611452325406
1327 -0.08201656517274568
1328 -0.08208912971515228
1329 -0.08202792638597943
1330 -0.08198826058074989
1331 -0.08204269845187484
1332 -0.08199123448606054
1333 -0.08194036546351693
1334 -0.08188596710289525
1335 -0.0818265908383482
1336 -0.08178710424677056
1337 -0.08179397921394642
1338 -0.0817386546538724
1339 -0.08177866460265604
1340 -0.08174912019233611
1341 -0.08169037676211949
1342 -0.08163195588010894
1343 -0.08157459883209131
1344 -0.08162729782354258
1345 -0.08156749653085155
1346 -0.08153437021682608
1347 -0.08147717224240565
1348 -0.08147635124180364
1349 -0.08143088970859548
1350 -0.08137595788270927
1351 -0.08135520648161747
1352 -0.08132015186100346
1353 -0.08142378281791066
1354 -0.08137155443427335
1355 -0.0813165765153155
1356 -0.08126254735250923
1357 -0.08132695895333639
1358 -0.08127211546668146
1359 -0.08122401842489879
1360 -0.08116794478304494
1361 -0.0811935787320337
1362 -0.08114119305003371
1363 -0.08156811657366608
1364 -0.08150891694192104
1365 -0.08145361250436632
1366 -0.08139445509835003
1367 -0.08134043386070933
1368 -0.08128182981527965
1369 -0.08122553862322265
1370 -0.08117529687631918
1371 -0.08112020633349647
1372 -0.08108215566970066
1373 -0.08105499712199325
1374 -0.08107583964100988
1375 -0.0811183367936835
1376 -0.08110682349777742
1377 -0.08105085626919334
1378 -0.08156345064643467
1379 -0.08151432568409792
1380 -0.0814693852364592
1381 -0.08141291566452541
1382 -0.0813576041687834
1383 -0.0813050107363139
1384 -0.081248873413708
1385 -0.08119776170758418
1386 -0.0811408808099121
1387 -0.08108793785215224
1388 -0.08113886222276659
1389 -0.08153128417546524
1390 -0.08148519988771892
1391 -0.08143551175002316
1392 -0.08141563282828397
1393 -0.08138223541215699
1394 -0.08136186969244502
1395 -0.08130547868228556
1396 -0.08125439419873251
1397 -0.08119866953084531
1398 -0.0811409515589729
1399 -0.08108325062771203
1400 -0.08106294143237391
1401 -0.08153310276493701
1402 -0.08164069402824971
1403 -0.08167753871341991
1404 -0.08241488333308804
1405 -0.08250507814005181
1406 -0.08247770236134959
1407 -0.08242390183332331
1408 -0.08236805878276889
1409 -0.08231866616625066
1410 -0.08227099342698593
1411 -0.08225051865954773
1412 -0.08219452235850566
1413 -0.08222552614873366
1414 -0.08218551173045015
1415 -0.08222110213426424
1416 -0.08220388258747068
1417 -0.08216940935122968
1418 -0.08211231352192498
1419 -0.0821103517921306
1420 -0.08206964724837414
1421 -0.08201410388786241
1422 -0.08195858245220908
1423 -0.08192783514055287
1424 -0.08195610646860106
1425 -0.08190063017272654
1426 -0.08184654209931852
1427 -0.08179873974631495
1428 -0.08174822901515699
1429 -0.08169827886391645
1430 -0.08164927060877909
1431 -0.08159398074260431
1432 -0.08153872989968014
1433 -0.08148191306853506
1434 -0.08143302626841956
1435 -0.08138164120984318
1436 -0.08132879199581154
1437 -0.08127860192537796
1438 -0.08122729675409464
1439 -0.08146149599939297
1440 -0.08147078697215622
1441 -0.08150420116681119
1442 -0.08145630766339612
1443 -0.0814109728822802
1444 -0.08135742975305107
1445 -0.08134240496699074
1446 -0.08129324042297922
1447 -0.08124953707670181
1448 -0.0812024894592554
1449 -0.0811479920683192
1450 -0.08112000691876316
1451 -0.08108318598630043
1452 -0.08103361047146002
1453 -0.0809890631124663
1454 -0.0809362935239071
1455 -0.08099765804482681
1456 -0.08094256319711579
1457 -0.08090437582446192
1458 -0.0808644822335648
1459 -0.08082902285190173
1460 -0.08081867217973773
1461 -0.08133256195463236
1462 -0.08128116524909104
1463 -0.0812281482164296
1464 -0.08120183360546177
1465 -0.08115167750351644
1466 -0.08112715965393112
1467 -0.08107780360312225
1468 -0.0810306952132646
1469 -0.08101082934166397
1470 -0.08095868011107432
1471 -0.0809187106200072
1472 -0.08089917967465038
1473 -0.08085936075304916
1474 -0.08080645392717953
1475 -0.08075659609296393
1476 -0.08072456641623271
1477 -0.08067184886000577
1478 -0.08061786997914981
1479 -0.08056677387773277
1480 -0.0805244426145003
1481 -0.08087772574455945
1482 -0.08083077556167448
1483 -0.08078331134571923
1484 -0.08074177577465663
1485 -0.08068866011225714
1486 -0.0806354804765933
1487 -0.08061804964794954
1488 -0.08056408855638135
1489 -0.08057833980115588
1490 -0.08053192286995592
1491 -0.08048030540920167
1492 -0.08042928773900727
1493 -0.08037959062004318
1494 -0.08032780358641675
1495 -0.0802806050925603
1496 -0.0803130446195775
1497 -0.08030064809334833
1498 -0.08024939319742715
1499 -0.0801971079989907
1500 -0.08016822643361957
1501 -0.08013004126018511
1502 -0.08009509834432363
1503 -0.08005056221129782
1504 -0.08000230656918159
1505 -0.07995160675061176
1506 -0.0799047422510721
1507 -0.07985244290995572
1508 -0.07981728541007328
1509 -0.07976582716305194
1510 -0.07991144728997619
1511 -0.07986831793805936
1512 -0.08002385134982698
1513 -0.0800630730403503
1514 -0.08002520903223073
1515 -0.07999930494833438
1516 -0.08000790425536003
1517 -0.07996025886370949
1518 -0.07991382937914232
1519 -0.07986489836953324
1520 -0.07981459312808463
1521 -0.0797797633349044
1522 -0.07976222195094373
1523 -0.07971265993716053
1524 -0.07966565890041802
1525 -0.07961360302111792
1526 -0.07957863074932313
1527 -0.07952939332358448
1528 -0.07951430001015626
1529 -0.07946237740462303
1530 -0.07957234515101519
1531 -0.079521439459265
1532 -0.07948597668991106
1533 -0.07943478628118221
1534 -0.07938580632928617
1535 -0.07933512923472148
1536 -0.07929582100324002
1537 -0.07925911915753345
1538 -0.0792140182631239
1539 -0.0791659921041344
1540 -0.07920283226626511
1541 -0.07919913736718978
1542 -0.0791605835344798
1543 -0.07911868111710288
1544 -0.07906902123869339
1545 -0.07901821900496546
1546 -0.07896986869314272
1547 -0.07902867104304162
1548 -0.07898566137087085
1549 -0.07893824406524798
1550 -0.07893014025249408
1551 -0.07892918677467214
1552 -0.0788801656202423
1553 -0.07884719552800724
1554 -0.07880349957511082
1555 -0.07875292696364247
1556 -0.07870817934492157
1557 -0.07873807071535324
1558 -0.07868790179002415
1559 -0.07867183000402843
1560 -0.0786256826043474
1561 -0.07864148462960015
1562 -0.0785921608055225
1563 -0.07855589148756556
1564 -0.07851001555329387
1565 -0.07847662445446434
1566 -0.07852583332109225
1567 -0.07848551293782195
1568 -0.07844356529724152
1569 -0.07843317651864214
1570 -0.07840363056858704
1571 -0.07835444464454418
1572 -0.07830538394974719
1573 -0.07825855705377947
1574 -0.0782144422620407
1575 -0.07816880028801351
1576 -0.07812737924304511
1577 -0.07808409025437926
1578 -0.07803786282370996
1579 -0.07857731437508801
1580 -0.07853740520698736
1581 -0.07855383151244467
1582 -0.07855072614722772
1583 -0.07850151572934565
1584 -0.07845444849927807
1585 -0.0784073843244227
1586 -0.0783648152196929
1587 -0.07841194049663895
1588 -0.07836958177715307
1589 -0.07832977074106745
1590 -0.07828123145373643
1591 -0.07823539345228468
1592 -0.0782038116192885
1593 -0.07830031428969063
1594 -0.07832859316332501
1595 -0.07834058509555729
1596 -0.07864719374416988
1597 -0.07859915042804622
1598 -0.07856656717694875
1599 -0.07852440021467383
1600 -0.07848096436489187
1601 -0.07843389822031155
1602 -0.07838830266548448
1603 -0.07844325617779062
1604 -0.07839655615911954
1605 -0.07835187883571856
1606 -0.07830313530960814
1607 -0.07827992766942884
1608 -0.07825698251975322
1609 -0.07866777694252484
1610 -0.07867246065844422
1611 -0.0786370864444433
1612 -0.07859543250867068
1613 -0.07855126189111002
1614 -0.07850569768877187
1615 -0.0784618251871107
1616 -0.07841651686784518
1617 -0.0790056594669385
1618 -0.07895984530238559
1619 -0.07894945476345983
1620 -0.07896823948255284
1621 -0.07892132070559901
1622 -0.0789695206136473
1623 -0.07907317760056491
1624 -0.07902627668003728
1625 -0.078982412788361
1626 -0.0789385479392955
1627 -0.07889227093487934
1628 -0.07885842818569211
1629 -0.0789016466068125
1630 -0.07886212560028562
1631 -0.07882037391785929
1632 -0.07877260254019802
1633 -0.07873677535352723
1634 -0.07879683316551345
1635 -0.07876375707773808
1636 -0.07890120522225584
1637 -0.07885393921000865
1638 -0.07881055659654898
1639 -0.0787648789391613
1640 -0.07871721149729903
1641 -0.07867051677553505
1642 -0.07862655498875683
1643 -0.07858858159095233
1644 -0.07890500522518773
1645 -0.07885830666168865
1646 -0.0788402485240348
1647 -0.07879256488932079
1648 -0.07874536523316025
1649 -0.0787039515852401
1650 -0.07866206958599585
1651 -0.07861517896223953
1652 -0.07858342084121808
1653 -0.08035976232215168
1654 -0.08031175929988972
1655 -0.0803751051991722
1656 -0.08033304878007923
1657 -0.08028461172584528
1658 -0.08030318165457648
1659 -0.08025515652283033
1660 -0.08025168385313491
1661 -0.08020367777279662
1662 -0.08016001407850126
1663 -0.08011291670851728
1664 -0.08008730677873971
1665 -0.08012199863142223
1666 -0.08008333147041294
1667 -0.08005124497610792
1668 -0.08001924819877644
1669 -0.07998027543008489
1670 -0.07995848477343653
1671 -0.08008489722652021
1672 -0.08003804986907834
1673 -0.08008740460268708
1674 -0.08007279835591478
1675 -0.08003382171798495
1676 -0.07998611230760097
1677 -0.07995831187107122
1678 -0.0799280402266922
1679 -0.07988773889264048
1680 -0.07984116236651148
1681 -0.07979597283667035
1682 -0.07979584105097046
1683 -0.0798205025502637
1684 -0.08013377126143865
1685 -0.08008817519942457
1686 -0.08004294476481948
1687 -0.08002442184553182
1688 -0.07999428226372117
1689 -0.07994834290554524
1690 -0.08003934962724185
1691 -0.07999256700972267
1692 -0.08001043155303787
1693 -0.07998384339994448
1694 -0.08105409953825574
1695 -0.0810220411632056
1696 -0.08101497924160583
1697 -0.0809857588550136
1698 -0.08095103200466795
1699 -0.08090398041533799
1700 -0.0808588614539643
1701 -0.08082020383764184
1702 -0.08078394796139123
1703 -0.08073742235304882
1704 -0.0806903252149302
1705 -0.0806496900263992
1706 -0.08061123167140424
1707 -0.08056844227835269
1708 -0.08052485337841693
1709 -0.08047885847803911
1710 -0.08044142921398656
1711 -0.08040368356954886
1712 -0.0803635358386443
1713 -0.08032152207633622
1714 -0.08027985757893934
1715 -0.08034494425192482
1716 -0.08029930762790394
1717 -0.08026297269923946
1718 -0.08021644165994364
1719 -0.08017523235000654
1720 -0.0801310113187419
1721 -0.08013939334191261
1722 -0.08010056525207221
1723 -0.08006073900695901
1724 -0.08002602588549727
1725 -0.07998241584939314
1726 -0.07994020448704243
1727 -0.0798960493003602
1728 -0.07984998522098126
1729 -0.07980907507954237
1730 -0.07976429239769002
1731 -0.07972617425847445
1732 -0.07968921605038146
1733 -0.07986158273667843
1734 -0.0798175360400027
1735 -0.07977609340998205
1736 -0.079750981373975
1737 -0.0797075503192674
1738 -0.08007376339030718
1739 -0.08002929204181901
1740 -0.07998427683519942
1741 -0.0799425591371281
1742 -0.07990332524566193
1743 -0.08002923271072465
1744 -0.08001239127442404
1745 -0.07996742399168202
1746 -0.07992986652130693
1747 -0.07988507364406135
1748 -0.07986114009207052
1749 -0.07981596741365164
1750 -0.07978886276000205
1751 -0.0797440119806362
1752 -0.07971419780680879
1753 -0.07966911298231365
1754 -0.07962950197869922
1755 -0.07958427342615697
1756 -0.07954036000793334
1757 -0.07949571742004102
1758 -0.07946507928987823
1759 -0.07943542347518374
1760 -0.0793904569989598
1761 -0.07935176080612748
1762 -0.07930948495232273
1763 -0.07926801607854359
1764 -0.07979255524525813
1765 -0.07975327804020403
1766 -0.07973309746223654
1767 -0.07969308386957463
1768 -0.07964824200564995
1769 -0.07969398155340246
1770 -0.07965360184267811
1771 -0.07965648019226029
1772 -0.07961353075050767
1773 -0.07963799484235204
1774 -0.0795955278735807
1775 -0.0795725062452187
1776 -0.07954244509906029
1777 -0.07953035615359774
1778 -0.0794910935242355
1779 -0.07945274084773289
1780 -0.07941203767276103
1781 -0.07947370199405389
1782 -0.07946572342686138
1783 -0.07942308741067304
1784 -0.07938115923247659
1785 -0.07940518665434596
1786 -0.07937311480315971
1787 -0.07935705909535543
1788 -0.07937308629774537
1789 -0.0793308910820512
1790 -0.07929795257632018
1791 -0.07925819664889186
1792 -0.07922810763473365
1793 -0.07918553930902408
1794 -0.07914330074679737
1795 -0.07910025562335435
1796 -0.07906126299074251
1797 -0.07904057235074871
1798 -0.07899740452209816
1799 -0.07895616307373032
1800 -0.07891877770637924
1801 -0.07889658767842558
1802 -0.07885762130110649
1803 -0.07881397232374511
1804 -0.07879575163029412
1805 -0.07875325629172852
1806 -0.07871077298238248
1807 -0.07869195141960936
1808 -0.07865209155958064
1809 -0.07863491933237805
1810 -0.07859343128927135
1811 -0.07855041848049057
1812 -0.0785103814361526
1813 -0.0785534684888599
1814 -0.07851349387315673
1815 -0.07847786932220878
1816 -0.0784522182088829
1817 -0.07843830902264559
1818 -0.07848411747230698
1819 -0.07844865002864297
1820 -0.07840806663473184
1821 -0.078367748488586
1822 -0.07838318104485473
1823 -0.07834666345614692
1824 -0.07830419268666726
1825 -0.07826163948294093
1826 -0.07822428794364994
1827 -0.07836283358106004
1828 -0.07904869124506758
1829 -0.07900681395026087
1830 -0.07896797833910753
1831 -0.07892895815052166
1832 -0.07918356696555989
1833 -0.07942294449310668
1834 -0.07937993261620445
1835 -0.07933667379734004
1836 -0.07930090994024858
1837 -0.07928930672984323
1838 -0.07924625043307615
1839 -0.07926800377581165
1840 -0.07937480364002232
1841 -0.0793319611775918
1842 -0.07929812253719472
1843 -0.07929414594507232
1844 -0.07926068219924608
1845 -0.07927370502794379
1846 -0.07924549247892623
1847 -0.0795673585693664
1848 -0.07952621043341424
1849 -0.0794843130598841
1850 -0.079467810978702
1851 -0.07943976559544083
1852 -0.07939929490466632
1853 -0.07936796028788407
1854 -0.0793321388360119
1855 -0.07929351705052842
1856 -0.07925219104244606
1857 -0.07921142748834051
1858 -0.07917901940527176
1859 -0.07913939474896678
1860 -0.07910401725672586
1861 -0.07912468215074993
1862 -0.07908392181653193
1863 -0.0790685293737015
1864 -0.07902750858642509
1865 -0.07899207797949319
1866 -0.07904018821016269
1867 -0.07900432433371513
1868 -0.07896505554148017
1869 -0.0789623057895192
1870 -0.07892386386464006
1871 -0.07890155502364721
1872 -0.07886674360587226
1873 -0.07883214874170379
1874 -0.07879651230401284
1875 -0.07887706131820063
1876 -0.0788385356871155
1877 -0.07880547257411369
1878 -0.07876535737040681
1879 -0.07875848117718842
1880 -0.07871927464293356
1881 -0.07890389282832369
1882 -0.07929655142183574
1883 -0.07927248930304023
1884 -0.07925795283903804
1885 -0.07922169980997353
1886 -0.07924507061991039
1887 -0.0792061286271337
1888 -0.07953536105995003
1889 -0.07951257659894108
1890 -0.07947104849409559
1891 -0.07943223256781719
1892 -0.07945485141691849
1893 -0.07941616789295086
1894 -0.07937777205655988
1895 -0.07933658739649388
1896 -0.07942102672634548
1897 -0.0793819009787806
1898 -0.07934815814071075
1899 -0.07930698250064026
1900 -0.07926740223036177
1901 -0.07923631269914097
1902 -0.07920095268925034
1903 -0.07915983966630323
1904 -0.07911863340185876
1905 -0.0790797125872907
1906 -0.07905134679585117
1907 -0.07901603950420692
1908 -0.07898451781079673
1909 -0.07895637775908096
1910 -0.07891700827094038
1911 -0.07900661709561656
1912 -0.07896548766935119
1913 -0.07894704511888687
1914 -0.07891004035730151
1915 -0.07887497386626233
1916 -0.07883609893143674
1917 -0.07880270367360061
1918 -0.07878663338366386
1919 -0.07874845455825351
1920 -0.07871388882443284
1921 -0.07867581628046824
1922 -0.0786359913732075
1923 -0.07879483765815508
1924 -0.07875471867368079
1925 -0.07977601961728432
1926 -0.07999137904362319
1927 -0.07995036990882047
1928 -0.07995137012607173
1929 -0.07991247287676749
1930 -0.07987112892494219
1931 -0.07984254469547951
1932 -0.0798017086812417
1933 -0.07976129124189997
1934 -0.07974980139955933
1935 -0.07970968638120172
1936 -0.07966874833397007
1937 -0.0797882957945118
1938 -0.07975028998774265
1939 -0.07981480561132705
1940 -0.07977582034683982
1941 -0.07975353066498338
1942 -0.07971487362825226
1943 -0.07968566107136861
1944 -0.07964586213687908
1945 -0.07964327600526294
1946 -0.07960749612176213
1947 -0.07961093147747618
1948 -0.0795734164297647
1949 -0.07953797895435301
1950 -0.07952124061629151
1951 -0.07948254839295944
1952 -0.07944715194388642
1953 -0.0795862466452409
1954 -0.07954594340043268
1955 -0.07968270317933251
1956 -0.07964626270290538
1957 -0.07962268122727803
1958 -0.0796196309551235
1959 -0.07959743224699933
1960 -0.07956131425128717
1961 -0.07953358185544897
1962 -0.07949318742351859
1963 -0.07945359009876075
1964 -0.0794229043643909
1965 -0.07938399178263252
1966 -0.07934634481454947
1967 -0.0793132728979475
1968 -0.07927381263005749
1969 -0.07923980257753506
1970 -0.07923098232770222
1971 -0.07920874977276521
1972 -0.07917388569921692
1973 -0.07915199615188813
1974 -0.07911350644640461
1975 -0.07910464521026485
1976 -0.07906475688787028
1977 -0.07902943539514641
1978 -0.07899186512346072
1979 -0.07895450882162784
1980 -0.0789164389950229
1981 -0.07888015707825913
1982 -0.07900822770393649
1983 -0.07898705756743517
1984 -0.07925529523495353
1985 -0.07922147059404919
1986 -0.0792003905594773
1987 -0.07943483965342925
1988 -0.07939618162729252
1989 -0.07935808729607427
1990 -0.07931968444410731
1991 -0.07930774241578245
1992 -0.07926849051509306
1993 -0.07925229069041505
1994 -0.07922043925137881
1995 -0.07918094739429021
1996 -0.07914498937688604
1997 -0.07911299046409759
1998 -0.0791314830481393
1999 -0.07910575085747758
2000 -0.07907764691579178
