n: 7, k: 2000
[[0.25 0.25 0.25 0.25]
 [0.25 0.25 0.25 0.25]
 [0.25 0.25 0.25 0.25]
 [0.25 0.25 0.25 0.25]
 [0.25 0.25 0.25 0.25]
 [0.25 0.25 0.25 0.25]
 [0.25 0.25 0.25 0.25]]
Exact value (full):  -0.0018764906798083697
Jensen value (full):  -0.0018993042319302644
Second Order Approximation (full):  -0.0018756074722335913
1 -0.0002905231376644224
2 -0.00014526156883207434
3 -0.00046339459368018623
4 -0.00036790600097440327
5 -0.0006151725057861221
6 -0.000519791460950076
7 -0.003899513210074305
8 -0.0035258892589808623
9 -0.004398319778475595
10 -0.003979170804450377
11 -0.0036174280040457726
12 -0.0033997052563184142
13 -0.0034043783483726376
14 -0.0031899604398079122
15 -0.0029817939723822077
16 -0.002799139710532438
17 -0.0026554876800646736
18 -0.002511837025748587
19 -0.0023818922473812848
20 -0.0022643477390374483
21 -0.002220920372651753
22 -0.002187656526736869
23 -0.0020938889421180727
24 -0.002026506928965902
25 -0.0019987901266722255
26 -0.002172810129755236
27 -0.0021125866711641786
28 -0.0020371371471940196
29 -0.00196929710426923
30 -0.0019171141387535528
31 -0.0018581854529920777
32 -0.0018713865885046943
33 -0.0018329288843343364
34 -0.0018846107089783935
35 -0.001838934208769494
36 -0.001798533991455343
37 -0.0017654623985140854
38 -0.001726519881757598
39 -0.0023213891710418674
40 -0.002265909639118015
41 -0.002222565899013164
42 -0.002205854643935213
43 -0.002170013271012936
44 -0.0021367645191606634
45 -0.002100143447508629
46 -0.002059191373083849
47 -0.002016038409411949
48 -0.001982048575579618
49 -0.0019446527077554919
50 -0.0019069461692560999
51 -0.0018714400048695078
52 -0.001835715663831306
53 -0.002538848240136451
54 -0.0024961938617067175
55 -0.0024513721929575872
56 -0.0024134086289027937
57 -0.0023836915995975303
58 -0.0023457553568826633
59 -0.0023248824801943785
60 -0.0022889058921009425
61 -0.002254578730825118
62 -0.002220531552886242
63 -0.0021852850203007415
64 -0.0021767494663862234
65 -0.0021567220898549787
66 -0.0021336528995120688
67 -0.002102692793292275
68 -0.002072512615180061
69 -0.0020428582131015727
70 -0.002031536740845939
71 -0.0020170750266272283
72 -0.00199002920545706
73 -0.0019627685314096994
74 -0.001943371196842684
75 -0.001945037029521075
76 -0.001951460880802265
77 -0.0019403985400564747
78 -0.0019659200195117133
79 -0.002003053594756831
80 -0.002008431046408515
81 -0.0019898007620909306
82 -0.0019675627917555318
83 -0.0019455984230886828
84 -0.0019227033355296529
85 -0.0019012857421009247
86 -0.002602926691050126
87 -0.0032782181643210184
88 -0.0032418673542596406
89 -0.00323813145508649
90 -0.0032193409622474516
91 -0.003186464358055498
92 -0.0031540018396951585
93 -0.003121776415149886
94 -0.0030885660277546714
95 -0.0030632020558569693
96 -0.003033547326358134
97 -0.003003650135246251
98 -0.002975385466136353
99 -0.002971467617205007
100 -0.003007745932472955
101 -0.0030024445967602067
102 -0.0029843904924068488
103 -0.0029570660708486524
104 -0.0029327707723128676
105 -0.002910879198550106
106 -0.0028902061679836216
107 -0.002864914049946774
108 -0.0029043388529030397
109 -0.0032336666643692944
110 -0.0032042696946932075
111 -0.0031771613503142103
112 -0.0031519466016415297
113 -0.0031240532688836375
114 -0.00309937312773685
115 -0.003072860671684023
116 -0.0030475423104140958
117 -0.003021686487830472
118 -0.0029982831935308437
119 -0.0029735114077168176
120 -0.002950475161537706
121 -0.0029411806914997167
122 -0.0029582258395495146
123 -0.0029366904959604516
124 -0.0029173154185818456
125 -0.002896578750434838
126 -0.002885304905876598
127 -0.002872431285792587
128 -0.002852491077057078
129 -0.0028423708911851087
130 -0.002821927242824184
131 -0.0028288045566620956
132 -0.002807374219111623
133 -0.0027864346465478525
134 -0.002778985038662861
135 -0.0027665455986977763
136 -0.002746203351648526
137 -0.002731576887135198
138 -0.002711782851721173
139 -0.0026942567376883144
140 -0.002675900378140514
141 -0.002668546542620167
142 -0.002655752299323074
143 -0.0026746181605172997
144 -0.0026569883869329604
145 -0.002640907307714153
146 -0.0028330701141273023
147 -0.002820489908593833
148 -0.0028053169028102857
149 -0.002788594741544511
150 -0.002770210790470911
151 -0.0029265856410648577
152 -0.002924522555357897
153 -0.0029061500146032133
154 -0.002888689473206481
155 -0.002875827238776452
156 -0.002857392448784293
157 -0.002840681111928828
158 -0.00282270211754953
159 -0.0028049492740429274
160 -0.0027874183410801574
161 -0.002772149739521723
162 -0.0027582780239697956
163 -0.002858381325311273
164 -0.002841313913466606
165 -0.0028303477639465774
166 -0.0028183086519346285
167 -0.0028020105296354837
168 -0.002785331895530509
169 -0.002778373142252414
170 -0.002931544712207704
171 -0.0029181096877341087
172 -0.0029016425935635445
173 -0.0028881931280090086
174 -0.0028728908512612866
175 -0.0028624384912784608
176 -0.0028466504982702394
177 -0.002840796729036025
178 -0.0028259792224918042
179 -0.0028112807299319376
180 -0.0028055968769320878
181 -0.002790375019499655
182 -0.00277994050893937
183 -0.0027851787409402585
184 -0.0027842682394916226
185 -0.0027759251315286064
186 -0.0027769897751128035
187 -0.002797023574212898
188 -0.002817248444264956
189 -0.002802926203652769
190 -0.0029268979479734306
191 -0.002932607873311633
192 -0.002917333873971467
193 -0.002903079746099015
194 -0.0029220966130946617
195 -0.002907415737041796
196 -0.0029010201673214642
197 -0.0028882460872104924
198 -0.002874073463845691
199 -0.002883362049869513
200 -0.002906404404943691
201 -0.00289194468153601
202 -0.0028797773096100676
203 -0.002866681360178785
204 -0.002854466974373685
205 -0.0028410781677249545
206 -0.0028272865261340556
207 -0.002813886166196414
208 -0.0028324998846974373
209 -0.002835237964855684
210 -0.0028227712442587824
211 -0.0028404547270338273
212 -0.0028410927728806335
213 -0.002831677132209556
214 -0.002820700721369093
215 -0.0028080895960831244
216 -0.0028045216292571845
217 -0.0027947132350398356
218 -0.0027888691063733193
219 -0.002776872096040185
220 -0.002764249950149092
221 -0.0027604385945469738
222 -0.002749470009012479
223 -0.002737140547088655
224 -0.0027358070260682923
225 -0.0027290392387132626
226 -0.002717389205734619
227 -0.0027105325394217693
228 -0.002698780212847571
229 -0.0026891297153889314
230 -0.002677572638715521
231 -0.0027049676142914627
232 -0.00269835245218283
233 -0.0026870261574643882
234 -0.0026787434394308367
235 -0.002668019147007548
236 -0.0026578159363799475
237 -0.002646925562799963
238 -0.002635804026821811
239 -0.002625278532436666
240 -0.002615356557752548
241 -0.0026051622762679233
242 -0.002594899729486719
243 -0.0025842211297768965
244 -0.002587350455463736
245 -0.0025773698324716003
246 -0.0025677757544514167
247 -0.002558259361273502
248 -0.0025489676668074136
249 -0.00253965401640949
250 -0.0025311488490224053
251 -0.002523415956838051
252 -0.0025140622712735675
253 -0.0025052595664142602
254 -0.0025018157450756493
255 -0.0024927601498668703
256 -0.002483630025519522
257 -0.002479841360228301
258 -0.002527114855941643
259 -0.002517923563190493
260 -0.002509470336284558
261 -0.002501709069822346
262 -0.0025077194696844305
263 -0.002498816685368475
264 -0.002490663122633403
265 -0.002483261730886379
266 -0.0024796430521452245
267 -0.002471352675231887
268 -0.0024697334815246045
269 -0.002482745672530964
270 -0.002473550318188256
271 -0.0024653743363475416
272 -0.0024586419142551717
273 -0.002450567957017101
274 -0.002442193351327677
275 -0.0024334960688925282
276 -0.0024503752343576295
277 -0.002455720717040689
278 -0.0024497989644953434
279 -0.002451532849763625
280 -0.002449797985052858
281 -0.002449083787222093
282 -0.0024460147748661992
283 -0.0024396474567630637
284 -0.002434929193335646
285 -0.0024263855821309585
286 -0.0024212556724095
287 -0.0024129686708915916
288 -0.002430422036288345
289 -0.002422217550982108
290 -0.0024139423562136533
291 -0.002405886801389466
292 -0.0023978864215983206
293 -0.00239010103196794
294 -0.002384376430462991
295 -0.0023764949028437466
296 -0.002370435329686855
297 -0.0023695317145716504
298 -0.0023632205890020113
299 -0.002355515255201957
300 -0.0023483315666847464
301 -0.0023407268963063447
302 -0.00233616410360621
303 -0.00232929376527174
304 -0.002321631614728082
305 -0.0023173274422885076
306 -0.0023139506469026464
307 -0.0023096916808193896
308 -0.002303441144146145
309 -0.002297564841347634
310 -0.0022919213903590968
311 -0.002325612700643496
312 -0.0024012175041959096
313 -0.0023957059469431833
314 -0.0023905892331397127
315 -0.0023878557340659603
316 -0.0023981758165633757
317 -0.0024136607108409284
318 -0.0024060705828194157
319 -0.0023989810831629506
320 -0.0023922467816788425
321 -0.0023875717233664824
322 -0.0023804467286088846
323 -0.002373158530909676
324 -0.0023738201355115998
325 -0.0023673348809908996
326 -0.002360604735931011
327 -0.0023614680732823175
328 -0.002356201876495551
329 -0.002360223245278834
330 -0.002353933248518408
331 -0.002355467436932726
332 -0.0023495308675005795
333 -0.0023428581605464643
334 -0.0023365626373991135
335 -0.0023340951162297897
336 -0.002328340522242755
337 -0.002322428872387155
338 -0.0023212486290186156
339 -0.0023173858481402238
340 -0.0023131803515351384
341 -0.0023098847273437377
342 -0.002303521087171696
343 -0.0022970445436551012
344 -0.0022990102866245494
345 -0.002294465739193392
346 -0.0022888755669991543
347 -0.0022825739310541647
348 -0.002276227127124673
349 -0.0022697692014542015
350 -0.002268716666920727
351 -0.00226658554589172
352 -0.0022602849306461986
353 -0.0022539696817789417
354 -0.0022483875264378643
355 -0.0022422211553289853
356 -0.0022361765028706113
357 -0.0022301949845775007
358 -0.0022245988965876066
359 -0.0022192962556891933
360 -0.0022149206098447203
361 -0.002209903677791962
362 -0.0022091518251787503
363 -0.0022064253296966087
364 -0.0022024210571908853
365 -0.002196387026897211
366 -0.0021904472018732576
367 -0.0021879303675823025
368 -0.002188577191119452
369 -0.0021827449038303993
370 -0.0021779883101107826
371 -0.0021727142164853076
372 -0.0021710967310486877
373 -0.0021653910728870822
374 -0.0021630616702533064
375 -0.0021573637961240025
376 -0.0021522477024174926
377 -0.002147024994646956
378 -0.002141501980858964
379 -0.002137987393863121
380 -0.002132993093956458
381 -0.002128035118928353
382 -0.0021431223854098927
383 -0.002142826451852191
384 -0.002142551926617368
385 -0.002138661131706972
386 -0.0021336938737881966
387 -0.0021301906211049003
388 -0.002126933804782799
389 -0.0021214661086265446
390 -0.0021161059444518727
391 -0.002114809772193767
392 -0.0021108824852401863
393 -0.002138004715274708
394 -0.0021338094906965806
395 -0.002129975564432363
396 -0.002127373759076161
397 -0.0021224090951134627
398 -0.0021170764089448357
399 -0.0021132264120505275
400 -0.0021081988657556203
401 -0.002104102736085747
402 -0.002102707080320563
403 -0.0021092078123361104
404 -0.0021055825352910085
405 -0.0021022250463369
406 -0.002097298895715597
407 -0.0020926747062017977
408 -0.002088220925456327
409 -0.002083666832665249
410 -0.0020793146315754084
411 -0.0020752973031229814
412 -0.0020710484726809823
413 -0.0020673319635882187
414 -0.002063475933513288
415 -0.0020597955823900504
416 -0.002056226085924278
417 -0.0020520357264417837
418 -0.0020472684777727507
419 -0.0020434090058778537
420 -0.002042164444401333
421 -0.0020377712722455983
422 -0.002033227290246846
423 -0.0020284206063455523
424 -0.002025898169717758
425 -0.002030722959515336
426 -0.002028139598751106
427 -0.002072236208306636
428 -0.002068392759655622
429 -0.002078992438609933
430 -0.002089328061326725
431 -0.002086422859333328
432 -0.002081939591261254
433 -0.002077766507703086
434 -0.0021070075455803814
435 -0.0021036216788715137
436 -0.0020989729993280554
437 -0.0021070454890155903
438 -0.0021056822414280566
439 -0.002103390620475775
440 -0.0020987076559673525
441 -0.002094818194724986
442 -0.00209860567628108
443 -0.0020944192178882293
444 -0.002091066603032886
445 -0.0020866226866662757
446 -0.002082013671854254
447 -0.002081659069934716
448 -0.0020847864851154673
449 -0.0020817349171077973
450 -0.0020861675813668656
451 -0.002081541932627692
452 -0.0020769367513608166
453 -0.0020723519020200637
454 -0.002067898353076543
455 -0.00206723220910113
456 -0.0020640086191940567
457 -0.00205949218895512
458 -0.002055663395282038
459 -0.0020614735013545966
460 -0.002061007996079061
461 -0.002056936285757937
462 -0.0020532956155635226
463 -0.0020489534786762792
464 -0.0020447224787015395
465 -0.00204032522605917
466 -0.002039784157312174
467 -0.002037268853718681
468 -0.0020345833653737815
469 -0.0020601740182123684
470 -0.002055790669237448
471 -0.002060742556008965
472 -0.002056806126973732
473 -0.0020527118452439187
474 -0.0020531261839556573
475 -0.002050409930289817
476 -0.002050024304734862
477 -0.002046110809070691
478 -0.0020422166370941096
479 -0.0020957532945151706
480 -0.0020916653080443174
481 -0.002087699162992335
482 -0.0020840361248192153
483 -0.0020800604609558975
484 -0.0020757628153754096
485 -0.0020718374739425002
486 -0.0020720105542098954
487 -0.0020679628415158917
488 -0.0020644460273708544
489 -0.002060559206208208
490 -0.002056456923505052
491 -0.002053853009374395
492 -0.00205191359399635
493 -0.002047893030727342
494 -0.0020437474982764763
495 -0.002041840252104961
496 -0.0020384948207855798
497 -0.002036155381770432
498 -0.002032288292587282
499 -0.0020292860733656906
500 -0.0020269244349783357
501 -0.0020277354635051086
502 -0.0020241369856396794
503 -0.0020201128564435763
504 -0.0020180914944083594
505 -0.002014381452226179
506 -0.002017239305982695
507 -0.002014362180935771
508 -0.002010496193732476
509 -0.0020069810726741793
510 -0.0020060994039411725
511 -0.0020021735734050837
512 -0.0019987275736870007
513 -0.001995410901593601
514 -0.001992055106589521
515 -0.001988270312667541
516 -0.001984552300244494
517 -0.0019807137077875406
518 -0.0019768899361508846
519 -0.001973266124685353
520 -0.001970998054123511
521 -0.0019673478530084446
522 -0.001964268214433991
523 -0.001966151998761911
524 -0.001962675602184898
525 -0.0019631563595352477
526 -0.0019670619438090786
527 -0.001964532709622008
528 -0.001962013055867464
529 -0.0019587306058070444
530 -0.001955198851607367
531 -0.0019525993905923416
532 -0.0019491360590468067
533 -0.0019457444051756375
534 -0.0019894928799869373
535 -0.0019859625652060833
536 -0.001982257411166519
537 -0.002045937883070444
538 -0.0020453643641570544
539 -0.0020416796914643435
540 -0.002037956214407011
541 -0.002034268469531526
542 -0.0020306246638364233
543 -0.0020270210938543877
544 -0.0020267901398486592
545 -0.0020238280610877153
546 -0.0020203783858130644
547 -0.0020208657790560932
548 -0.0021297290535283236
549 -0.002126370893945843
550 -0.0021269288554602896
551 -0.002123403933044327
552 -0.0021197910544936854
553 -0.002124427899391084
554 -0.002125781825827191
555 -0.00212350086396227
556 -0.0021212182599558956
557 -0.002120140117991413
558 -0.0021248239676812147
559 -0.0021224336455319803
560 -0.002122801037696049
561 -0.0021193286595668783
562 -0.0021157394767101537
563 -0.002112573667960953
564 -0.0021104587203372893
565 -0.002116090606305221
566 -0.002112972196299063
567 -0.0021128124849567587
568 -0.002109482356594264
569 -0.002108914109989076
570 -0.0021052142606733056
571 -0.0021022007967937727
572 -0.0020986138035855
573 -0.002095954591105645
574 -0.0020925638183897774
575 -0.002095167803125369
576 -0.002091851012849569
577 -0.002088436411363204
578 -0.0020852155793092803
579 -0.0020816141707094365
580 -0.0020780251807599372
581 -0.0020843339549946943
582 -0.002081302598659046
583 -0.0020781427024716623
584 -0.0020746706099702755
585 -0.002071296428538241
586 -0.002108799956458681
587 -0.0021052074522739128
588 -0.0021017001032679534
589 -0.002098638110578287
590 -0.0020957878329897605
591 -0.002093289729408273
592 -0.0020909735004994096
593 -0.0020874918569433643
594 -0.0020850451627855856
595 -0.002082507078566835
596 -0.0020793204674835436
597 -0.0020773494901140904
598 -0.0020769648606567227
599 -0.002114667146159666
600 -0.0021115006328227344
601 -0.002120145202988666
602 -0.0021168842265002876
603 -0.002114494866396792
604 -0.0021114170353593175
605 -0.0021082135486751984
606 -0.0021053198997578204
607 -0.0021033952184305203
608 -0.002100266522842855
609 -0.0020973788715982983
610 -0.002096002871632167
611 -0.002160241817251147
612 -0.0021569565382232813
613 -0.0021553316922436638
614 -0.0021567804937673227
615 -0.0021538291220943805
616 -0.0021507264693115583
617 -0.0021474570905744336
618 -0.0021440782373255847
619 -0.002140695947251814
620 -0.002139392272304176
621 -0.0021455607434634856
622 -0.0021421112888920005
623 -0.002138939821645927
624 -0.002135824451826423
625 -0.0021324071327035008
626 -0.0021290007315330475
627 -0.0021268636614869877
628 -0.0021235263022816014
629 -0.002121113780179315
630 -0.002117841100818373
631 -0.002114484775777456
632 -0.0021115408427994594
633 -0.002108463828006469
634 -0.0021062238267464664
635 -0.0021588504328329803
636 -0.002155665950687811
637 -0.002153658238063379
638 -0.0021504112293218684
639 -0.002148618340123114
640 -0.0021455787498481788
641 -0.0021439470523341823
642 -0.0021431768389637462
643 -0.002140194599671276
644 -0.002139370189995188
645 -0.002137193431309935
646 -0.002133885082345059
647 -0.002131138822855469
648 -0.0021278500283757533
649 -0.0021248537831439346
650 -0.0021253939572194853
651 -0.00212222027338779
652 -0.002120651930396975
653 -0.002122867736600943
654 -0.002121437105862064
655 -0.002157264155765764
656 -0.002155048600142383
657 -0.0021524844042331653
658 -0.0021516259262917134
659 -0.0021483609400606177
660 -0.002145323504846306
661 -0.00214544512546785
662 -0.002142370596590055
663 -0.0021437499131895994
664 -0.002143633005287913
665 -0.0021404853476584
666 -0.0021382865709863794
667 -0.002135394330049703
668 -0.0021324232606381474
669 -0.002139983508238881
670 -0.0021368439256615975
671 -0.0021338285454741606
672 -0.0021307414877915886
673 -0.0021410024425405137
674 -0.0021383464978857267
675 -0.0021353763842422006
676 -0.002132280984615762
677 -0.002129328604710134
678 -0.002126538771543521
679 -0.002130210510630222
680 -0.002127485861133725
681 -0.002128676447571797
682 -0.002128466067084891
683 -0.0021256431426821877
684 -0.0021225354772689093
685 -0.0021281242745436585
686 -0.0021251580925274434
687 -0.0021245464137197106
688 -0.0021217800665704954
689 -0.0021192110933806073
690 -0.002116407449193483
691 -0.0021157013741674936
692 -0.0021134968821683348
693 -0.0021118929295065466
694 -0.002109151242095476
695 -0.002106161099416928
696 -0.002104298042534769
697 -0.002101278963564131
698 -0.002099033837400018
699 -0.0020962133590228796
700 -0.0020941777931914336
701 -0.002091289916029071
702 -0.0020914666163136136
703 -0.0020888325695327687
704 -0.002086484615506101
705 -0.0020846320987582996
706 -0.0020833369399853962
707 -0.0020805114027483904
708 -0.002078771226868362
709 -0.00208372488092728
710 -0.0020808736145918696
711 -0.002078167797070622
712 -0.002075249022074736
713 -0.002073875706221382
714 -0.0020712181726415756
715 -0.0020691253990471523
716 -0.002066278858099467
717 -0.0020634673683136403
718 -0.002064623012556625
719 -0.002062136098115489
720 -0.002059272020201439
721 -0.0020600046781788757
722 -0.0020571514861038353
723 -0.002054920214662042
724 -0.0020521411622063898
725 -0.0020494624944079917
726 -0.0020470865578250054
727 -0.002046412889958452
728 -0.0020450745597699713
729 -0.0020513061705903133
730 -0.002049984510019727
731 -0.00204732307395648
732 -0.00204531154660494
733 -0.002047884210166959
734 -0.00204509417718308
735 -0.002045252930109762
736 -0.0020432972307782484
737 -0.002040524778633366
738 -0.0020381046252588787
739 -0.002035571719398702
740 -0.0020344601118206097
741 -0.0020358067248794757
742 -0.0020330985741340377
743 -0.0020473116622124164
744 -0.0020474956260745736
745 -0.002044862436630711
746 -0.0020445483225652733
747 -0.00204202004636119
748 -0.0020407233731879054
749 -0.0020380401671896632
750 -0.0020353579254624296
751 -0.002033159171692615
752 -0.002030790795040386
753 -0.0020297416615361274
754 -0.0020279400376839716
755 -0.002026860623212351
756 -0.0020250498361335675
757 -0.002022804369903808
758 -0.0020204464641452686
759 -0.0020178626424306977
760 -0.002019037942398551
761 -0.002016384804497896
762 -0.0020148383082879808
763 -0.0020122637373487587
764 -0.0020101054585165957
765 -0.00200790209521809
766 -0.002009336417141708
767 -0.0020067940303954814
768 -0.002005181665082252
769 -0.002005287579507685
770 -0.0020028709984854765
771 -0.0020026343728120717
772 -0.002008588601790294
773 -0.0020084499129325297
774 -0.002007275766589434
775 -0.0020047622827393647
776 -0.0020038466025913177
777 -0.002003569048649706
778 -0.0020009937670961713
779 -0.0019991108237507505
780 -0.002020807620221631
781 -0.0020371297320349825
782 -0.0020352700536671675
783 -0.0020327755410328285
784 -0.0020301827150876334
785 -0.0020297683864717447
786 -0.0020273667699780024
787 -0.002025521176944522
788 -0.0020231738869732237
789 -0.0020225370293037257
790 -0.002020208994484525
791 -0.0020178535309731474
792 -0.002016106437534069
793 -0.0020156150025949196
794 -0.002014675034491419
795 -0.002015296161811882
796 -0.002012764382714128
797 -0.0020102778553587834
798 -0.002007900395154547
799 -0.0020069055036857813
800 -0.0020058986459014056
801 -0.002003712070298859
802 -0.002001823201346404
803 -0.0019994345693669334
804 -0.001997074834696188
805 -0.001994954958475226
806 -0.0019930673447877034
807 -0.001993450466583403
808 -0.001991211909823108
809 -0.0019911804621357476
810 -0.0019891752025502077
811 -0.001986722458773943
812 -0.001989223408563101
813 -0.001987608250722424
814 -0.001985166471544632
815 -0.00198517197461191
816 -0.0019853812669027
817 -0.0019837794523876327
818 -0.001981454620124298
819 -0.001981054656084899
820 -0.001981525224431499
821 -0.001979183934003185
822 -0.0019767761676601154
823 -0.001977861174870393
824 -0.002005136466176346
825 -0.0020071656731339453
826 -0.0020049068582097076
827 -0.002005811547890177
828 -0.0020037679528736546
829 -0.0020021322149974354
830 -0.0020002142096259235
831 -0.001997807212983774
832 -0.0019965299024933924
833 -0.0019941647511959987
834 -0.00199443128187286
835 -0.001995003592943055
836 -0.001995384998728337
837 -0.0019972859454051336
838 -0.001995017265023433
839 -0.001992710123805033
840 -0.0019910222368155375
841 -0.001988765757831714
842 -0.001986615598253312
843 -0.001986823382334025
844 -0.001984804041106414
845 -0.0019825253686113604
846 -0.0019802992375540685
847 -0.001977961221925315
848 -0.0019767256677413855
849 -0.0019756926111755843
850 -0.002002136150704761
851 -0.0020000961698182504
852 -0.0019985088987896937
853 -0.001998041840283491
854 -0.001995807979674433
855 -0.0019936573707590066
856 -0.001991796265812543
857 -0.001990464187887805
858 -0.0019899166692372823
859 -0.001988387197077626
860 -0.001986346877735066
861 -0.0019840398546482657
862 -0.001982238928617537
863 -0.0019949856872612842
864 -0.002000333684186972
865 -0.001998021159696582
866 -0.00199612998764149
867 -0.001995197006379359
868 -0.0019954147296158543
869 -0.0019935248501789823
870 -0.001991304709657717
871 -0.0019993581049356736
872 -0.0019976199387587343
873 -0.0019989956005325685
874 -0.0019973661834297037
875 -0.001996232140818633
876 -0.0020003764545765807
877 -0.0019983302804031295
878 -0.001997932945309862
879 -0.0019957274764105175
880 -0.0019938160984534713
881 -0.001992193940683483
882 -0.0019904573173778147
883 -0.0019882703054473596
884 -0.0019864877114537925
885 -0.0019844016297020125
886 -0.001982346949766138
887 -0.0019830883428251316
888 -0.0019808551352318597
889 -0.0019790811791053887
890 -0.0019773325544407442
891 -0.001975460552222623
892 -0.0019777498270380353
893 -0.0019755351015878246
894 -0.0019734459075270512
895 -0.001971318901934703
896 -0.0019692677868527507
897 -0.0019775513018832837
898 -0.0019756865074472218
899 -0.0019739510487405032
900 -0.0019724214089213202
901 -0.00197043642349304
902 -0.0019761145934639574
903 -0.0019742069748579344
904 -0.001972377193434029
905 -0.0019706255521487847
906 -0.0019688263803210046
907 -0.0019679328877420773
908 -0.0019667683378671707
909 -0.001964651855907768
910 -0.001962915454291891
911 -0.0019689613204154368
912 -0.0019694704085804326
913 -0.0019676264466889607
914 -0.0019666768123308507
915 -0.00196731432971004
916 -0.0019674445868372564
917 -0.001967689921233676
918 -0.0019656329026690638
919 -0.001964540161565087
920 -0.0019651530910827332
921 -0.0019632103153916134
922 -0.0019611275343952776
923 -0.0019595576087307596
924 -0.001958312345066144
925 -0.001957384072956209
926 -0.00195686290831855
927 -0.0019548159427030887
928 -0.0019605191437349167
929 -0.001958408789435955
930 -0.001956360405811876
931 -0.0019616786843701705
932 -0.0019607059749508593
933 -0.0019610222660122645
934 -0.001959196208896365
935 -0.00195762361005778
936 -0.0019557205898870335
937 -0.001955433343473342
938 -0.0019535912716581037
939 -0.001951534636723569
940 -0.0019497181154166806
941 -0.0019476461514258017
942 -0.0019456415650472032
943 -0.0019438324327489193
944 -0.001942285658136521
945 -0.001940250492912614
946 -0.001938227351664043
947 -0.001936276029096444
948 -0.00193426624645025
949 -0.0019323058880910727
950 -0.0019303633565035854
951 -0.0019295175197476249
952 -0.0019277368001032586
953 -0.0019263622693092293
954 -0.0019245366239580297
955 -0.0019239178284058474
956 -0.0019472817258831176
957 -0.001945776306664647
958 -0.0019437727394048347
959 -0.0019443512501491492
960 -0.0019432097039299191
961 -0.001942355200415451
962 -0.0019407072794093855
963 -0.001939168577259651
964 -0.001937576558426406
965 -0.0019356301845656386
966 -0.0019339235052253728
967 -0.0019321877879704987
968 -0.001934734031740541
969 -0.0019332640726775643
970 -0.0019320844785950652
971 -0.00193311585704589
972 -0.001931229118174346
973 -0.0019297221145878742
974 -0.0019326210321890956
975 -0.0019308791361748615
976 -0.001929931973186304
977 -0.001928747310446083
978 -0.0019268297896982264
979 -0.0019248616285238663
980 -0.0019258501780805648
981 -0.001928764279882124
982 -0.0019270102978395853
983 -0.0019254131919339299
984 -0.001924053929193951
985 -0.001922160804172217
986 -0.0019202939475988748
987 -0.0019185458777981421
988 -0.0019166550830652105
989 -0.0019159318921583553
990 -0.0019142430767200623
991 -0.0019128226452943173
992 -0.001910894396659948
993 -0.0019094599862533776
994 -0.001907539000351714
995 -0.0019056649774737424
996 -0.0019050482927271265
997 -0.001903511732443137
998 -0.0019017751443500275
999 -0.0019010335535676126
1000 -0.0018991945226107232
1001 -0.0019006639250918366
1002 -0.001898767054907114
1003 -0.0018984528527615037
1004 -0.0018987151283845444
1005 -0.0018968567074413801
1006 -0.0018950019811720593
1007 -0.0018931509385696089
1008 -0.0018915303378822846
1009 -0.001890624207873925
1010 -0.0018890033274623918
1011 -0.0018878770684646095
1012 -0.0018875447975629472
1013 -0.00190016953444025
1014 -0.0018984075564180123
1015 -0.0018970308281065526
1016 -0.0019010465138205829
1017 -0.0018993273335756857
1018 -0.0019358719454366173
1019 -0.0019343493828430395
1020 -0.0019328700104681005
1021 -0.0019332431630821754
1022 -0.0019318417786958783
1023 -0.0019302495246583452
1024 -0.0019302429397844805
1025 -0.0019318739270069666
1026 -0.0019302618536775618
1027 -0.001928942109956969
1028 -0.0019272761624025056
1029 -0.0019254032020891891
1030 -0.00192409201941981
1031 -0.0019246237546342287
1032 -0.0019234672795065552
1033 -0.0019224698171253427
1034 -0.0019206520380340897
1035 -0.0019190320888265672
1036 -0.0019174929965932984
1037 -0.0019157533927584844
1038 -0.0019148482838931315
1039 -0.0019132120094562763
1040 -0.0019114506904307003
1041 -0.0019100523809989904
1042 -0.0019082193172936168
1043 -0.0019066337298257053
1044 -0.0019050077989218716
1045 -0.0019077039657004978
1046 -0.0019186544809860243
1047 -0.0019168219552162188
1048 -0.0019383800627414312
1049 -0.0019366819286082027
1050 -0.0019359926906872525
1051 -0.001934776623038313
1052 -0.0019346210718463504
1053 -0.001933025469297837
1054 -0.0019353547898569683
1055 -0.0019335791005743344
1056 -0.001968457310246558
1057 -0.001966708732723876
1058 -0.0019653932093967545
1059 -0.001963767724409834
1060 -0.00196191511334907
1061 -0.0019602959705544414
1062 -0.00196000744710934
1063 -0.001958192766613945
1064 -0.001956459055197852
1065 -0.001955825097765392
1066 -0.001961140507602453
1067 -0.001959885671356052
1068 -0.0019596643111397015
1069 -0.001957990534249505
1070 -0.0019563059153548286
1071 -0.001956579307025466
1072 -0.001954794145579332
1073 -0.001954826631437484
1074 -0.001953177153077603
1075 -0.0019514246564451348
1076 -0.0019521125329259549
1077 -0.0019506297770518978
1078 -0.001971503683762402
1079 -0.0019698867414908554
1080 -0.0019713614114245178
1081 -0.001971537559589985
1082 -0.0019698451083899277
1083 -0.001969420452745686
1084 -0.0019728871488657127
1085 -0.001971068819696251
1086 -0.0019693479532822467
1087 -0.0019675362256343326
1088 -0.001965727828368124
1089 -0.0019648068326587552
1090 -0.0019864796289524498
1091 -0.0019846588410249036
1092 -0.0019831087257725175
1093 -0.0019812943536537866
1094 -0.0019796053458245835
1095 -0.0019782912599377606
1096 -0.001976746876271547
1097 -0.0019751084950922503
1098 -0.001973560611364525
1099 -0.0019777845371331242
1100 -0.001976285799817705
1101 -0.0019750332924713455
1102 -0.0019733155369073786
1103 -0.00197182632106563
1104 -0.001971546240445525
1105 -0.0019757279650634515
1106 -0.0019740173174655927
1107 -0.0019725278997444907
1108 -0.001973068145046201
1109 -0.0019719336065304417
1110 -0.001970185019570058
1111 -0.0019687233553970064
1112 -0.0019738072840199154
1113 -0.00197207240437279
1114 -0.001972158792382978
1115 -0.001970554422948487
1116 -0.0019690271451647374
1117 -0.001971492207776574
1118 -0.0019723527272278883
1119 -0.001970817516201109
1120 -0.0019695711479300626
1121 -0.0019703073649330258
1122 -0.0019687329662719443
1123 -0.0019672092494398227
1124 -0.0019656926814049674
1125 -0.0019641912048253894
1126 -0.001962526622973056
1127 -0.0019610138211459275
1128 -0.00195996841254074
1129 -0.0019607784521620455
1130 -0.0019591635427038245
1131 -0.0019576137552338026
1132 -0.0019559455834298627
1133 -0.0019557854531141268
1134 -0.0019551633805410164
1135 -0.0019537267013820907
1136 -0.0019523726366186443
1137 -0.0019508727653665047
1138 -0.0019492554298684336
1139 -0.001947581708013211
1140 -0.0019460960390883606
1141 -0.0019465229923642615
1142 -0.00194538248514825
1143 -0.001966740468647314
1144 -0.001965117745308078
1145 -0.0019640107843551602
1146 -0.001962784367359381
1147 -0.0019614960516349984
1148 -0.0019655487530507105
1149 -0.0019643203035462336
1150 -0.0019628243768546705
1151 -0.001962349229891912
1152 -0.0019608152839185895
1153 -0.0019593454635650474
1154 -0.001957932836205088
1155 -0.001956260477794317
1156 -0.001954962653925554
1157 -0.001953299766653799
1158 -0.0019530694293655474
1159 -0.0019514110451128632
1160 -0.0019505494482167322
1161 -0.0019491565452905422
1162 -0.002000558252385678
1163 -0.00199912474498974
1164 -0.001997920406902529
1165 -0.001999561437887932
1166 -0.0019983919778418587
1167 -0.0020027568053992014
1168 -0.0020012857159376765
1169 -0.001999798377239922
1170 -0.0019981994854415034
1171 -0.0019990033346422927
1172 -0.0019974552913569876
1173 -0.002010347910291228
1174 -0.0020086784833503167
1175 -0.0020076331912864493
1176 -0.002022146357061402
1177 -0.0020208392464765106
1178 -0.0020192805515340563
1179 -0.0020194297011993036
1180 -0.0020183175304266878
1181 -0.0020166950836558676
1182 -0.0020151208289303675
1183 -0.0020135822221893237
1184 -0.0020123671063366545
1185 -0.0020122496817069034
1186 -0.0020111562435183666
1187 -0.0020101739426462623
1188 -0.002009746498344856
1189 -0.0020081516937372414
1190 -0.002007772851993631
1191 -0.002006232578894952
1192 -0.0020048719648711986
1193 -0.002003191435143729
1194 -0.002001513720373926
1195 -0.0020102534883418986
1196 -0.002008711710504312
1197 -0.0020071177779744254
1198 -0.002007973523058287
1199 -0.0020085453557768585
1200 -0.0020070749051539177
1201 -0.0020083313889869073
1202 -0.002032277099894736
1203 -0.0020311414919107025
1204 -0.0020295257344343626
1205 -0.0020293923132674763
1206 -0.002030578932786345
1207 -0.002030572169681479
1208 -0.002028932987986098
1209 -0.0020272547969290376
1210 -0.0020259314071913188
1211 -0.002025956740715407
1212 -0.002025192470008032
1213 -0.002023646269333827
1214 -0.002022014671283939
1215 -0.0020212555321663197
1216 -0.002020497641632775
1217 -0.0020233345984084113
1218 -0.0020263756365434247
1219 -0.0020249159510523605
1220 -0.002023902952578263
1221 -0.002022266962340086
1222 -0.002020633649663674
1223 -0.002019275630749103
1224 -0.0020178541556247196
1225 -0.0020167841262646283
1226 -0.0020155058244779533
1227 -0.0020139720135276904
1228 -0.0020123572171652938
1229 -0.0020108998879202933
1230 -0.0020097805835620026
1231 -0.0020084520289045615
1232 -0.0020121963731822767
1233 -0.002010680929001768
1234 -0.002009069689244173
1235 -0.002008050487455882
1236 -0.0020072420801202848
1237 -0.002007064994517891
1238 -0.0020055516300542297
1239 -0.002003976053289894
1240 -0.0020023945292443135
1241 -0.002000977013600107
1242 -0.002000967894806046
1243 -0.001999820603702122
1244 -0.001999442562240069
1245 -0.001999058024588261
1246 -0.0019977370386126477
1247 -0.0019961825789046868
1248 -0.0019958194911960147
1249 -0.00199448139115115
1250 -0.001992903734892733
1251 -0.0019917459339652875
1252 -0.001990388255891369
1253 -0.0019888400136134523
1254 -0.001987984175547591
1255 -0.0019909013210676722
1256 -0.001989316208550898
1257 -0.0019877989058082004
1258 -0.001986265938301823
1259 -0.001984820053370971
1260 -0.0019833128010376777
1261 -0.001982203807426567
1262 -0.001980680132288183
1263 -0.001998426563513249
1264 -0.00199740327735032
1265 -0.001997047217130733
1266 -0.0019956777053102715
1267 -0.0019942740343822495
1268 -0.0019927012630617585
1269 -0.001991323251513442
1270 -0.001990130651021279
1271 -0.0019885648519252746
1272 -0.0019875330400008777
1273 -0.001986546585140543
1274 -0.0019851991366395
1275 -0.001983919291336591
1276 -0.001982364495653725
1277 -0.0019812117777242514
1278 -0.0019796615337667207
1279 -0.001978877005898664
1280 -0.0019777341622734717
1281 -0.0019765724957996845
1282 -0.001975030707581432
1283 -0.0019741444441246595
1284 -0.0019726531523323394
1285 -0.0019719012417541374
1286 -0.0019707450870027677
1287 -0.001970360727444954
1288 -0.001968851409234022
1289 -0.001968443075328368
1290 -0.0019669940640251234
1291 -0.001965591222765704
1292 -0.0019641361847553764
1293 -0.001964016947162692
1294 -0.0019630751005517847
1295 -0.0019615592124432504
1296 -0.001960122221148265
1297 -0.0019587242510504723
1298 -0.0019584106105766143
1299 -0.001958416276565969
1300 -0.0019580967633674425
1301 -0.0019567781609420073
1302 -0.001955413079960165
1303 -0.001958359573157333
1304 -0.0019568779775274306
1305 -0.0019553986525421715
1306 -0.0019634309173121246
1307 -0.001962356017533915
1308 -0.0019610492025599175
1309 -0.0019595510748268694
1310 -0.0019582663270822534
1311 -0.001957284375061195
1312 -0.0019593920105090037
1313 -0.0019579685016511508
1314 -0.0019568327956895715
1315 -0.0019553447099133815
1316 -0.001954451940611248
1317 -0.0019529679224331072
1318 -0.0019527409999364636
1319 -0.0019519156796937187
1320 -0.001961169617231551
1321 -0.001959782732565282
1322 -0.0019591321107126428
1323 -0.001959167788296506
1324 -0.0019607669318353216
1325 -0.001959287107735823
1326 -0.0019578293941340348
1327 -0.001956406595722762
1328 -0.001958489498950822
1329 -0.0019670778998921944
1330 -0.001965598893952426
1331 -0.001964122110410763
1332 -0.0019662539825573803
1333 -0.0019647789233056493
1334 -0.0019637625462099557
1335 -0.001963488892783012
1336 -0.0019626464270642687
1337 -0.001961305926232897
1338 -0.0019604302009256225
1339 -0.0019778663471194118
1340 -0.001976697994713305
1341 -0.0019790172432840383
1342 -0.00197914908921594
1343 -0.00197786564605179
1344 -0.0019767042685869805
1345 -0.001976826477118233
1346 -0.0019759025882035
1347 -0.0019768287587741584
1348 -0.001975406278821645
1349 -0.0019739419302087302
1350 -0.0019744735137788034
1351 -0.0019730984536352933
1352 -0.0019767079590232574
1353 -0.0019763979975005804
1354 -0.0019771360495309024
1355 -0.001976379461040917
1356 -0.001975037294894047
1357 -0.0019735818510510884
1358 -0.001972432941123686
1359 -0.0019710186716170915
1360 -0.0019695693931820785
1361 -0.001969318798187995
1362 -0.0019683692983979103
1363 -0.001966925153644867
1364 -0.0019656260509327192
1365 -0.0019656300212316557
1366 -0.001965326938431327
1367 -0.001964051132020667
1368 -0.0019626664279054295
1369 -0.001961513659430305
1370 -0.0019612633051336085
1371 -0.001960113241734868
1372 -0.0019589347830048
1373 -0.0019579267351312562
1374 -0.0019606141644844836
1375 -0.001959606361494043
1376 -0.001958347051263448
1377 -0.0019571086307698256
1378 -0.0019557991471515312
1379 -0.0019544935990513093
1380 -0.0019532541142753654
1381 -0.0019519813563133317
1382 -0.0019521493732593115
1383 -0.0019528070740838944
1384 -0.0019516523452043136
1385 -0.0019518261819430499
1386 -0.0019509057446430134
1387 -0.0019495419523129073
1388 -0.0019481682810481068
1389 -0.0019521441854482464
1390 -0.0019508989734983266
1391 -0.001949701004656371
1392 -0.0019483003573829108
1393 -0.0019473569655450358
1394 -0.001945960009328719
1395 -0.0019447642578460731
1396 -0.0019433711602401657
1397 -0.0019471678784506161
1398 -0.001945846026244387
1399 -0.0019458933060022409
1400 -0.001944677671218131
1401 -0.001944431725694777
1402 -0.0019430669399278795
1403 -0.0019433075349738296
1404 -0.0019435779269201142
1405 -0.0019473908570536277
1406 -0.0019461174904106201
1407 -0.0019447764870647603
1408 -0.0019434310781120594
1409 -0.001942067685628041
1410 -0.0019423414496828287
1411 -0.001941006924050726
1412 -0.0019401910960681501
1413 -0.0019389976976517422
1414 -0.0019376567418802556
1415 -0.0019367929788047938
1416 -0.0019383839973283648
1417 -0.0019371939874002688
1418 -0.0019358278421341187
1419 -0.0019351745871506966
1420 -0.0019341742212206868
1421 -0.0019328130852451616
1422 -0.0019316350162427382
1423 -0.0019303192683625858
1424 -0.0019294655557090107
1425 -0.0019281469417623109
1426 -0.00192694148238255
1427 -0.0019255911379660237
1428 -0.0019245119609684707
1429 -0.0019236089823584316
1430 -0.0019229854091138887
1431 -0.001922659506504223
1432 -0.0019213921434488826
1433 -0.00192105796121678
1434 -0.0019234516240402672
1435 -0.0019221328438705561
1436 -0.0019208733668343587
1437 -0.001920038871137646
1438 -0.0019187965073806
1439 -0.001917838817868698
1440 -0.0019214533692238054
1441 -0.0019201888065068856
1442 -0.0019209339259024215
1443 -0.0019203333933277935
1444 -0.0019196340776823633
1445 -0.0019183872019081847
1446 -0.001919389470798805
1447 -0.0019188890801732326
1448 -0.0019228203748053057
1449 -0.0019215115676948565
1450 -0.0019202077680485182
1451 -0.0019190111738169487
1452 -0.0019178896255826838
1453 -0.0019167931971831218
1454 -0.0019156691986886565
1455 -0.0019157866974237436
1456 -0.001914521655848309
1457 -0.0019133902836866315
1458 -0.0019123041104184676
1459 -0.0019121329748503053
1460 -0.0019110805864858713
1461 -0.001909950199668117
1462 -0.001908769171400851
1463 -0.001907571815410136
1464 -0.001906382413346733
1465 -0.0019063003434661157
1466 -0.0019053612930293733
1467 -0.0019041504775420255
1468 -0.001903914223823564
1469 -0.0019030549008643303
1470 -0.001901760305693674
1471 -0.0019004885461932056
1472 -0.0018993622598220661
1473 -0.0018983278292062852
1474 -0.0018980716320261854
1475 -0.001897538953463319
1476 -0.0018965273839975656
1477 -0.0018959878669084517
1478 -0.0018958711450501194
1479 -0.0018946563697621495
1480 -0.0018935584032526989
1481 -0.0018933066374069772
1482 -0.0018920500216465844
1483 -0.0018907741956036665
1484 -0.00188991634998963
1485 -0.0018902999111287567
1486 -0.001889027838510231
1487 -0.0018922534684872982
1488 -0.0018925464253346928
1489 -0.0018916614949299206
1490 -0.0019080985095173211
1491 -0.0019068525954812007
1492 -0.001905799821972772
1493 -0.0019048992614010343
1494 -0.0019036242284282087
1495 -0.001902426836850592
1496 -0.0019027721858525027
1497 -0.0019110530159025096
1498 -0.0019099060063531997
1499 -0.0019087120803107842
1500 -0.0019172284459788352
1501 -0.001916110427774595
1502 -0.0019158793159042976
1503 -0.0019160578265228958
1504 -0.0019148123666892834
1505 -0.0019135794852381848
1506 -0.0019124685959921173
1507 -0.0019115850253564994
1508 -0.001912612127762114
1509 -0.0019139885169067333
1510 -0.001916731078078429
1511 -0.0019154625598268877
1512 -0.0019141957195095416
1513 -0.001917287693219882
1514 -0.0019170257417618366
1515 -0.001915760378235921
1516 -0.0019155201793821918
1517 -0.0019158612946122424
1518 -0.001917022935528964
1519 -0.0019164035987646409
1520 -0.0019152218930212248
1521 -0.0019144072172757095
1522 -0.0019136621798847963
1523 -0.0019124802111651683
1524 -0.0019113733324005622
1525 -0.0019102595462688985
1526 -0.00190906394334893
1527 -0.0019084719426648395
1528 -0.0019078885364100186
1529 -0.001946277007455987
1530 -0.0019450437060019542
1531 -0.001943932641927654
1532 -0.0019435085308610268
1533 -0.0019422794488335806
1534 -0.0019410789892660425
1535 -0.0019403991097139174
1536 -0.001940285491737464
1537 -0.0019404326210519661
1538 -0.001939301746981796
1539 -0.0019382525142255763
1540 -0.0019431829215484728
1541 -0.0019430671654957247
1542 -0.0019479178694465935
1543 -0.0019466699713251959
1544 -0.0019455394521087485
1545 -0.0019444977531241508
1546 -0.001951882905259492
1547 -0.001952255595894618
1548 -0.0019512929611987628
1549 -0.0019502874509381492
1550 -0.001949082147202692
1551 -0.001947990208306857
1552 -0.0019491634652876633
1553 -0.0019479741828850876
1554 -0.001946995589579288
1555 -0.0019458672193977565
1556 -0.0019458105958277089
1557 -0.001944593274110197
1558 -0.0019434358872498655
1559 -0.0019422563098672719
1560 -0.001944842663202973
1561 -0.001943940220893022
1562 -0.0019427403717774537
1563 -0.0019428054207025992
1564 -0.0019433929809282739
1565 -0.0019422515396350193
1566 -0.0019454223098801973
1567 -0.0019451219106251226
1568 -0.0019438813992025297
1569 -0.001942714823307494
1570 -0.0019420178500949975
1571 -0.0019408362232734362
1572 -0.001939618362362807
1573 -0.0019385338704366237
1574 -0.0019386968908536655
1575 -0.0019376901687000912
1576 -0.0019366420995585727
1577 -0.0019354140449615155
1578 -0.0019348844166968862
1579 -0.0019339858433903353
1580 -0.001932831489697283
1581 -0.0019320541514158984
1582 -0.0019308830343030688
1583 -0.0019298234335184336
1584 -0.0019296152798312372
1585 -0.001933007880476484
1586 -0.001931808633439932
1587 -0.001930645407766937
1588 -0.0019295555256895675
1589 -0.0019285007613513271
1590 -0.0019273718425004806
1591 -0.0019262964032682169
1592 -0.0019299381249076937
1593 -0.001929731075232924
1594 -0.0019294464725107556
1595 -0.0019298920149680068
1596 -0.0019292754749976263
1597 -0.001928104560976204
1598 -0.0019270735844408493
1599 -0.001926265005293121
1600 -0.001925107268517057
1601 -0.001924300927641795
1602 -0.001923164956243633
1603 -0.0019261238655830773
1604 -0.001924984897147017
1605 -0.0019248996649307004
1606 -0.0019237954318533903
1607 -0.0019226146997064774
1608 -0.0019215389646388965
1609 -0.00192047918158068
1610 -0.0019199104088165415
1611 -0.0019211037087290687
1612 -0.0019202473672842947
1613 -0.001919662124273283
1614 -0.0019185094995263887
1615 -0.0019173830035478228
1616 -0.0019167285883171595
1617 -0.001915543227409109
1618 -0.0019150389736488909
1619 -0.0019138561206694905
1620 -0.0019138607281367695
1621 -0.0019126991867131839
1622 -0.001912658891946165
1623 -0.0019114804206633881
1624 -0.001912669359177695
1625 -0.001911605991328518
1626 -0.0019123974837491743
1627 -0.0019127207992714718
1628 -0.0019117775189691824
1629 -0.001910646435945367
1630 -0.0019096493773228674
1631 -0.0019088673455324935
1632 -0.0019082810044173393
1633 -0.0019071124306240645
1634 -0.0019088423056634015
1635 -0.001908481636147049
1636 -0.0019073775568426118
1637 -0.0019063506206321355
1638 -0.0019065392548782564
1639 -0.0019054909748677307
1640 -0.0019044238756860709
1641 -0.0019032995014673626
1642 -0.0019023484584792022
1643 -0.0019023613362365616
1644 -0.0019041615103006044
1645 -0.0019031463801534982
1646 -0.0019020770746000747
1647 -0.0019011449817787317
1648 -0.0019003302924130846
1649 -0.0019026423997588967
1650 -0.001903171981682083
1651 -0.0019020497943410652
1652 -0.0019009928289572026
1653 -0.0018998924501501988
1654 -0.001898811896844451
1655 -0.00189770042487221
1656 -0.0018966036493879015
1657 -0.0018954777582781347
1658 -0.0018947229850534066
1659 -0.0018937834983360179
1660 -0.0018930381730553254
1661 -0.0018919242947071705
1662 -0.0018907859527729299
1663 -0.001889696692957023
1664 -0.0018886850686908885
1665 -0.0018923543788671034
1666 -0.0018913285280232007
1667 -0.0018930268924830466
1668 -0.0018923166127897423
1669 -0.00189423062939566
1670 -0.001893244275140295
1671 -0.0018926708703586347
1672 -0.0018919403957214649
1673 -0.0018908095287784154
1674 -0.0018898326323572587
1675 -0.0018888078412880706
1676 -0.0018916271667269633
1677 -0.001890499183920328
1678 -0.0018908226347802632
1679 -0.0018907967374841514
1680 -0.0018896712632356484
1681 -0.0018886361530565656
1682 -0.0018875387987662645
1683 -0.0018866724725106314
1684 -0.001886633137672021
1685 -0.001885706221365402
1686 -0.0018845877716492895
1687 -0.0018835692176617012
1688 -0.0018824533591204323
1689 -0.0018816791919762691
1690 -0.0018806494318305516
1691 -0.001879578542694268
1692 -0.0018788074472509669
1693 -0.0018778063498444636
1694 -0.0018770212342812615
1695 -0.0018903402195182492
1696 -0.0018898872074940792
1697 -0.001888911264862955
1698 -0.0018933497979547235
1699 -0.0018923884959903441
1700 -0.0018913284585692603
1701 -0.0018917281006829993
1702 -0.001897928928145642
1703 -0.0018968786520779616
1704 -0.0018961804065013388
1705 -0.0018950978612081778
1706 -0.0018968589248674205
1707 -0.0018981357701567123
1708 -0.0018972081232621297
1709 -0.001896414368538017
1710 -0.0018956215421820025
1711 -0.0018945136394688626
1712 -0.0018935466823905597
1713 -0.0018924844170555922
1714 -0.0018917337599990345
1715 -0.0018906653005371025
1716 -0.0018896961307703442
1717 -0.0018891817172168046
1718 -0.0018881643731123209
1719 -0.0018870659645183051
1720 -0.0018862458925230467
1721 -0.0018874809904397135
1722 -0.0018872679893916877
1723 -0.0018862202811337585
1724 -0.0018855080645966292
1725 -0.0018844734364271414
1726 -0.001883648418320917
1727 -0.001882582545604327
1728 -0.0018817738093114382
1729 -0.0018806854496762088
1730 -0.0018797161702643727
1731 -0.0018786302568211232
1732 -0.0018779117379241267
1733 -0.0018768281189178227
1734 -0.0018760247461789123
1735 -0.0018763006176227557
1736 -0.0018752488549868334
1737 -0.0018747227496173039
1738 -0.0018737630875278943
1739 -0.0018733134734558793
1740 -0.0018722658454146182
1741 -0.0018730276528941708
1742 -0.001873094601125217
1743 -0.0018754450992669897
1744 -0.0018765728925402873
1745 -0.0018760430276423276
1746 -0.001875982943874545
1747 -0.001875201857119693
1748 -0.0018747671421751033
1749 -0.0018739619206154209
1750 -0.001872891085232212
1751 -0.0018718844912192646
1752 -0.0018722007451793296
1753 -0.0018712127843213428
1754 -0.0018704737149190095
1755 -0.0018695340145544173
1756 -0.0018685428761481165
1757 -0.0018680968288820642
1758 -0.0018690629815189788
1759 -0.0018680004101821286
1760 -0.0018669390463127067
1761 -0.0018661551654590004
1762 -0.0018659330488035094
1763 -0.0018651546754030615
1764 -0.0018642373649424794
1765 -0.00186338237745898
1766 -0.0018631883292190483
1767 -0.0018623241108781804
1768 -0.0018655082222774038
1769 -0.001864569155362032
1770 -0.0018635157264606972
1771 -0.0018633221507742368
1772 -0.0018623099914918445
1773 -0.0018615018706340013
1774 -0.0018605093523710904
1775 -0.0018595928471373468
1776 -0.0018594819374917007
1777 -0.0018615980554036278
1778 -0.0018778157601216426
1779 -0.0018769305156799215
1780 -0.001877546431190857
1781 -0.0018766350921437323
1782 -0.0018787850087129544
1783 -0.001877731287451758
1784 -0.0018773487722881616
1785 -0.0018766191007365317
1786 -0.0018756127893021439
1787 -0.001875008150746969
1788 -0.0018740473169696972
1789 -0.0018730344356280026
1790 -0.0018729095393335258
1791 -0.0018722237137315054
1792 -0.0018711789460341102
1793 -0.0018723277999055721
1794 -0.0018717968162981636
1795 -0.0018708172770243992
1796 -0.0018698275811081385
1797 -0.0018691874644567164
1798 -0.0018702819962583815
1799 -0.0018694202967427557
1800 -0.0018684839240990323
1801 -0.0018674702663048462
1802 -0.001866433934303567
1803 -0.001866336362999073
1804 -0.001878900478909583
1805 -0.0018783533285597872
1806 -0.0018773132658086464
1807 -0.001877500327374761
1808 -0.0018767451204160612
1809 -0.0018761118403179183
1810 -0.0018751317828890619
1811 -0.0018741608472054659
1812 -0.0018732126033495025
1813 -0.0018735326601000406
1814 -0.0018727930620725643
1815 -0.0018717953813753773
1816 -0.0018716448526528357
1817 -0.0018742557553377023
1818 -0.0018733590275340228
1819 -0.001872423685693935
1820 -0.0018715888976792536
1821 -0.0018705611168458216
1822 -0.001869594706579377
1823 -0.001868669688568596
1824 -0.0018676834529402003
1825 -0.0018674933212869396
1826 -0.0018675227993243846
1827 -0.0018666404578467917
1828 -0.0018657700484946051
1829 -0.0018647733925013165
1830 -0.001863854909520737
1831 -0.0018638565464713709
1832 -0.0018638152422374666
1833 -0.0018638570656947496
1834 -0.0018629738309851277
1835 -0.001861958586390585
1836 -0.001860976760244831
1837 -0.0018600014017869807
1838 -0.0018591522521591481
1839 -0.001859213096779497
1840 -0.001859313748271345
1841 -0.0018585789237581464
1842 -0.0018576923971838507
1843 -0.001856684425183208
1844 -0.001855749954122103
1845 -0.0018551273623797675
1846 -0.0018551690203538562
1847 -0.001861834934923038
1848 -0.0018609854208810987
1849 -0.0018601866329450744
1850 -0.0018591811266569958
1851 -0.0018581767068154736
1852 -0.0018592480566324728
1853 -0.001858290971599426
1854 -0.0018574202669805744
1855 -0.0018564509438085018
1856 -0.0018554507008430874
1857 -0.0018545568530605695
1858 -0.0018536703666949112
1859 -0.0018527210164527934
1860 -0.0018517415976700255
1861 -0.0018510554845345925
1862 -0.0018517116365794877
1863 -0.001856003685790153
1864 -0.0018550884371868746
1865 -0.0018544769326359282
1866 -0.0018601527415906254
1867 -0.001859444678045441
1868 -0.0018584492579822472
1869 -0.0018584043509077253
1870 -0.0018574105517895926
1871 -0.001856457305189807
1872 -0.0018556290185346223
1873 -0.0018552893521953946
1874 -0.001854714595824896
1875 -0.0018697662743268992
1876 -0.001869092549352373
1877 -0.0018703556138691744
1878 -0.0018701694251428006
1879 -0.001869321294277573
1880 -0.0018686525374732531
1881 -0.001871445643001332
1882 -0.0018870185522936957
1883 -0.0018877282898372893
1884 -0.0018868608836283658
1885 -0.001885891368986009
1886 -0.001885002328952731
1887 -0.0018999709412758773
1888 -0.001899047777301147
1889 -0.001898087816653249
1890 -0.0018980467292393005
1891 -0.0018970970524359418
1892 -0.0018967878459209171
1893 -0.00190573728002646
1894 -0.0019055533268790546
1895 -0.0019045477578411235
1896 -0.0019051117879467924
1897 -0.00190552637306111
1898 -0.0019046626143905216
1899 -0.0019038621213789732
1900 -0.001902993528153103
1901 -0.0019054833148315043
1902 -0.0019045305493722974
1903 -0.001903577209556625
1904 -0.001902705585291232
1905 -0.0019065466257537586
1906 -0.0019058642079134449
1907 -0.001904941864335258
1908 -0.0019039970352103903
1909 -0.0019031290530143324
1910 -0.0019021637109880348
1911 -0.0019012906334639576
1912 -0.0019004212780706262
1913 -0.0018997508063901885
1914 -0.0018988192580377886
1915 -0.0018979379151229689
1916 -0.0018977733040067312
1917 -0.001898046254361021
1918 -0.001897101330408498
1919 -0.0018963332381400804
1920 -0.001899148035810063
1921 -0.0018981856686293508
1922 -0.0018973303462568739
1923 -0.0018963436950107703
1924 -0.0018954170734540553
1925 -0.001894545286215641
1926 -0.0018936061049213556
1927 -0.0018926234343946708
1928 -0.0018916987135321132
1929 -0.0018911029017124091
1930 -0.001890518343573015
1931 -0.0018898530612729335
1932 -0.001888956158734482
1933 -0.00188831241312009
1934 -0.0018874702585350987
1935 -0.0018867896466099015
1936 -0.001885815065180867
1937 -0.0018860360480225079
1938 -0.001885219190360112
1939 -0.0018851025434362299
1940 -0.0018841864058423228
1941 -0.0018833186707898045
1942 -0.0018823488877461431
1943 -0.0018824156100928934
1944 -0.0018816670630638706
1945 -0.0018811890638775143
1946 -0.0018803008064987284
1947 -0.0018794770934647692
1948 -0.0018787462584948286
1949 -0.0018781902694916014
1950 -0.001877252962010663
1951 -0.0018764829434017075
1952 -0.0018756287830138088
1953 -0.0018747062317493832
1954 -0.0018737468119787847
1955 -0.0018729185279768835
1956 -0.0018734305855520456
1957 -0.0018725293750389295
1958 -0.00187232456577412
1959 -0.0018715168366309467
1960 -0.0018709227301783355
1961 -0.0018739372444510076
1962 -0.00187390589654853
1963 -0.0018732668250863711
1964 -0.001872313023240604
1965 -0.0018714666358833432
1966 -0.0018711039512319448
1967 -0.0018704127058999248
1968 -0.0018698293668941773
1969 -0.0018690254809495225
1970 -0.001868184782472702
1971 -0.001867258705077622
1972 -0.0018665284725627106
1973 -0.0018655824368442296
1974 -0.001866032032987651
1975 -0.0018658973879041125
1976 -0.00186520049609365
1977 -0.0018681070227559266
1978 -0.0018671759064005213
1979 -0.0018663140306739
1980 -0.001865681170323481
1981 -0.0018650295821772444
1982 -0.0018640885985333605
1983 -0.001864865537534489
1984 -0.0018689185622542835
1985 -0.0018681720752356608
1986 -0.0018678285265907256
1987 -0.0018668997810152548
1988 -0.0018677664587116029
1989 -0.0018678277382554263
1990 -0.0018674417246399091
1991 -0.0018666263368365985
1992 -0.0018663581596994898
1993 -0.0018654470119433243
1994 -0.001864611987714686
1995 -0.0018641436164295927
1996 -0.0018633018358291977
1997 -0.0018627636946426326
1998 -0.0018651678652796347
1999 -0.0018643808543342317
2000 -0.0018635221414092203
