n: 12, k: 2000, y: ((((...)))).
Exact value (full):  -0.9491395744418724
Jensen value (full):  -3.048244559479312
Second Order Approximation (full):  0.0
1 -4.832511901855469
2 -4.745020389556885
3 -3.7120562394460044
4 -3.4439368844032288
5 -2.8669161081314085
6 -2.6195361415545144
7 -2.2521708011627197
8 -2.005616892129183
9 -1.800966438319948
10 -1.7966426759958267
11 -1.7793201560323888
12 -1.6330150348755221
13 -1.6441037639115865
14 -1.7807762608198183
15 -1.672873646641771
16 -1.5734212897950783
17 -1.6009606943630121
18 -1.6453201949803367
19 -1.7491636947777711
20 -1.6854095933027566
21 -1.7790248391351529
22 -1.8096755415370518
23 -1.7401629424775424
24 -1.7127551632778097
25 -1.6451907846331597
26 -1.6688349358737469
27 -1.673112570963524
28 -1.6202080167297805
29 -1.5655916107111965
30 -1.6263545473416647
31 -1.5768317895070199
32 -1.599324258742854
33 -1.5667955520929713
34 -1.5311766343519968
35 -1.4879550241998263
36 -1.4616313202099667
37 -1.4352383861267888
38 -1.402498868931281
39 -1.3903294199934373
40 -1.4599537709727883
41 -1.425836822972065
42 -1.516647672014577
43 -1.4930294194193774
44 -1.4599659084765748
45 -1.4382555147839917
46 -1.4091195894162292
47 -1.456411391100351
48 -1.4397957103792578
49 -1.4105916239169178
50 -1.3835102831572295
51 -1.3667042605286719
52 -1.3406730629145527
53 -1.3176629327870202
54 -1.330372400685317
55 -1.3176913508976047
56 -1.294753796587299
57 -1.2802034645553744
58 -1.2642257252451161
59 -1.252015231808616
60 -1.2346066234322886
61 -1.251841935741364
62 -1.2534244462186772
63 -1.237568141242105
64 -1.2183774981094757
65 -1.2010318954546864
66 -1.1903589915512411
67 -1.1728360936351454
68 -1.1633261958109762
69 -1.1469194273450884
70 -1.1539347229126309
71 -1.1380685154532253
72 -1.1227034969488159
73 -1.1129364176997787
74 -1.1520787632168346
75 -1.168421067558229
76 -1.1745026434747208
77 -1.1631444872223906
78 -1.1657087231317582
79 -1.1627192189445412
80 -1.1688235500478186
81 -1.1560174644016374
82 -1.1454112632995153
83 -1.1407869825902652
84 -1.166380225337066
85 -1.1542652287575252
86 -1.1482206766363667
87 -1.1514944457823688
88 -1.1515265909468078
89 -1.1408939180435258
90 -1.1301232339296905
91 -1.1220949038064905
92 -1.1100801487311558
93 -1.102703667325919
94 -1.096231057159999
95 -1.084913477879998
96 -1.0755474584002513
97 -1.0698813492931503
98 -1.0629595032589017
99 -1.056863094322534
100 -1.0464676526468246
101 -1.0361904667616628
102 -1.034803460087335
103 -1.0260770007407347
104 -1.0263383089511011
105 -1.0168434785678984
106 -1.0170555571357738
107 -1.0411464394827452
108 -1.0317312807827774
109 -1.0289611748479512
110 -1.0428360958414322
111 -1.0529135796283413
112 -1.0490100924341408
113 -1.0664377874917292
114 -1.0671181049148895
115 -1.0617339287520102
116 -1.0719576547773362
117 -1.082114762515148
118 -1.0754529584151835
119 -1.0667370351563608
120 -1.073526771281225
121 -1.0782538755019464
122 -1.0952559723366113
123 -1.1007563606646609
124 -1.0942445790710589
125 -1.0875944584980608
126 -1.0790780916189153
127 -1.072544517582209
128 -1.0651618342235452
129 -1.064064287154596
130 -1.0725861134294135
131 -1.076154258173272
132 -1.068043406414235
133 -1.0600705537559898
134 -1.0892818575453902
135 -1.0827886336138126
136 -1.0793299742679878
137 -1.0893779459858082
138 -1.0820861744147765
139 -1.0842656231914118
140 -1.0935415898349934
141 -1.0870460265791637
142 -1.093470054852422
143 -1.0860596565184528
144 -1.0788458347766816
145 -1.0749348638418676
146 -1.0690418189959219
147 -1.06404011914836
148 -1.0570643620999731
149 -1.0570523135095284
150 -1.0503356732707472
151 -1.044130568944584
152 -1.0416643581089662
153 -1.0369223655031057
154 -1.032874783020249
155 -1.0287161468287869
156 -1.0312487890687174
157 -1.03208722456827
158 -1.0315651617077757
159 -1.027040389422093
160 -1.0257993378472747
161 -1.0279091523283432
162 -1.023408525775727
163 -1.0251918587565103
164 -1.019762876537265
165 -1.0241872808952448
166 -1.021947039877547
167 -1.0162057587291353
168 -1.010574722288376
169 -1.008744999570717
170 -1.0066378127810929
171 -1.001785892995935
172 -0.9985798399619281
173 -1.0046152279367724
174 -1.007927997682736
175 -1.0045385595544107
176 -0.9989501455063212
177 -0.9981757227757598
178 -1.007974250307516
179 -1.0024865631914213
180 -1.0072578654650393
181 -1.002901716139785
182 -0.9999286221406821
183 -0.9982323027826602
184 -0.9928541528440648
185 -0.9877082984365926
186 -0.9833020354165465
187 -0.982556454416484
188 -0.9784857633280905
189 -0.9734490333129923
190 -0.969681965900389
191 -0.9906508587764
192 -0.9942808277628501
193 -1.0016215121532777
194 -0.9989576606132743
195 -0.9939309570627908
196 -0.9913381970254704
197 -0.9911884193091185
198 -0.9872317858618882
199 -0.982372560671732
200 -0.9911382925300859
201 -0.9931861778781448
202 -0.9998680972609447
203 -0.9971874278254367
204 -0.9930460406809717
205 -0.9892189078010255
206 -0.991502670966794
207 -0.991185428707406
208 -0.9865045883365943
209 -0.9828383337826642
210 -0.9838708630519076
211 -0.9796458279594814
212 -0.9848890040522301
213 -0.9837959881920035
214 -0.9875920214624988
215 -0.9891308330064423
216 -0.9860681534326566
217 -0.9827323763562615
218 -0.9801027516667825
219 -0.9827307080531059
220 -0.9810542557960037
221 -0.980891715505527
222 -0.9777812176690277
223 -0.9739966717498553
224 -0.9780786563205766
225 -0.9907431871588859
226 -0.987617992612624
227 -0.9940197340680476
228 -0.9933765260237187
229 -0.9897260353778485
230 -0.9943322938644206
231 -1.008251339864405
232 -1.004770234570405
233 -1.0026728232878823
234 -1.0025486057986401
235 -1.0001708081011917
236 -1.0108463834493688
237 -1.0075282909286518
238 -1.0075700042217564
239 -1.0149975071980708
240 -1.0108665465202649
241 -1.007615595389374
242 -1.0035208085270921
243 -1.0000102148667254
244 -1.0120307443125296
245 -1.0080129621569447
246 -1.004635904800162
247 -1.004662689347544
248 -1.0011020816483294
249 -0.9972553201090829
250 -1.0122094750981778
251 -1.0094937459506332
252 -1.0074631225831423
253 -1.0053168538159032
254 -1.006818019321159
255 -1.0241009271009733
256 -1.0212731054616597
257 -1.0178139813313196
258 -1.014676733186122
259 -1.016050725483109
260 -1.0122909401597169
261 -1.0102242495261589
262 -1.010061704374153
263 -1.007667495736307
264 -1.0143609819210586
265 -1.012220006968545
266 -1.0086704535546356
267 -1.005084193222685
268 -1.002657387640202
269 -0.9998925751037064
270 -0.9968437886469204
271 -0.9939082860517079
272 -0.9933183999194571
273 -1.0095427219257878
274 -1.0068679595090801
275 -1.0032794357819312
276 -1.000485193509055
277 -0.9971123564070501
278 -1.0027073857980855
279 -1.0090355006126708
280 -1.020427843966588
281 -1.0181061056329872
282 -1.0145277342451935
283 -1.011219804713259
284 -1.0124669636773522
285 -1.0101810622976668
286 -1.0193175202824982
287 -1.024658444900559
288 -1.0216829826256597
289 -1.018886573878552
290 -1.015725009305531
291 -1.012368743280685
292 -1.0097054453544345
293 -1.011166929202186
294 -1.008935505760276
295 -1.0123141619313698
296 -1.0162550910907746
297 -1.0143344685488602
298 -1.0110215901556556
299 -1.0090482721189318
300 -1.0108442620265607
301 -1.0084161619637224
302 -1.0068004437065405
303 -1.0073229811990345
304 -1.004673757720555
305 -1.0018599030256394
306 -1.013226144924285
307 -1.0105850570683492
308 -1.007509406131402
309 -1.0053439060343627
310 -1.0052754009037368
311 -1.0022450729896137
312 -0.9991102750810126
313 -0.9959802451787498
314 -0.9939947578548839
315 -0.9910963660327806
316 -0.9932639538619926
317 -0.9924200622949526
318 -0.9893526581347387
319 -0.9902251036064028
320 -0.9918238926926278
321 -1.0042306422691132
322 -1.0059404347499727
323 -1.0042936842753076
324 -1.0023049148572838
325 -1.0059925830607803
326 -1.013087617406233
327 -1.0155134823768535
328 -1.0126752194667394
329 -1.0097420399733974
330 -1.006693464988899
331 -1.0043938246125137
332 -1.0021760232763433
333 -1.0008131033592709
334 -0.9986654683964293
335 -1.0025620225399956
336 -1.0048461307832484
337 -1.0025874241186135
338 -1.0060612692651973
339 -1.0071364745997706
340 -1.0049715593648965
341 -1.0116466019176973
342 -1.0088067977111896
343 -1.0160639149166708
344 -1.0132013486974418
345 -1.012645725276915
346 -1.011806779899069
347 -1.008955966721501
348 -1.0061578998722178
349 -1.0032996158662617
350 -1.0059389101554241
351 -1.0031009375242426
352 -1.0021231673361564
353 -1.004486547756634
354 -1.0034324841016093
355 -1.0012553529210493
356 -0.9999588009890881
357 -1.000166602349248
358 -0.9983561412956794
359 -0.9961310851084156
360 -0.9984039743948314
361 -0.9962037130777526
362 -0.9944975572272888
363 -0.9949687763884376
364 -1.0052734962408687
365 -1.0041615840711007
366 -1.0015344675426763
367 -1.0033383766031883
368 -1.0043464510640858
369 -1.0016455459231788
370 -0.9998204871118572
371 -0.9972134290170176
372 -0.9948886884288782
373 -0.992920198146973
374 -0.9911048378668387
375 -0.9971122135929763
376 -0.9947998236996082
377 -0.9925032778796233
378 -0.9926814869571005
379 -0.9910909144863939
380 -0.9896818564726824
381 -0.987355480455791
382 -0.987823145650571
383 -0.9875802372256416
384 -0.9855270336277803
385 -0.990332020123719
386 -0.9881807646190583
387 -0.986702668363859
388 -0.9845119901973581
389 -0.9831713566563756
390 -0.9909088516667581
391 -0.98943348916943
392 -0.9881515168235637
393 -0.9857320463054982
394 -0.9849151738075455
395 -0.9876639645888553
396 -0.9890999639550262
397 -1.0002567584002366
398 -1.0135982625722304
399 -1.0116113234407043
400 -1.0097934432153124
401 -1.007292505213178
402 -1.009814529571988
403 -1.0183521396753195
404 -1.0192332512659878
405 -1.01696835493117
406 -1.0151483443155058
407 -1.017009536540067
408 -1.0163664765388924
409 -1.0163551143616492
410 -1.0139594962672762
411 -1.0122743362771605
412 -1.0102660899373783
413 -1.0089352766252586
414 -1.006589512695032
415 -1.0051135350590998
416 -1.0027259914730586
417 -1.001390822766666
418 -1.0000258013060201
419 -1.0062450926410822
420 -1.0039262580275092
421 -1.006005704145206
422 -1.0041264645408803
423 -1.0078393149995477
424 -1.0074418373658534
425 -1.006459143116851
426 -1.0041141425316253
427 -1.0018698542097484
428 -0.9999354378685843
429 -0.997714493584348
430 -0.9956721763754653
431 -0.9933979406741096
432 -0.9926850971554544
433 -0.9927170069363425
434 -0.9961374653953938
435 -0.9938854564088343
436 -0.9919081044473061
437 -0.9908855639172194
438 -0.989014378921065
439 -0.9894142207458344
440 -0.9951653228120201
441 -0.9932731586886473
442 -1.0006977713043166
443 -1.0003064707590112
444 -0.9990771557393207
445 -0.9999226151787666
446 -0.9977384938382348
447 -0.9955304694701594
448 -0.993376977851897
449 -0.9981292771374628
450 -0.9964256240365406
451 -1.0013891795625345
452 -0.9996655626341997
453 -1.0013373788326945
454 -0.9993673689470581
455 -1.0056008334118096
456 -1.0037495859984407
457 -1.0076228424649956
458 -1.008399577390435
459 -1.012184676271914
460 -1.0102985742076747
461 -1.008145621719158
462 -1.0096142457382857
463 -1.0077450113757223
464 -1.0092836541890424
465 -1.0112158483615326
466 -1.0135208031166616
467 -1.0119519311460075
468 -1.0098720134223977
469 -1.0077401449097627
470 -1.00595587060014
471 -1.0044852069276533
472 -1.0023938572207876
473 -1.0031902236316597
474 -1.0043977336242857
475 -1.0072344647661635
476 -1.0052174749087637
477 -1.0059625258829359
478 -1.0071133648096018
479 -1.005845102907347
480 -1.00393095491454
481 -1.002425852814484
482 -1.0009371324508023
483 -0.9998063870530197
484 -1.0031940569747086
485 -1.0025754868062502
486 -1.000664322372572
487 -0.9987109126618755
488 -0.9976080036798461
489 -1.0017864139777264
490 -1.0000830433198384
491 -0.999210398393833
492 -1.0018057347676619
493 -1.000095909586059
494 -1.0031805859222587
495 -1.0045265874778382
496 -1.0072317015559924
497 -1.0064667252527637
498 -1.0108694314777134
499 -1.012224493410162
500 -1.0104927240908146
501 -1.0113067373841584
502 -1.0122088435221004
503 -1.0111637820247152
504 -1.0101752834365008
505 -1.0081960315198297
506 -1.0073671731472074
507 -1.0058059573386606
508 -1.0094004070173626
509 -1.0077538270766762
510 -1.009862350544655
511 -1.0140878762904038
512 -1.0126927696437633
513 -1.0122421731297326
514 -1.0103921474932407
515 -1.0092607466160384
516 -1.0074278182465612
517 -1.0058978459756367
518 -1.0088134053986677
519 -1.008132859845583
520 -1.0063120898038436
521 -1.0059802255230363
522 -1.0041261839919449
523 -1.0051466068626875
524 -1.003244702316792
525 -1.0048008877358265
526 -1.0032512832312586
527 -1.002635211151878
528 -1.0011908595739496
529 -1.0003452129514152
530 -0.999700692327658
531 -0.9995779519455188
532 -0.9989893539262501
533 -0.997247601221499
534 -0.9954888029093767
535 -0.9944036499745099
536 -0.9926375739672568
537 -0.9922147502730734
538 -0.9904103916740827
539 -0.9889269961365577
540 -0.9878650574530993
541 -0.9864316574451057
542 -0.9852900085558366
543 -0.9841935648917328
544 -0.9824557816438542
545 -0.9835861120031241
546 -0.984285024642917
547 -0.9827061060788808
548 -0.9840905430971434
549 -0.9892917160989754
550 -0.9939515260776336
551 -0.9923387549229359
552 -0.9905736762591624
553 -0.9892538309360014
554 -0.9878477010479204
555 -0.9862368221990429
556 -0.9850348848682031
557 -0.9835015078387901
558 -0.9823411353780324
559 -0.980661816531809
560 -0.9789468662214599
561 -0.978668104538465
562 -0.9771440352290021
563 -0.9764874092308179
564 -0.9754464410919141
565 -0.9749412436598698
566 -0.9732456464014368
567 -0.9741368472257488
568 -0.9793300588572608
569 -0.9778386626854172
570 -0.976151084499597
571 -0.9807016194150531
572 -0.9805981223162107
573 -0.9795330101981707
574 -0.9787475643955327
575 -0.9811929823701149
576 -0.9796158514008211
577 -0.9863420408687181
578 -0.9852798852254234
579 -0.9878300159625928
580 -0.9863139993591427
581 -0.9850362691813487
582 -0.9850262792323335
583 -0.9833783345859287
584 -0.9817140233776315
585 -0.9800927542707222
586 -0.980417671004698
587 -0.9787976832495561
588 -0.9786550068458048
589 -0.9770254737955276
590 -0.9754031252321171
591 -0.9745565761533107
592 -0.9732724078065665
593 -0.9754656085141418
594 -0.9738827010299947
595 -0.9726030105004917
596 -0.971747666817696
597 -0.9710391459556006
598 -0.9761249071382684
599 -0.9766135780165635
600 -0.97690810195636
601 -0.9760798440204806
602 -0.9746573554472595
603 -0.9752776076102855
604 -0.9739786876405633
605 -0.976623227818261
606 -0.9767715402221055
607 -0.9755684007189346
608 -0.9741563289993026
609 -0.9729600354787482
610 -0.9714260837170067
611 -0.9700674259602268
612 -0.9713780903424825
613 -0.9755350096655636
614 -0.9740065306513069
615 -0.9725867108010301
616 -0.9770363858952369
617 -0.9754804675625803
618 -0.9739330531803222
619 -0.972817583432382
620 -0.9721023886719898
621 -0.9706871901082412
622 -0.9694577755145968
623 -0.9685766817164723
624 -0.9670418646300021
625 -0.9677949848383665
626 -0.9668908278895215
627 -0.969266485722893
628 -0.967781236908357
629 -0.9695004612616069
630 -0.9679929696999136
631 -0.9665054751356411
632 -0.9664657822975158
633 -0.965237254138571
634 -0.9643533417091291
635 -0.9633665343145217
636 -0.9631578613178067
637 -0.9650284770694876
638 -0.9645214239806871
639 -0.9630745305841517
640 -0.9625831960467621
641 -0.9614205213260725
642 -0.9618715422686387
643 -0.9609649374409004
644 -0.9660439598865761
645 -0.9660638816827951
646 -0.967054178678768
647 -0.9682360530314158
648 -0.9669733802201571
649 -0.9687246968180446
650 -0.9701993858355742
651 -0.9687590912133226
652 -0.9674931201181072
653 -0.9683913435804077
654 -0.9670589143518552
655 -0.9662138784375355
656 -0.9647632445728338
657 -0.9634801910005091
658 -0.9630779697740943
659 -0.9659603560479055
660 -0.9663456762759861
661 -0.9649863865116608
662 -0.967964038189523
663 -0.967176085800146
664 -0.9657492350481158
665 -0.9656216330196065
666 -0.9687237434477934
667 -0.971260410655329
668 -0.9724647070038618
669 -0.9710412009901775
670 -0.9698980506495642
671 -0.968490365330524
672 -0.967726388201949
673 -0.9699423246370714
674 -0.9690662701697108
675 -0.9678062826822753
676 -0.9663989194682606
677 -0.967141984125525
678 -0.9669749807926296
679 -0.9658588634430814
680 -0.9654566074050415
681 -0.9664729563956984
682 -0.9671470601469432
683 -0.9703619165896912
684 -0.9698017248216668
685 -0.9704867255010635
686 -0.969697221672385
687 -0.9685614342791783
688 -0.9702355703487884
689 -0.9702265169539087
690 -0.9690713802258065
691 -0.9697406451688209
692 -0.9700658567010215
693 -0.968717323778759
694 -0.971442214203918
695 -0.9718437186502618
696 -0.9707837912840126
697 -0.9697140735350923
698 -0.9684655939436979
699 -0.9677276023209245
700 -0.9663927952293306
701 -0.9672412762189877
702 -0.9664655412266037
703 -0.9651020913309342
704 -0.9643537660436281
705 -0.9657505557099555
706 -0.9660256060141088
707 -0.9695224825245403
708 -0.969724974310878
709 -0.9699875409800259
710 -0.9715202518804392
711 -0.9704121843389066
712 -0.970048922841343
713 -0.9702933021934721
714 -0.9693205116227979
715 -0.9736147307067902
716 -0.976086285532395
717 -0.974747557221617
718 -0.9736707566596546
719 -0.9725432587354877
720 -0.9715085071951358
721 -0.9706039011359586
722 -0.9704718297667326
723 -0.9696391068764784
724 -0.9715716695304939
725 -0.9707701766208328
726 -0.9710575050851407
727 -0.973115246197237
728 -0.9719105720914041
729 -0.9706194679213199
730 -0.969348928212405
731 -0.9714005317987439
732 -0.9700960039461408
733 -0.9694499454447062
734 -0.9716610222019519
735 -0.9703543826468847
736 -0.9690652408513099
737 -0.9716599333558732
738 -0.9708109015288452
739 -0.9705412666349897
740 -0.9700469933890712
741 -0.9692304749154912
742 -0.968057698481076
743 -0.9682610726490376
744 -0.9685321934158183
745 -0.9674424239690572
746 -0.966411109867658
747 -0.9654263713829708
748 -0.966308577438159
749 -0.9655508594612313
750 -0.964795194649448
751 -0.9662951439180065
752 -0.965043834924569
753 -0.9640575252945818
754 -0.9632790364727714
755 -0.9626832198808032
756 -0.9616829650612084
757 -0.9604350398903617
758 -0.9599357434882633
759 -0.9622862088102577
760 -0.961179053252808
761 -0.9620214075072817
762 -0.9611894421638759
763 -0.960213166563912
764 -0.9590077793837588
765 -0.9583066145615543
766 -0.9574132814222834
767 -0.960811875365927
768 -0.9599096841448045
769 -0.9587090555542138
770 -0.9577516631150691
771 -0.9566321421484675
772 -0.9559883207958577
773 -0.955963716372356
774 -0.9568423483056289
775 -0.9583428884886446
776 -0.9585804455930406
777 -0.9574307690876772
778 -0.9567522483274513
779 -0.9555439754246957
780 -0.9543538277932945
781 -0.9536566279659217
782 -0.9532293198103814
783 -0.9553296338602673
784 -0.954318261972619
785 -0.9556030840832431
786 -0.9545348985345783
787 -0.9535261376795218
788 -0.9524737015888946
789 -0.9512950362477107
790 -0.9502564107280083
791 -0.9502160636538595
792 -0.9494772953030681
793 -0.9484110136221611
794 -0.947798127328428
795 -0.9466239519909305
796 -0.9456227450285238
797 -0.9452713306226687
798 -0.9465618389063424
799 -0.9471383676730162
800 -0.9464673717017286
801 -0.9492418487415593
802 -0.9485316023931948
803 -0.9508650552360793
804 -0.9498918314547792
805 -0.9517288379857074
806 -0.9505705125144598
807 -0.9516378251311762
808 -0.9523498976746076
809 -0.9512016149180191
810 -0.9519813257235068
811 -0.9510680010448108
812 -0.9509055765318166
813 -0.9522348290073329
814 -0.9512176809040715
815 -0.9501385032947809
816 -0.9510657759018096
817 -0.9550833323630737
818 -0.9549858149113748
819 -0.9540648320109852
820 -0.9532939287402281
821 -0.9524313062973928
822 -0.9526480939193944
823 -0.951708859726696
824 -0.952398664345151
825 -0.9525202677827893
826 -0.9541031037418952
827 -0.9560991353034397
828 -0.9551905066602759
829 -0.9543736154085477
830 -0.9535654651292835
831 -0.952513590732995
832 -0.9552379303271524
833 -0.9542820970175647
834 -0.955213251007761
835 -0.9544723487096632
836 -0.9535264379153269
837 -0.9524139264173441
838 -0.9515399980894457
839 -0.9531218525004508
840 -0.9559427672575804
841 -0.956177221008717
842 -0.9559051703480282
843 -0.9556735658229352
844 -0.9554323990855772
845 -0.9545632569593262
846 -0.9539889557480847
847 -0.9554029711079042
848 -0.9551801302158361
849 -0.9544073829999977
850 -0.9553279045947334
851 -0.9543239536216935
852 -0.9544407375126273
853 -0.9533394222570297
854 -0.9524807463219036
855 -0.9518854091194464
856 -0.9512901367928623
857 -0.951297802137713
858 -0.9516615768772982
859 -0.9508875322368807
860 -0.9534608814410519
861 -0.9525768190393015
862 -0.9515089951606852
863 -0.9537178350036245
864 -0.952645148980621
865 -0.9515757508446715
866 -0.9511156656260992
867 -0.9503434890367718
868 -0.9498556330542548
869 -0.9491740813000842
870 -0.9481063148392171
871 -0.9477012204295013
872 -0.9468842866817712
873 -0.9458724800881344
874 -0.9480052696566525
875 -0.9469491028828281
876 -0.9460859483482155
877 -0.9463716995187673
878 -0.9453787557941974
879 -0.946254478248347
880 -0.9453697190747004
881 -0.9446040326000004
882 -0.9440079759215079
883 -0.9429557793283263
884 -0.943084812408094
885 -0.9420536934582274
886 -0.9414335011555046
887 -0.9407578740602835
888 -0.9409495217836806
889 -0.9400042359915188
890 -0.9393659232131969
891 -0.9406557730111627
892 -0.9398537119234507
893 -0.9411066017746675
894 -0.9403054269095279
895 -0.9398318502084253
896 -0.9390031848961371
897 -0.9382600789877235
898 -0.937294575247814
899 -0.9362643958723071
900 -0.9353276638034731
901 -0.9369178880574585
902 -0.9377075219475262
903 -0.9407666785485738
904 -0.9403599547974321
905 -0.9393339442799269
906 -0.9384879461339537
907 -0.9386443754693015
908 -0.9399333199104581
909 -0.9391998423425311
910 -0.9392469122207591
911 -0.9399596192658307
912 -0.9401880100455233
913 -0.9406229366302523
914 -0.9400078859730446
915 -0.939196632470671
916 -0.9422057416782141
917 -0.9417993348343714
918 -0.9408091473086759
919 -0.9409478468449545
920 -0.9401630196416669
921 -0.9391653987353549
922 -0.9421895938115336
923 -0.9415432079589219
924 -0.941519002617615
925 -0.9408622789201704
926 -0.9400563485916407
927 -0.9391660259889907
928 -0.9385753497220415
929 -0.9377554197353587
930 -0.9413497250947741
931 -0.9411356945038962
932 -0.9401789075942798
933 -0.9391946101447394
934 -0.9387359127194902
935 -0.9378382907512991
936 -0.9368683171088401
937 -0.936055398819493
938 -0.9369228905630804
939 -0.9359468721206418
940 -0.9373369351960719
941 -0.9363802218597924
942 -0.9354845119932876
943 -0.9352618429003914
944 -0.9342838929516216
945 -0.9334671533415242
946 -0.9327929275854634
947 -0.9357251427485485
948 -0.9367986780548083
949 -0.9377688630606716
950 -0.9392090682097172
951 -0.939123371809909
952 -0.9388156661082905
953 -0.9382308042429364
954 -0.9373122446387382
955 -0.9397145239041426
956 -0.9399992711569288
957 -0.9390880186441612
958 -0.9384833423378012
959 -0.9375562331949023
960 -0.9386959284272355
961 -0.9384135114887688
962 -0.9376337722354334
963 -0.93668122087467
964 -0.9358911647758914
965 -0.9350256104311795
966 -0.9362887945990261
967 -0.9367475367643348
968 -0.937905178436132
969 -0.9386293235839459
970 -0.9386420621469463
971 -0.9380346827677055
972 -0.9405962577158654
973 -0.9411507903809783
974 -0.941608940926237
975 -0.9454950923262498
976 -0.9456351857525526
977 -0.9464880317190286
978 -0.9455668443094002
979 -0.9462820572342887
980 -0.9455141249663975
981 -0.9445665962652329
982 -0.9439711273020008
983 -0.9462630417376059
984 -0.9460637639995998
985 -0.9455839813663269
986 -0.9453617923158177
987 -0.9446253667244916
988 -0.945763576549557
989 -0.9448240180099637
990 -0.9457863301452664
991 -0.9450150475123997
992 -0.9450327781772602
993 -0.9442713974758398
994 -0.9448841152828884
995 -0.9453966622189361
996 -0.9470690313883754
997 -0.9474334449973424
998 -0.9498167765216682
999 -0.9489992203319574
1000 -0.949691463496536
1001 -0.9492927006930559
1002 -0.9486093486876723
1003 -0.9476897485205088
1004 -0.9467724773743417
1005 -0.9459260664732005
1006 -0.9466991845784972
1007 -0.9457677547582226
1008 -0.9469293415526091
1009 -0.9460037953263689
1010 -0.9450858430503545
1011 -0.9443446608650858
1012 -0.9434470930918978
1013 -0.9427730652539524
1014 -0.9422325667873745
1015 -0.9431604818381333
1016 -0.9449442022756901
1017 -0.9442895692100084
1018 -0.9434856528623033
1019 -0.9438099072427215
1020 -0.9429302141389937
1021 -0.9422941917798004
1022 -0.9435193303073967
1023 -0.9471330929389141
1024 -0.9462247905676122
1025 -0.9462391825774458
1026 -0.9478121422309261
1027 -0.9471496129227112
1028 -0.9474815956238977
1029 -0.9468957094866619
1030 -0.9462393472269539
1031 -0.9461331043517078
1032 -0.9454135518555363
1033 -0.9466015268162268
1034 -0.9457951535459975
1035 -0.9451726748522569
1036 -0.9443696691541353
1037 -0.9443508701294789
1038 -0.9451005893798907
1039 -0.9445420421858939
1040 -0.9436524657917639
1041 -0.943531155610398
1042 -0.9426632901884243
1043 -0.9419739505201078
1044 -0.9412872932835257
1045 -0.9428267337444225
1046 -0.9420062315108942
1047 -0.9411627833243128
1048 -0.9405105296790757
1049 -0.9409204182464512
1050 -0.9400400724856272
1051 -0.9431184175230215
1052 -0.9435916955471251
1053 -0.9457880868748935
1054 -0.9476046713742391
1055 -0.9472468119653127
1056 -0.9465708633255087
1057 -0.9458867910757746
1058 -0.9452216806328576
1059 -0.9495071109386057
1060 -0.9488731586418273
1061 -0.9481321059362252
1062 -0.947585052814994
1063 -0.9484651568823215
1064 -0.9499444260316222
1065 -0.9490927012899602
1066 -0.9484707106483181
1067 -0.9483877171866156
1068 -0.9475792007553931
1069 -0.9474104382089009
1070 -0.9469018369521424
1071 -0.9460325774481915
1072 -0.9471105896727071
1073 -0.9470389045085775
1074 -0.9462660797091211
1075 -0.9454396698528598
1076 -0.9450490638556576
1077 -0.9457506592114808
1078 -0.9452643243963994
1079 -0.9456894592070422
1080 -0.944830201213524
1081 -0.9440360860985244
1082 -0.9432396661281902
1083 -0.9425642756824334
1084 -0.9419972085595008
1085 -0.9419350757087637
1086 -0.9424756230849903
1087 -0.9425345475073448
1088 -0.9431685814146048
1089 -0.9432128948673496
1090 -0.9423596126411896
1091 -0.9415493703760569
1092 -0.9409600518483519
1093 -0.9403907927511513
1094 -0.9433810789175536
1095 -0.9453762770600651
1096 -0.9449597601014033
1097 -0.9442181435439977
1098 -0.9443304964675414
1099 -0.944033083623721
1100 -0.9442513642341576
1101 -0.9434111004561646
1102 -0.9425828015049768
1103 -0.9439282492478652
1104 -0.9433377814695131
1105 -0.9428345797086194
1106 -0.9420399054157368
1107 -0.9417527794514892
1108 -0.9409179079030314
1109 -0.9403806848181084
1110 -0.9433273841350063
1111 -0.9425489159601026
1112 -0.9432076985073417
1113 -0.9423698521188234
1114 -0.9415274936404026
1115 -0.9407170795317689
1116 -0.9406235946862254
1117 -0.9399101250353057
1118 -0.9390784677985242
1119 -0.9391085790479398
1120 -0.938321216825612
1121 -0.937541171325575
1122 -0.9376680343009286
1123 -0.9368599665273256
1124 -0.9378644455298019
1125 -0.9389409796748724
1126 -0.9385200055340077
1127 -0.9413974461064715
1128 -0.9419991309900689
1129 -0.9412066808454627
1130 -0.9408117118386338
1131 -0.9403952007308753
1132 -0.9407835078574618
1133 -0.939956818544943
1134 -0.9401083407751933
1135 -0.9395008108389896
1136 -0.9396410482885598
1137 -0.9388343686432059
1138 -0.938416478305528
1139 -0.9376460770492567
1140 -0.9369112039062505
1141 -0.9361404654248328
1142 -0.9356938561048659
1143 -0.9351778105923895
1144 -0.9343707127577195
1145 -0.9335754173645123
1146 -0.9328329705159435
1147 -0.9370862267933358
1148 -0.9367514685707374
1149 -0.9360145424935218
1150 -0.9352057328107565
1151 -0.9347490336807472
1152 -0.9369931188347336
1153 -0.9377832137119325
1154 -0.9370725200329124
1155 -0.9374055069762391
1156 -0.9366262663948546
1157 -0.9387413379265351
1158 -0.9379721342687316
1159 -0.9402767307799216
1160 -0.9416764504019299
1161 -0.9408752130742388
1162 -0.9401269862708826
1163 -0.9395007788726575
1164 -0.9400955411834367
1165 -0.9393236985286226
1166 -0.9387801079212098
1167 -0.9383452421296851
1168 -0.9375525848550901
1169 -0.9369496039000966
1170 -0.9362013177771089
1171 -0.9355591424636663
1172 -0.9376236135267204
1173 -0.9378140781675001
1174 -0.9370321782013906
1175 -0.9371331985247262
1176 -0.9376014418643424
1177 -0.9382846907727553
1178 -0.9375149094134392
1179 -0.9374118988292388
1180 -0.9374187856454844
1181 -0.9366747069233282
1182 -0.9389449444736548
1183 -0.9382970903717479
1184 -0.937529165379552
1185 -0.9373842508292399
1186 -0.9384971771948354
1187 -0.9381479205471082
1188 -0.9373897185975604
1189 -0.9374481661509976
1190 -0.9366857731151356
1191 -0.937277784586691
1192 -0.9365055817273139
1193 -0.9358103333379877
1194 -0.9354055794314723
1195 -0.9348638730941956
1196 -0.9341006366719794
1197 -0.9345105875520006
1198 -0.9364278298602106
1199 -0.9357637100502711
1200 -0.9352264059723044
1201 -0.9344616468319612
1202 -0.9341295570795255
1203 -0.9338218674809979
1204 -0.9340677253942181
1205 -0.9347647733723597
1206 -0.9340199429192774
1207 -0.934471091693815
1208 -0.9360059827754261
1209 -0.935253101552785
1210 -0.9366628485770265
1211 -0.9377759806781047
1212 -0.9370609653726367
1213 -0.93655780904296
1214 -0.9360170283920977
1215 -0.9385134983516524
1216 -0.9378226070272687
1217 -0.937069041294795
1218 -0.9372024489337294
1219 -0.9368297434408123
1220 -0.9380435819203248
1221 -0.9376526621096355
1222 -0.9370300580492874
1223 -0.9362834392637868
1224 -0.9373770095042738
1225 -0.9366494248533735
1226 -0.935901106368647
1227 -0.9353045249842077
1228 -0.9352561611521395
1229 -0.9345302013763696
1230 -0.9340623194745522
1231 -0.9336518249349633
1232 -0.9329724674454781
1233 -0.9322571329249784
1234 -0.9335477076051228
1235 -0.9329860391117903
1236 -0.9322931560669637
1237 -0.9315879034855694
1238 -0.9322383921090904
1239 -0.9335432244303897
1240 -0.934727456611431
1241 -0.9343255701355522
1242 -0.9368009006472577
1243 -0.9382630192201917
1244 -0.9375296580003293
1245 -0.9374276854367142
1246 -0.9369134952405387
1247 -0.9378882247623005
1248 -0.9374114439213792
1249 -0.9374993530760487
1250 -0.9370923063695431
1251 -0.9368135465932883
1252 -0.9378285771682144
1253 -0.9380675309708569
1254 -0.9374219868896585
1255 -0.9377786731874326
1256 -0.9380974799548839
1257 -0.9373717360026607
1258 -0.9386152268605031
1259 -0.9378747327765117
1260 -0.9378767578219551
1261 -0.9372368809877113
1262 -0.9365023362558046
1263 -0.9357826908031274
1264 -0.9389503236132073
1265 -0.9397004561064389
1266 -0.9391070006232809
1267 -0.9398729469827078
1268 -0.9394920019723757
1269 -0.9395160115477347
1270 -0.9393448293047745
1271 -0.9387593251366512
1272 -0.9405815416563349
1273 -0.9398715846278564
1274 -0.941404270974618
1275 -0.9426152958574833
1276 -0.9438379244356296
1277 -0.9431261282775933
1278 -0.9426831070884643
1279 -0.9446262491676167
1280 -0.9453024321686826
1281 -0.9450787055952464
1282 -0.94485493080891
1283 -0.9441239456700586
1284 -0.943434185022053
1285 -0.9427113529896284
1286 -0.9441789111150009
1287 -0.9435669422365303
1288 -0.9428756204209585
1289 -0.9439338365702653
1290 -0.9447616703324597
1291 -0.9472236098233959
1292 -0.9475628571741963
1293 -0.94790824591229
1294 -0.947198214215965
1295 -0.9468360071901132
1296 -0.9461712621369422
1297 -0.9454531694777488
1298 -0.9448389527954747
1299 -0.9441300001457116
1300 -0.9434218014819691
1301 -0.9444448649811685
1302 -0.94401311766093
1303 -0.9447933092516084
1304 -0.9459151761089252
1305 -0.945243777316135
1306 -0.9446936687739825
1307 -0.943973327966588
1308 -0.9435713194308529
1309 -0.9428668803516903
1310 -0.9425170334230198
1311 -0.9436847390688694
1312 -0.9450231069097688
1313 -0.9470581955692084
1314 -0.9473993629433323
1315 -0.9467008087405149
1316 -0.9460923144580389
1317 -0.9456092865579678
1318 -0.9449866140188511
1319 -0.944637635668035
1320 -0.9448840152758005
1321 -0.9445162130062195
1322 -0.9438620931704905
1323 -0.9431924010550945
1324 -0.9427530753353802
1325 -0.9423029024621367
1326 -0.9418623813517184
1327 -0.9412720038305713
1328 -0.9408746908607483
1329 -0.9403182380801898
1330 -0.9400924826562544
1331 -0.939658156791695
1332 -0.9389707444647506
1333 -0.9392804921861803
1334 -0.9399535251502785
1335 -0.9409403489661937
1336 -0.9418797387137122
1337 -0.9414060880714246
1338 -0.9414066840607049
1339 -0.942675335526458
1340 -0.946017765632219
1341 -0.9453364834387347
1342 -0.9450305186121152
1343 -0.9452452851478107
1344 -0.9449276254166589
1345 -0.9446203169911462
1346 -0.9439322174395979
1347 -0.9459719314522013
1348 -0.9452852769537196
1349 -0.9446155190971122
1350 -0.9439635550110015
1351 -0.9444839705121624
1352 -0.9438599476100982
1353 -0.9437160790809799
1354 -0.9437375099221423
1355 -0.9430556368746028
1356 -0.9424745412533114
1357 -0.9419454511274928
1358 -0.9417868864318611
1359 -0.9414421223981869
1360 -0.941206365129705
1361 -0.9421152036810194
1362 -0.9417848965216691
1363 -0.9411163918898794
1364 -0.9416464996511182
1365 -0.9424503608709099
1366 -0.9418881799180966
1367 -0.9420484089130439
1368 -0.943154306798065
1369 -0.9430364892039778
1370 -0.9423604823122087
1371 -0.9433507227799417
1372 -0.9429570605653221
1373 -0.9422841184699293
1374 -0.9416088842630272
1375 -0.9409753170592541
1376 -0.9407536497181904
1377 -0.9402196654842283
1378 -0.9396096906284781
1379 -0.9419427406163704
1380 -0.9414012721196438
1381 -0.9408930837389845
1382 -0.9402248809587846
1383 -0.9395836152736332
1384 -0.9390371924160571
1385 -0.9396998771230962
1386 -0.9390451504239439
1387 -0.9410455485113588
1388 -0.9403919589377655
1389 -0.9408562340192991
1390 -0.94019004102267
1391 -0.9396492325945869
1392 -0.9394920618629924
1393 -0.9390190152798386
1394 -0.9385884701995209
1395 -0.9382488334908627
1396 -0.9400327503257551
1397 -0.9394146049013208
1398 -0.9387472845885093
1399 -0.9389008306711779
1400 -0.938553153732459
1401 -0.9379460188642618
1402 -0.9387443087627705
1403 -0.9381597667958399
1404 -0.9376171528851942
1405 -0.9374957214878521
1406 -0.9371280694949397
1407 -0.936638608552031
1408 -0.9367469133983171
1409 -0.9385613948090241
1410 -0.9380242037524119
1411 -0.9375941319642608
1412 -0.9377280001435561
1413 -0.9384840567911311
1414 -0.9393749986212079
1415 -0.9387270982976174
1416 -0.9394861853672954
1417 -0.9388963535540437
1418 -0.9385272587931286
1419 -0.9384702648005991
1420 -0.9378154509750024
1421 -0.9372228478431508
1422 -0.9367412231720423
1423 -0.9361155666263665
1424 -0.9370950917341208
1425 -0.9365575468994416
1426 -0.9362150595610279
1427 -0.9378842149062321
1428 -0.9373748821949232
1429 -0.9379640437484679
1430 -0.9373206141876982
1431 -0.9371947321183667
1432 -0.9374563507043091
1433 -0.9372687763560483
1434 -0.9388951566443756
1435 -0.9384769171719741
1436 -0.9379025539289252
1437 -0.9372647665684074
1438 -0.9366207790184735
1439 -0.936361122914267
1440 -0.9359633989674169
1441 -0.9354795358501798
1442 -0.9351253543354586
1443 -0.9346660276192704
1444 -0.934180413911034
1445 -0.9336569723209115
1446 -0.9336136546373022
1447 -0.934379331622422
1448 -0.9342052222204457
1449 -0.9335703156111419
1450 -0.9343893490844117
1451 -0.9340428290635137
1452 -0.9341171546476783
1453 -0.9357047781706528
1454 -0.9350681411518115
1455 -0.9344327839427464
1456 -0.9343057687104562
1457 -0.934517035238744
1458 -0.9338943162273146
1459 -0.9340565530982218
1460 -0.9345063925959961
1461 -0.9341595166912309
1462 -0.9337871797665032
1463 -0.934147410634243
1464 -0.9336354018343598
1465 -0.9349504748248072
1466 -0.9346653390901308
1467 -0.934145682707528
1468 -0.9342764729239955
1469 -0.934227815684986
1470 -0.9336117824815138
1471 -0.9338983403595403
1472 -0.9356589076073167
1473 -0.9351352246845545
1474 -0.9346973297133754
1475 -0.9347096046739084
1476 -0.9347796460703838
1477 -0.9360833811679616
1478 -0.9355013197894726
1479 -0.9357421318351834
1480 -0.9365784615262512
1481 -0.9360269067402122
1482 -0.9354268844008783
1483 -0.934997669670138
1484 -0.9343784773139273
1485 -0.933829765040302
1486 -0.9362278217998175
1487 -0.9368426265791885
1488 -0.9362195461637326
1489 -0.9357731303095672
1490 -0.9352836741406421
1491 -0.9361013144184102
1492 -0.9382965180922385
1493 -0.9398073876723871
1494 -0.9392421398086815
1495 -0.9386271506756619
1496 -0.9381816229508457
1497 -0.9377386525292609
1498 -0.9390110850084862
1499 -0.9395692763515214
1500 -0.9404805353392537
1501 -0.9398662815094466
1502 -0.9394638591583014
1503 -0.9388505233571315
1504 -0.9385851377969919
1505 -0.938891261803339
1506 -0.9386216428246508
1507 -0.9381226549847713
1508 -0.9375083554843046
1509 -0.9370625387248321
1510 -0.9371982666080978
1511 -0.9376098339681339
1512 -0.9379738720676556
1513 -0.9374032178878297
1514 -0.9378091143275017
1515 -0.9372037270850204
1516 -0.9371771902650089
1517 -0.9381229823032221
1518 -0.9375278041461833
1519 -0.9378441551321942
1520 -0.9389626708791566
1521 -0.9386580526797538
1522 -0.9382440152063442
1523 -0.9376819762315672
1524 -0.9375816755356717
1525 -0.9379194899492699
1526 -0.9389183071724518
1527 -0.9383329208272423
1528 -0.9398033904251204
1529 -0.939398107026016
1530 -0.9387940919303694
1531 -0.9415649428527503
1532 -0.9409682349549295
1533 -0.9404491538376913
1534 -0.9402905439899085
1535 -0.9396985310026678
1536 -0.9397302552555024
1537 -0.9393657827619573
1538 -0.9387734384201492
1539 -0.9382707072555646
1540 -0.9385053804056573
1541 -0.9382422308311819
1542 -0.937727850397696
1543 -0.93747206393307
1544 -0.9376907903068322
1545 -0.9372005471504598
1546 -0.9368233088133459
1547 -0.9366770903357143
1548 -0.9361153356956549
1549 -0.9356441460991743
1550 -0.936184149339735
1551 -0.9380561645355299
1552 -0.9388401807251641
1553 -0.9384679127774211
1554 -0.9384529381313815
1555 -0.9407301377765594
1556 -0.941136016037284
1557 -0.9416473909585056
1558 -0.9411579078820741
1559 -0.940564514641101
1560 -0.9412624395628555
1561 -0.9416231305504302
1562 -0.9423896744188456
1563 -0.9430018449669927
1564 -0.9429729124516263
1565 -0.9423947554316741
1566 -0.9436206419391399
1567 -0.9450586239894081
1568 -0.9457583575570666
1569 -0.9454006380876413
1570 -0.944837634133436
1571 -0.9442699194594122
1572 -0.9445109485702485
1573 -0.9439443383429221
1574 -0.9433504056864154
1575 -0.9427655070697859
1576 -0.9422364621881164
1577 -0.9423798594488565
1578 -0.9419467018829264
1579 -0.9414225046102965
1580 -0.9408476635893288
1581 -0.9415723602923669
1582 -0.9435913055913238
1583 -0.943179798525754
1584 -0.9453004756739547
1585 -0.9457074267710397
1586 -0.9455095640877509
1587 -0.944928116815619
1588 -0.9445586517340004
1589 -0.946278491711843
1590 -0.9460139358717854
1591 -0.9454256790347098
1592 -0.9458683247361496
1593 -0.9457111027175344
1594 -0.9468433254978583
1595 -0.9477234042967818
1596 -0.9471487127122513
1597 -0.9466207874206968
1598 -0.9467717197561084
1599 -0.9476010128724656
1600 -0.9470468892119243
1601 -0.9478125692790794
1602 -0.9503754532105928
1603 -0.951057895595941
1604 -0.9521905915063232
1605 -0.953475759033044
1606 -0.9529896476738048
1607 -0.9526201121114408
1608 -0.9520638303246827
1609 -0.9515149852349507
1610 -0.9510157382691291
1611 -0.9524848770883806
1612 -0.9525177199679494
1613 -0.9527322258312377
1614 -0.9521554963904995
1615 -0.9518930383381252
1616 -0.9513210136103928
1617 -0.950753998785149
1618 -0.9505753736037585
1619 -0.9502791277002923
1620 -0.9497268680595207
1621 -0.9502066410753364
1622 -0.949654143762691
1623 -0.9497373334587754
1624 -0.9494110860450656
1625 -0.9488919859892474
1626 -0.9486905504129758
1627 -0.9482295198870345
1628 -0.9476757170194852
1629 -0.9493320180526823
1630 -0.9487803037429765
1631 -0.9485032024403895
1632 -0.9482828677679279
1633 -0.9485920767176643
1634 -0.9480299324118117
1635 -0.9474592322178914
1636 -0.9475162407747085
1637 -0.9472129214711478
1638 -0.9491020901858129
1639 -0.9499718518260027
1640 -0.9503597969084229
1641 -0.9521204345890234
1642 -0.9515552055484862
1643 -0.9522022162813509
1644 -0.952065992140474
1645 -0.9526079003670817
1646 -0.9540867293907052
1647 -0.9537371561419203
1648 -0.956444590715002
1649 -0.9558695644773362
1650 -0.9556360410235709
1651 -0.9550757604472899
1652 -0.9550012479185016
1653 -0.9548046941845297
1654 -0.955976548723194
1655 -0.9554210571456825
1656 -0.9551362381162063
1657 -0.9570625799839589
1658 -0.9567233541998922
1659 -0.9576585458896407
1660 -0.9571342410679615
1661 -0.9565663516416603
1662 -0.9588369423017538
1663 -0.9584483371146463
1664 -0.958044355502632
1665 -0.9575956516977477
1666 -0.9580843042034995
1667 -0.9575348871002498
1668 -0.9578388640123846
1669 -0.9577077599886834
1670 -0.957736964695836
1671 -0.9581170184668745
1672 -0.9577435868233554
1673 -0.9578668248942105
1674 -0.9596444761479026
1675 -0.9602115219767525
1676 -0.9597316426750125
1677 -0.9599136537544598
1678 -0.9594376819839321
1679 -0.9602485805899105
1680 -0.9597770013915752
1681 -0.959337518827193
1682 -0.9591463491629021
1683 -0.9588123960439857
1684 -0.9591334453253563
1685 -0.9586527501111325
1686 -0.9580974486932128
1687 -0.9576384001969077
1688 -0.9591087263634195
1689 -0.9586175371630281
1690 -0.959732992117453
1691 -0.9591838642329722
1692 -0.9598215374488485
1693 -0.9594219796047632
1694 -0.9592332827422654
1695 -0.9591712503781911
1696 -0.9588978820129513
1697 -0.958353090815358
1698 -0.9599571492233905
1699 -0.9615590931831794
1700 -0.9615411647159935
1701 -0.9612034440343364
1702 -0.9610211391378956
1703 -0.9606593280685579
1704 -0.9607730890231255
1705 -0.9602216372919157
1706 -0.9596813697816099
1707 -0.9592744915191833
1708 -0.9589417074161933
1709 -0.9593569052747886
1710 -0.9593691778355632
1711 -0.9589344411546801
1712 -0.9592528335609208
1713 -0.9586979007254361
1714 -0.9582143109935676
1715 -0.958151550309966
1716 -0.9576041890378273
1717 -0.957514395271512
1718 -0.9571404914548935
1719 -0.9587034268785266
1720 -0.9586975218785039
1721 -0.9583689502385195
1722 -0.9578166459670829
1723 -0.9587943032567697
1724 -0.9593962718227018
1725 -0.9588480096132211
1726 -0.9591930325786224
1727 -0.9609094281995277
1728 -0.9610138786811149
1729 -0.9610664872980492
1730 -0.960543950163151
1731 -0.9602347899326256
1732 -0.9607277804147882
1733 -0.9619806446828296
1734 -0.9623530175490681
1735 -0.9618282041439964
1736 -0.9614706597583849
1737 -0.9609620945129241
1738 -0.9604710949883851
1739 -0.9607098695151015
1740 -0.9601631763771219
1741 -0.9614730675992037
1742 -0.9615820702149326
1743 -0.9639114578245438
1744 -0.9633617212960108
1745 -0.9629450963593934
1746 -0.9624155472864302
1747 -0.9619018318391185
1748 -0.9634484920751418
1749 -0.9650437948368532
1750 -0.9645812622162381
1751 -0.9640409423297389
1752 -0.9652020679204725
1753 -0.9659960128197471
1754 -0.9664318823611879
1755 -0.9663997168949887
1756 -0.968090314092698
1757 -0.9679507812711436
1758 -0.9674049756943701
1759 -0.9676566312405651
1760 -0.9683988789305493
1761 -0.9686388691238348
1762 -0.9680964430341144
1763 -0.9689095077576074
1764 -0.968611017272643
1765 -0.9684901433669706
1766 -0.968061723141738
1767 -0.9685033795056969
1768 -0.9679902813361001
1769 -0.968235547203937
1770 -0.9679794721155411
1771 -0.9676208882776675
1772 -0.9670856200612169
1773 -0.9670135469067668
1774 -0.9668955580289912
1775 -0.9664208834615706
1776 -0.9659269694372622
1777 -0.9656784644774405
1778 -0.9651447535291863
1779 -0.9668297771049822
1780 -0.9675272000699796
1781 -0.9679170757307787
1782 -0.9674122715564852
1783 -0.9668891616580894
1784 -0.9666800416247489
1785 -0.9662616895086521
1786 -0.9658642465022913
1787 -0.9657464762933335
1788 -0.967562737520232
1789 -0.9690430945687646
1790 -0.9706883743881409
1791 -0.970156282113448
1792 -0.9714834244490963
1793 -0.9722083519208746
1794 -0.9721971971303154
1795 -0.9718658493523042
1796 -0.9713787614678516
1797 -0.9708412434142881
1798 -0.9710539623388442
1799 -0.9712195600755202
1800 -0.9715734047597895
1801 -0.9722880213317161
1802 -0.9719343690085871
1803 -0.971525063000607
1804 -0.9714825804564201
1805 -0.9709630567642378
1806 -0.9704531535974488
1807 -0.9699348193775258
1808 -0.9695080763967379
1809 -0.9690354935312103
1810 -0.9698851368055571
1811 -0.9698981253377793
1812 -0.9698039126524879
1813 -0.9694738406318117
1814 -0.9689485518797788
1815 -0.9684295488372651
1816 -0.9679233019510981
1817 -0.96771000860588
1818 -0.968848941507529
1819 -0.969019806234718
1820 -0.9685496197604052
1821 -0.9680971557572116
1822 -0.9675713628918979
1823 -0.9672505096749525
1824 -0.9668734289048109
1825 -0.9663547113792945
1826 -0.9658405173341422
1827 -0.9653205454541186
1828 -0.9648064576166823
1829 -0.9643409956875982
1830 -0.9639334303413422
1831 -0.9634195509830064
1832 -0.9629057945844242
1833 -0.9625192564143406
1834 -0.9620049456652404
1835 -0.9615898611191508
1836 -0.9613493108038419
1837 -0.9622145166086256
1838 -0.9619766793926211
1839 -0.9624516618209665
1840 -0.9621283283781098
1841 -0.9616344212425396
1842 -0.9618706655012086
1843 -0.9613573906808784
1844 -0.962817366224857
1845 -0.9623429650900164
1846 -0.9618360003938783
1847 -0.9613185006425261
1848 -0.9608470535478293
1849 -0.9603759196963163
1850 -0.9605406342567624
1851 -0.9609028125037895
1852 -0.9605183387517157
1853 -0.9626230650410031
1854 -0.9621173069363274
1855 -0.9619816407601467
1856 -0.9614757762635769
1857 -0.9611282511165403
1858 -0.9613263113113407
1859 -0.9614487227980266
1860 -0.9610812427656305
1861 -0.9606704840467605
1862 -0.9614183116988324
1863 -0.9638086020970498
1864 -0.9653513965360788
1865 -0.9648499994940716
1866 -0.9644603127641613
1867 -0.9640869029937786
1868 -0.9641896315922112
1869 -0.9644070979837606
1870 -0.9639020920118546
1871 -0.9637496360860872
1872 -0.9647935635577409
1873 -0.9643853656346952
1874 -0.963897969997155
1875 -0.9648772549053033
1876 -0.9663653403325979
1877 -0.965861318423574
1878 -0.9658963360582677
1879 -0.9653952664528647
1880 -0.9648906285181007
1881 -0.9645830070137471
1882 -0.9641105966022937
1883 -0.9664737161009538
1884 -0.9664965691578806
1885 -0.9668705600128565
1886 -0.9674836709534439
1887 -0.966987734531197
1888 -0.9677475773812256
1889 -0.9673475354393207
1890 -0.9669864247341162
1891 -0.9672615197400988
1892 -0.9672982725108055
1893 -0.9667982309918931
1894 -0.9664104166986478
1895 -0.9666230149763713
1896 -0.968534170412203
1897 -0.9680528697480669
1898 -0.9683768148970711
1899 -0.9683487434322706
1900 -0.9690875130127135
1901 -0.9686134267443578
1902 -0.9684476944099872
1903 -0.9679456589766986
1904 -0.9677227755970353
1905 -0.967292811233169
1906 -0.9682714479363642
1907 -0.9678370118024943
1908 -0.9673387947784194
1909 -0.9684921537124443
1910 -0.9680012673710068
1911 -0.9675118163396658
1912 -0.9672246294950474
1913 -0.9669141236773482
1914 -0.9664582373733003
1915 -0.9667044176100011
1916 -0.9668139026063788
1917 -0.9663205217675976
1918 -0.9664543376719856
1919 -0.9666619966148267
1920 -0.9664083403375117
1921 -0.966035073379201
1922 -0.9657822503518356
1923 -0.9659499779021057
1924 -0.9656059132369038
1925 -0.9651175373536233
1926 -0.9656663141184344
1927 -0.9653548623165034
1928 -0.9656503863794018
1929 -0.965368131423314
1930 -0.9654974626420655
1931 -0.9653341562411464
1932 -0.9650856500802905
1933 -0.9653920976818957
1934 -0.9650431154223569
1935 -0.9648354586372657
1936 -0.9643902532570642
1937 -0.9639122867370173
1938 -0.9634205990714109
1939 -0.9640055650344687
1940 -0.9636116239011825
1941 -0.9632299539615342
1942 -0.9636900379484563
1943 -0.9641534252580192
1944 -0.9646075988454752
1945 -0.964118554653327
1946 -0.965639337048773
1947 -0.9664389267233767
1948 -0.9662745400313747
1949 -0.9665738398566643
1950 -0.9665974950728317
1951 -0.967141347191655
1952 -0.9676528020898361
1953 -0.9671671151780107
1954 -0.9668058406551128
1955 -0.9663592957765283
1956 -0.9659015090059078
1957 -0.9662873141175373
1958 -0.9660425110685851
1959 -0.9658851900131781
1960 -0.9659738947261999
1961 -0.9655032387993041
1962 -0.9661701287277742
1963 -0.9666129709266494
1964 -0.9663906940197394
1965 -0.9659475054985277
1966 -0.965710129577947
1967 -0.9652315474564639
1968 -0.9653654388673566
1969 -0.9657525551884254
1970 -0.9666597523074124
1971 -0.9669601062675612
1972 -0.9665020591353631
1973 -0.96638036636495
1974 -0.9659011737668081
1975 -0.966467466281279
1976 -0.9669941496504622
1977 -0.9665192533345666
1978 -0.9660425250441085
1979 -0.9669733840606056
1980 -0.966509824948423
1981 -0.9660974510906359
1982 -0.9674530030899201
1983 -0.9673460665258964
1984 -0.9674500828226765
1985 -0.9694739080294591
1986 -0.9691618056794346
1987 -0.9689197051425562
1988 -0.9715832467748403
1989 -0.9712923721229126
1990 -0.9708634356706024
1991 -0.9709034890468765
1992 -0.9709963973814502
1993 -0.9712855126180701
1994 -0.9708875577281245
1995 -0.9704854511177368
1996 -0.9700109769813231
1997 -0.9695543499670934
1998 -0.9692622393344503
1999 -0.9687834765837565
2000 -0.9683050610646605
