n: 9, k: 2000, y: (((...)))
Exact value (full):  -0.11253852788790605
Jensen value (full):  -0.2028937283122347
Second Order Approximation (full):  0.0
1 -0.2903653085231781
2 -0.157066335901618
3 -0.23454747969905534
4 -0.26051925402134657
5 -0.21043407320976257
6 -0.1755546029501905
7 -0.15753714334485786
8 -0.1439502562279813
9 -0.1281303476361144
10 -0.18808711568126454
11 -0.1769613849358972
12 -0.16247847324120812
13 -0.15044804781567878
14 -0.14723623548135428
15 -0.1375398349482566
16 -0.12912325673096348
17 -0.15011792253319392
18 -0.14373618732982626
19 -0.13656027403071916
20 -0.1301359855919145
21 -0.14008130854927003
22 -0.13447602519723165
23 -0.12994481512831282
24 -0.13094607696984895
25 -0.13822806674055754
26 -0.13365224106774592
27 -0.12879507276402027
28 -0.13965985370201192
29 -0.14025269119582814
30 -0.13673247451273104
31 -0.13447799466009583
32 -0.1330860725574894
33 -0.1291587903996873
34 -0.1353256360915325
35 -0.13985266177915037
36 -0.1388481270017413
37 -0.13522701049097688
38 -0.13184937803491362
39 -0.12851968363452798
40 -0.12935275280615316
41 -0.1270041537879989
42 -0.12518614250057863
43 -0.12232756336912685
44 -0.12102324244121766
45 -0.118711405656197
46 -0.11630736934729731
47 -0.11386692630959318
48 -0.11189691842688869
49 -0.1099258773789114
50 -0.10957108348608018
51 -0.10747750297499199
52 -0.10716454058330363
53 -0.10548702339676894
54 -0.10378706952367255
55 -0.10220555734651332
56 -0.12620958596484602
57 -0.12421008467821307
58 -0.12224093187552203
59 -0.12084959086299069
60 -0.11890519493026659
61 -0.11698489094946961
62 -0.13869412852481247
63 -0.13716080420399232
64 -0.1350568214256782
65 -0.13537327650074776
66 -0.1333480782006077
67 -0.13171007891651243
68 -0.13003256787059775
69 -0.1281955430800419
70 -0.1285886620520614
71 -0.12765988788377283
72 -0.1324984977335488
73 -0.13115124967848651
74 -0.1294118016218842
75 -0.12780751750028382
76 -0.12668639196138093
77 -0.13116518679141467
78 -0.13004026576452768
79 -0.12894527086121607
80 -0.12740652389038587
81 -0.12590114339570987
82 -0.12440808106457996
83 -0.12310844025131405
84 -0.1224752541539991
85 -0.12104670871733962
86 -0.1341948524120177
87 -0.13288212213906106
88 -0.1315816701350162
89 -0.13016070687248674
90 -0.12972749548369192
91 -0.12832567085906005
92 -0.12695617210651425
93 -0.12918898188984723
94 -0.13498698030425077
95 -0.13361534413170853
96 -0.13225514801767227
97 -0.13102088219692604
98 -0.13657253201485478
99 -0.1355368041191156
100 -0.14116958178696223
101 -0.1431720366731452
102 -0.14219123599982328
103 -0.14397493330422717
104 -0.14269987766098124
105 -0.14356785601204528
106 -0.14254312951860176
107 -0.14466457169994748
108 -0.1433543859543365
109 -0.14207175150919502
110 -0.140805783581031
111 -0.1456375959599894
112 -0.1468588377060119
113 -0.14593913328763822
114 -0.15157175634419873
115 -0.1511419223226688
116 -0.15121624691126836
117 -0.15010999272175485
118 -0.14944980118396076
119 -0.14821084186986497
120 -0.14754098826573075
121 -0.1463424372477149
122 -0.14883363625076676
123 -0.14772376642520804
124 -0.14667980215463397
125 -0.14553421982843429
126 -0.14491244183487392
127 -0.14561471463030748
128 -0.1445037670828242
129 -0.14368437834593012
130 -0.1426047880265217
131 -0.14185211532269357
132 -0.14131385373625424
133 -0.1402973590157856
134 -0.13942571591026387
135 -0.13855620148608944
136 -0.13756751993873073
137 -0.13661224283464932
138 -0.13563865171222395
139 -0.13731493931280436
140 -0.13635392250143924
141 -0.13566254042270626
142 -0.13505689665907994
143 -0.13487358503222752
144 -0.13395606502389354
145 -0.13310696073920178
146 -0.134503017164518
147 -0.1438058813642647
148 -0.14360167405558624
149 -0.14264531531949345
150 -0.14690191932876284
151 -0.14594306284330463
152 -0.14511121478081854
153 -0.14444736782780976
154 -0.1435178929067507
155 -0.1426998094107295
156 -0.14386894056224264
157 -0.14324450442066214
158 -0.1466607819863925
159 -0.14592911805825765
160 -0.14783477751989266
161 -0.1472278548692359
162 -0.14633584648505843
163 -0.14600260437400497
164 -0.14643642143275384
165 -0.14596993774669528
166 -0.14515782168334215
167 -0.14468276396346375
168 -0.14383175975083196
169 -0.14325785135833777
170 -0.1426232221960912
171 -0.1418017327556746
172 -0.1411845199926215
173 -0.14040063726419658
174 -0.13980182645649747
175 -0.1394865262082645
176 -0.13870252710528969
177 -0.13793264297337013
178 -0.13760480139760323
179 -0.14060103915652583
180 -0.13999298145063221
181 -0.1392271791138424
182 -0.13850669062678486
183 -0.14660674275873647
184 -0.1458254217292921
185 -0.14506335813061308
186 -0.14430495734158802
187 -0.14363358077222113
188 -0.14305378196505888
189 -0.14427140340388867
190 -0.14352506877866722
191 -0.14293007452482193
192 -0.14218935214527542
193 -0.14157611685907565
194 -0.140941291541334
195 -0.14182125157348285
196 -0.14117292560695205
197 -0.14046636916759664
198 -0.1397973417455561
199 -0.13910649683772253
200 -0.1384337623292231
201 -0.1378398079356174
202 -0.13716910945022212
203 -0.13844957892247362
204 -0.1378543863541506
205 -0.13723445248977487
206 -0.13666287841737604
207 -0.1360779324918198
208 -0.13680487894481091
209 -0.13775229149271898
210 -0.13739415611212497
211 -0.13833412053135236
212 -0.1377948186327901
213 -0.138556358234207
214 -0.13796779620880043
215 -0.13890768673817822
216 -0.13829834027570473
217 -0.13777085917723936
218 -0.13714417102111187
219 -0.13653137544664387
220 -0.13691754523606506
221 -0.1363295766746739
222 -0.13572846504629943
223 -0.13543484788184418
224 -0.13484667564651837
225 -0.13439757869087365
226 -0.13381027327196268
227 -0.13329948319069884
228 -0.13277588521560302
229 -0.13222654289225377
230 -0.1316617908049881
231 -0.13158602209573256
232 -0.13166323814923467
233 -0.13119236038635032
234 -0.13130210697552405
235 -0.13075286690269577
236 -0.1302183846584462
237 -0.1299583497528431
238 -0.12979262008868792
239 -0.12931227575423523
240 -0.1291512750450541
241 -0.12869299535230924
242 -0.12816982250299866
243 -0.12764652431324516
244 -0.127335190505589
245 -0.12682079474836094
246 -0.1265960409903683
247 -0.12611581002873923
248 -0.12563559074858918
249 -0.1257340544037592
250 -0.1252398278086912
251 -0.12475237264868384
252 -0.1242697387330866
253 -0.1238646901352055
254 -0.12344702574361197
255 -0.12303457543431946
256 -0.12291990101107331
257 -0.1224679562708468
258 -0.12200367579289871
259 -0.12153937511840965
260 -0.12108029275169918
261 -0.12071365668011073
262 -0.12031888672197771
263 -0.1217094440583738
264 -0.12125922565698574
265 -0.12082229398195368
266 -0.12045326108691506
267 -0.12162143948739952
268 -0.12135522721840047
269 -0.12094496300926114
270 -0.12050579286943604
271 -0.12032756998527595
272 -0.11989838685279691
273 -0.1197929386198333
274 -0.11937552052537272
275 -0.11895402294689451
276 -0.11864304500720566
277 -0.11822474010003771
278 -0.11795552614041965
279 -0.11758768550928943
280 -0.11738940899563853
281 -0.11706125138106249
282 -0.11677925623990497
283 -0.12151462605569426
284 -0.1213185294233279
285 -0.1209440522559657
286 -0.12063643668547852
287 -0.122562662014642
288 -0.12221131060606341
289 -0.12179370195291465
290 -0.12141546462642447
291 -0.12104119658866205
292 -0.12116538484605534
293 -0.1207571973837038
294 -0.12049248663896257
295 -0.12009400332650422
296 -0.1196996592973576
297 -0.11950037467175066
298 -0.11911569830071612
299 -0.11872734591839088
300 -0.12420933881328286
301 -0.12387399568065438
302 -0.12355407626103665
303 -0.12338461525443935
304 -0.12307315379381946
305 -0.12268280165563872
306 -0.122291535554717
307 -0.1219319362477369
308 -0.12393138268164981
309 -0.12353642065131519
310 -0.12314428061889034
311 -0.12275877208025958
312 -0.12239939523006353
313 -0.12203393625999286
314 -0.12165457260506495
315 -0.12137738176425623
316 -0.12108902990301523
317 -0.12074037286293567
318 -0.12038244963561348
319 -0.12001020700702164
320 -0.1196414677438952
321 -0.11931305463810965
322 -0.11901434801171118
323 -0.1189093243648967
324 -0.11855080291858075
325 -0.11922907747167091
326 -0.11886872529559997
327 -0.11859351900795657
328 -0.118335352115803
329 -0.11807018487433277
330 -0.11772466479980556
331 -0.11837950571397252
332 -0.11803696272983805
333 -0.11792818071896087
334 -0.11777117819240189
335 -0.1175031251244511
336 -0.11721153828226047
337 -0.11688740457631289
338 -0.11657832827837174
339 -0.1162426810109628
340 -0.11999900699781446
341 -0.1196588642130158
342 -0.11934525235906673
343 -0.119007278103266
344 -0.11866775273699394
345 -0.12043033351875383
346 -0.12009099387409666
347 -0.12035908246119655
348 -0.12019525030437167
349 -0.12004238024355983
350 -0.11970538549840318
351 -0.11939623789709894
352 -0.11996063352109393
353 -0.11967538527418166
354 -0.1193446911038439
355 -0.11903363446045903
356 -0.11870660694113938
357 -0.11838074848274321
358 -0.11805746081469232
359 -0.11816062541042317
360 -0.11784319696517842
361 -0.11752305353506032
362 -0.11737066415027272
363 -0.11723207549263208
364 -0.1189100396041285
365 -0.1185890078093308
366 -0.11836026176950853
367 -0.11814946776248987
368 -0.11795007170803729
369 -0.11770185301295509
370 -0.11749618721046687
371 -0.11747387277588092
372 -0.11727549468235349
373 -0.11699385762332637
374 -0.11673451564228038
375 -0.11645375369566803
376 -0.11615095862656202
377 -0.11585165704591249
378 -0.1155545553908543
379 -0.1152564816843131
380 -0.11500486170851601
381 -0.11835866591668862
382 -0.1183361444064277
383 -0.11999857941275832
384 -0.1197146352310483
385 -0.11949208061492023
386 -0.11925493195303716
387 -0.11896262945952038
388 -0.11866773840969491
389 -0.11844857309356567
390 -0.11825183415382456
391 -0.11795341801580132
392 -0.11771025503667817
393 -0.11777969920648139
394 -0.11761492344939037
395 -0.11732352532968043
396 -0.1170720881825099
397 -0.1167883668723868
398 -0.11650029497806699
399 -0.11643689556206625
400 -0.11620404686793336
401 -0.11595993161569013
402 -0.11569205944241599
403 -0.11546573812669494
404 -0.11521805930288513
405 -0.11504276293217791
406 -0.11477740606642328
407 -0.11455222698748317
408 -0.11770220924361138
409 -0.11741967329059211
410 -0.11713793079309143
411 -0.116878493139356
412 -0.11667670369771585
413 -0.11652213587246939
414 -0.11632593407659512
415 -0.11605049467811092
416 -0.11577753005020405
417 -0.11550965581557711
418 -0.11527738260073503
419 -0.11501031038993169
420 -0.11474536971640883
421 -0.11458264923399544
422 -0.1143144076769803
423 -0.11412245030946981
424 -0.11385972573345567
425 -0.11361863656695384
426 -0.11356268460851954
427 -0.11330500238619208
428 -0.1163371696979271
429 -0.1161854976365106
430 -0.1159218952651298
431 -0.11566037501237116
432 -0.11539994541426832
433 -0.11523838810029592
434 -0.11513346533973975
435 -0.11503334553154913
436 -0.1149504178647142
437 -0.11471592689807329
438 -0.11458496382307436
439 -0.1149240009231304
440 -0.11466577676116933
441 -0.11448377862378908
442 -0.11434203883481836
443 -0.11409148161363121
444 -0.11407650080428203
445 -0.11384243719826526
446 -0.1138160626897056
447 -0.11363244155836989
448 -0.11414642471481784
449 -0.1139697331043514
450 -0.11387416560577954
451 -0.11365424982437806
452 -0.1134913283050219
453 -0.113268512269923
454 -0.11302601374669866
455 -0.1134774705468022
456 -0.11323436103588105
457 -0.11332888407920563
458 -0.11310666520415406
459 -0.11296373724083726
460 -0.11275478240935152
461 -0.11258260385194438
462 -0.1128547415123432
463 -0.11333610529251513
464 -0.11309401781821588
465 -0.11286207202719324
466 -0.112656379281818
467 -0.11244138569072012
468 -0.11223479591916478
469 -0.11202446465379994
470 -0.11253480607225123
471 -0.1128791940853053
472 -0.11268036409566806
473 -0.11251712963317302
474 -0.11228347097129074
475 -0.1120740630238709
476 -0.11196955044114544
477 -0.11191521531453677
478 -0.11169879707747926
479 -0.11146982445146807
480 -0.11146625283593797
481 -0.1122876040477997
482 -0.11220754823790906
483 -0.112009619496783
484 -0.1118359743351211
485 -0.11450099185908444
486 -0.11440419641511665
487 -0.1158396802983415
488 -0.11560393499804958
489 -0.11549022099920234
490 -0.11542149106472997
491 -0.11519788153438265
492 -0.11504542984506608
493 -0.11481446879311384
494 -0.11459531480595395
495 -0.11436697462046838
496 -0.11415596933934026
497 -0.11397572632380565
498 -0.11387709873900506
499 -0.11365309700170133
500 -0.11398971202084794
501 -0.1137973074740851
502 -0.113882959763282
503 -0.11366228939906119
504 -0.11348400685829037
505 -0.11326471128003063
506 -0.11579429511884559
507 -0.1156260696211297
508 -0.11540583284997095
509 -0.11601438027877939
510 -0.11712802173752411
511 -0.11691914536168256
512 -0.11669541598121214
513 -0.11657246612112236
514 -0.11647631509495891
515 -0.11657410704132928
516 -0.11651224701064314
517 -0.11640280324063215
518 -0.11619502685300676
519 -0.11609438667118707
520 -0.11855024239361787
521 -0.11832899234575825
522 -0.11810559479112048
523 -0.11788348240816136
524 -0.11767366990950918
525 -0.11745400184122402
526 -0.11723561898717558
527 -0.11718593052198732
528 -0.11704498925268347
529 -0.11809773324167493
530 -0.11787708250186318
531 -0.11768215564241818
532 -0.11750055577836167
533 -0.11728466924923817
534 -0.11712111667001773
535 -0.11690609620113761
536 -0.11683286431070883
537 -0.11663681175017789
538 -0.11651388984359627
539 -0.1165187369013924
540 -0.11631202385653051
541 -0.11611328016714384
542 -0.11592267417650484
543 -0.11594155136882593
544 -0.11575272650460487
545 -0.11555587250735064
546 -0.11534611680719749
547 -0.11517401840695277
548 -0.11501910892866694
549 -0.11481574701738183
550 -0.11464012244356457
551 -0.1150014586626263
552 -0.11479874043425957
553 -0.11461082811843752
554 -0.11444520326570813
555 -0.11432714842465445
556 -0.11417873543054836
557 -0.11398208470069561
558 -0.11442973394982524
559 -0.11423144146341044
560 -0.11403284721122223
561 -0.11384440414128583
562 -0.11369568747331577
563 -0.11350616295247125
564 -0.11395947435678393
565 -0.11384437167254664
566 -0.11365743996653634
567 -0.11396365752341012
568 -0.11376637965461246
569 -0.11366475162710929
570 -0.11365091501379777
571 -0.11349402122454792
572 -0.1133092046233783
573 -0.11322629071360074
574 -0.11308632648200323
575 -0.11290890024347312
576 -0.11274650232715228
577 -0.11276543091605716
578 -0.11257966716429799
579 -0.11239023931024496
580 -0.11220002353275677
581 -0.11201467501619115
582 -0.1119307010305351
583 -0.11174817622210319
584 -0.11160494993087575
585 -0.11147271539860716
586 -0.11128835359118631
587 -0.11165707658050547
588 -0.11148832393133043
589 -0.11190358380504832
590 -0.11172694119297252
591 -0.1115950686432021
592 -0.11141924136432321
593 -0.11128984095664572
594 -0.11114224899887117
595 -0.11096007734548864
596 -0.11077727256799835
597 -0.1105955875518855
598 -0.11045049941210064
599 -0.11029018171404477
600 -0.1101102300863325
601 -0.11262120486306067
602 -0.11247738130584799
603 -0.1123240115111354
604 -0.11259291473747576
605 -0.11240879251171396
606 -0.11229260556077855
607 -0.11255372601735392
608 -0.11238922421934579
609 -0.11223407408045925
610 -0.11205489562278552
611 -0.1119037090357524
612 -0.11196491261430577
613 -0.11231222931469592
614 -0.11224423231597207
615 -0.11260579857555014
616 -0.11257116286505117
617 -0.11243711577481598
618 -0.11226062880867405
619 -0.11208208715046646
620 -0.11216915399737416
621 -0.11201304249951373
622 -0.11188548782217493
623 -0.11171126443508528
624 -0.11153899900539098
625 -0.11136408120840788
626 -0.11175469860595208
627 -0.11163340389366118
628 -0.11147595673004627
629 -0.11130406677616325
630 -0.11113970340599143
631 -0.11097017029247198
632 -0.11104247704387017
633 -0.11088738573632699
634 -0.11071695487032576
635 -0.11107130084465455
636 -0.11097289058130891
637 -0.11080308416434323
638 -0.1106485529528306
639 -0.11048291236853026
640 -0.1103182755090529
641 -0.11024366882622427
642 -0.11024826040601712
643 -0.11010676000446869
644 -0.10996226437956742
645 -0.10980849076611127
646 -0.1096817986151613
647 -0.10960426713286725
648 -0.10944264110272613
649 -0.10927778331868535
650 -0.10911358094236885
651 -0.10896255513374191
652 -0.11007576308068905
653 -0.10991357375687962
654 -0.10977288448452574
655 -0.10964058653934937
656 -0.11006215708039235
657 -0.10990094502606745
658 -0.10976911321428172
659 -0.10967331765712789
660 -0.11001392930823689
661 -0.1099238805694762
662 -0.10976321753388794
663 -0.10960194352925734
664 -0.10994037955680985
665 -0.10977971877209507
666 -0.10963390686922614
667 -0.1095124822702661
668 -0.10936556110879361
669 -0.10922797879180488
670 -0.10971143625627981
671 -0.10955181713986326
672 -0.10940859700869103
673 -0.10924735013724209
674 -0.10911043121141606
675 -0.10897547521162779
676 -0.10882386580690295
677 -0.10930217010195352
678 -0.10963567829904473
679 -0.10947829719090392
680 -0.10959370909138884
681 -0.10955775566771764
682 -0.10942069001791485
683 -0.10975203109924896
684 -0.10961602582907364
685 -0.10949196697902751
686 -0.1093610455853927
687 -0.10925641487975465
688 -0.10909917394594738
689 -0.10896174817468365
690 -0.10882498120156832
691 -0.10867215207304169
692 -0.10882507096165173
693 -0.1086998129776554
694 -0.1085712418598606
695 -0.10950447065310163
696 -0.10935058700902275
697 -0.10922884105232382
698 -0.10914734038534336
699 -0.10899641693623681
700 -0.10886512751807459
701 -0.10876480151700539
702 -0.1093022804095362
703 -0.10918796221161947
704 -0.10904250637048046
705 -0.10892527531881994
706 -0.10922750781495362
707 -0.10915621882156354
708 -0.10922885611360646
709 -0.10910161571397889
710 -0.10895274776758783
711 -0.10880243648829281
712 -0.10866401420943465
713 -0.10851417956769278
714 -0.1084705157256333
715 -0.10832270035272712
716 -0.10820688922790675
717 -0.10810127373748411
718 -0.10797765633106896
719 -0.10789625792762832
720 -0.10777329651949306
721 -0.1076263369828974
722 -0.10758415906634594
723 -0.10746859933087347
724 -0.10742332874662217
725 -0.10727882260328223
726 -0.10713777840573638
727 -0.107209410365963
728 -0.10710892498436905
729 -0.10701927587272413
730 -0.10696966259880629
731 -0.10682942839301154
732 -0.1072606705714404
733 -0.10732519845916581
734 -0.10722534869333135
735 -0.10710578219977772
736 -0.10696283944201676
737 -0.10694120055711556
738 -0.10700091327601151
739 -0.10685883540280809
740 -0.10672916931798682
741 -0.10658932017952998
742 -0.10644842757758084
743 -0.10639508505957264
744 -0.10630132117426343
745 -0.10625134135140168
746 -0.10611688599849355
747 -0.10602143085206368
748 -0.10591189764230885
749 -0.10577745014896121
750 -0.10608921839234729
751 -0.10616664657339493
752 -0.10609346891176252
753 -0.10595612825051563
754 -0.10582253257175833
755 -0.10570620062594481
756 -0.10558567916242671
757 -0.10600428303575717
758 -0.10591126201578507
759 -0.10667026786707902
760 -0.10653963638285763
761 -0.10679860152952794
762 -0.106662269701553
763 -0.10672815832514487
764 -0.10663153735843989
765 -0.10652879292747992
766 -0.10641203709366165
767 -0.10733803871180012
768 -0.10721427414470479
769 -0.10721551346706447
770 -0.10713269883530915
771 -0.10699519587664995
772 -0.10726215847836652
773 -0.1072101884308894
774 -0.10712545472094957
775 -0.1071197040442137
776 -0.10702470282588356
777 -0.10689153892474736
778 -0.10678802457294526
779 -0.10667258528400743
780 -0.10653699469052626
781 -0.10643309108409423
782 -0.10630009066225077
783 -0.10616967740186489
784 -0.10606426675261975
785 -0.10595204530181482
786 -0.1058362632018719
787 -0.10572419593960054
788 -0.10561470198378542
789 -0.10549910738171552
790 -0.10536854178372099
791 -0.10543326483343289
792 -0.10530381738771202
793 -0.10525708841616499
794 -0.10514556795676235
795 -0.10503325889834478
796 -0.10491009940352027
797 -0.10569089972885873
798 -0.1055610586440787
799 -0.10582393667308349
800 -0.10573707700496016
801 -0.10562789907582167
802 -0.10555043955473752
803 -0.10542078878158462
804 -0.10530380912688943
805 -0.10565615822669547
806 -0.10571472502679555
807 -0.10559403002306834
808 -0.10550842380361795
809 -0.10538595591201787
810 -0.10526070133344569
811 -0.10521315626474786
812 -0.10509841478728801
813 -0.10497968304330405
814 -0.10486690621988685
815 -0.10478116997647631
816 -0.10476696532065284
817 -0.10468603554516609
818 -0.10464338018024662
819 -0.1045350551406082
820 -0.10441484821004872
821 -0.10467160698138438
822 -0.10454705217562858
823 -0.10442348873153055
824 -0.10429956563893938
825 -0.10417539269741004
826 -0.10405645502180698
827 -0.10394624042224214
828 -0.1038359252117762
829 -0.10372120538939619
830 -0.10440885813910997
831 -0.10431604415886317
832 -0.10419355184218987
833 -0.10444635884479384
834 -0.10432389893420253
835 -0.10426012677646627
836 -0.10452411259917496
837 -0.10440047105084137
838 -0.10440114831549409
839 -0.10428473079754418
840 -0.10416212900149514
841 -0.10404250263127107
842 -0.10404348884817852
843 -0.1039474687997107
844 -0.10384675806949094
845 -0.10376371272168668
846 -0.10380141095300403
847 -0.10407373397051684
848 -0.10395827593688495
849 -0.10399025025179948
850 -0.10397535660146626
851 -0.10467620566384714
852 -0.10456061011193672
853 -0.1044402638507449
854 -0.10436782487486794
855 -0.10426054692041532
856 -0.1041605128078024
857 -0.10407351025578793
858 -0.1039598441659283
859 -0.10384923189045532
860 -0.1037508031737119
861 -0.10366858253746297
862 -0.10355133698460983
863 -0.10346370798082125
864 -0.10337103102311732
865 -0.10327321875731413
866 -0.10323801548853377
867 -0.10343657447649016
868 -0.10332203407047374
869 -0.10411002694823918
870 -0.10407226542512693
871 -0.10396613145853104
872 -0.10385007677574956
873 -0.10375717312345849
874 -0.10364149934131368
875 -0.10352613968741414
876 -0.10341865012599485
877 -0.10342323547620762
878 -0.10334577746942569
879 -0.10363004606160726
880 -0.10352055786028028
881 -0.10340838940521051
882 -0.10369515827298112
883 -0.10359964183565189
884 -0.10349721616581535
885 -0.10339258982856511
886 -0.10327848942910162
887 -0.1035283541478392
888 -0.10373785054233284
889 -0.10445181466737255
890 -0.10436949794059044
891 -0.10435420925817562
892 -0.10423941852261506
893 -0.10417264426737963
894 -0.10412443662212038
895 -0.10402793380472153
896 -0.10392174390543525
897 -0.10423560963559184
898 -0.10412264559883365
899 -0.10401332732029746
900 -0.10390015417832829
901 -0.10379879265943787
902 -0.1037078028104806
903 -0.10361339758527502
904 -0.10351071361290339
905 -0.10343245295466835
906 -0.10334837555731893
907 -0.10326163379583034
908 -0.10316664716124992
909 -0.10340527956146282
910 -0.10329383130480822
911 -0.10360800906110802
912 -0.10353075643293427
913 -0.1034840102547087
914 -0.10341026926028779
915 -0.10330433994805176
916 -0.10320481673404361
917 -0.10311900108671547
918 -0.10312475575090281
919 -0.10301525640052868
920 -0.1029418959215906
921 -0.10284839542353845
922 -0.10283659250820672
923 -0.1034651729711513
924 -0.10335591007713218
925 -0.10406268878204346
926 -0.10395257039915631
927 -0.10384236230556888
928 -0.10374692433074885
929 -0.10365944913536083
930 -0.10354998402306259
931 -0.1034484597151948
932 -0.10338611681234888
933 -0.10328593970188324
934 -0.10334553502815899
935 -0.10323788897192883
936 -0.10314104557787337
937 -0.10312682221435644
938 -0.10301934775238834
939 -0.10325675912411424
940 -0.10442139349445612
941 -0.10433553577534108
942 -0.1042269896426077
943 -0.10413200658747793
944 -0.10404686679760482
945 -0.10399321612018707
946 -0.10392873369059605
947 -0.10416204025475957
948 -0.10405481902567841
949 -0.10397021978394569
950 -0.10388333091163077
951 -0.10390163923154186
952 -0.10383868147759696
953 -0.10531766084822947
954 -0.10521421712120083
955 -0.10541787813192097
956 -0.10531119679905246
957 -0.1052042044204214
958 -0.10509626137398695
959 -0.10502202725065853
960 -0.10493275126712737
961 -0.10483923476036981
962 -0.10473993671553358
963 -0.10465379400527673
964 -0.10456177987431464
965 -0.10446853325503198
966 -0.10436379104002097
967 -0.10503573159102375
968 -0.1049457721109478
969 -0.10484239899800125
970 -0.10473606768166215
971 -0.10467563138371448
972 -0.10456977466413792
973 -0.10446435702876844
974 -0.10591245988519907
975 -0.10584313220040013
976 -0.10573868291075847
977 -0.1056331878742122
978 -0.105543503333095
979 -0.10548257701527242
980 -0.10537742591369184
981 -0.1052724813013461
982 -0.10516803869044611
983 -0.10507200604087
984 -0.10500038839168932
985 -0.10497290396709515
986 -0.10488781020283543
987 -0.10481260247155127
988 -0.10470970994742212
989 -0.10488975729283155
990 -0.10631240841308186
991 -0.10620686992777109
992 -0.10631713792891757
993 -0.10624425030051526
994 -0.1061530279878586
995 -0.10605116142234976
996 -0.10598820089740094
997 -0.10589391253312952
998 -0.1058096425240474
999 -0.1057057774054596
1000 -0.10561169781762873
1001 -0.10554384036992372
1002 -0.10550958498378987
1003 -0.10544034524685875
1004 -0.10537132128290007
1005 -0.10533327191404358
1006 -0.10534500053922449
1007 -0.10526704248691776
1008 -0.10519902457870933
1009 -0.1050969302176952
1010 -0.10499661376481959
1011 -0.10497422796151527
1012 -0.10497800867930708
1013 -0.10529168034499871
1014 -0.10522437445892625
1015 -0.1051624871803599
1016 -0.10513976310680237
1017 -0.10503990908130233
1018 -0.10502853301853035
1019 -0.1049281952847723
1020 -0.10489611606514218
1021 -0.10479450658921301
1022 -0.10471226015977275
1023 -0.10462646390636199
1024 -0.10455646069016211
1025 -0.10445724329405759
1026 -0.10509353695131184
1027 -0.10529931749124488
1028 -0.10519904757374018
1029 -0.10512856651020379
1030 -0.10650824941982949
1031 -0.10645585029405631
1032 -0.10637459654627004
1033 -0.10656106973035145
1034 -0.10646090095625638
1035 -0.10636892610241924
1036 -0.1062974677378789
1037 -0.10622212913653184
1038 -0.10615138680088021
1039 -0.106066536489698
1040 -0.10596991143779283
1041 -0.10587082458314451
1042 -0.10591913835540362
1043 -0.10582042795739673
1044 -0.10575806406491402
1045 -0.1060605010335806
1046 -0.10596290845832392
1047 -0.10587886597447714
1048 -0.1057793685836155
1049 -0.10569829251247638
1050 -0.105675690916001
1051 -0.10557818656505265
1052 -0.10547988007978064
1053 -0.10538250044958244
1054 -0.10528506517852745
1055 -0.10519596674138575
1056 -0.10516261989240858
1057 -0.10542750640241641
1058 -0.10561588425989199
1059 -0.10556565875615581
1060 -0.10546704706772152
1061 -0.10536996610459375
1062 -0.10527270813934064
1063 -0.10518721461797445
1064 -0.10538246721530174
1065 -0.10531237091428595
1066 -0.10522213642924236
1067 -0.10512635357170161
1068 -0.10543277675085588
1069 -0.10533661990570448
1070 -0.10524099919206253
1071 -0.10522777776597554
1072 -0.10513519645615789
1073 -0.10504711929819167
1074 -0.10502211759379611
1075 -0.10498256420093957
1076 -0.10494940873473704
1077 -0.10491216930647458
1078 -0.10495469455957346
1079 -0.10485988604561905
1080 -0.10491468582708707
1081 -0.10513124731977778
1082 -0.10504935368708965
1083 -0.10505308413308154
1084 -0.10505623299126106
1085 -0.10496088370669007
1086 -0.10487589004333131
1087 -0.10606111116154057
1088 -0.10600104812205888
1089 -0.105962672529161
1090 -0.1058685792285902
1091 -0.10585510666554923
1092 -0.10576053662337542
1093 -0.10567178394525523
1094 -0.10564377677859525
1095 -0.10554897142505086
1096 -0.10550055516530873
1097 -0.10540660118225516
1098 -0.1053226054323229
1099 -0.10523817300099712
1100 -0.10514994599004487
1101 -0.10506420244764558
1102 -0.1049826940565016
1103 -0.10492620440507106
1104 -0.10483350369511332
1105 -0.10474101963038956
1106 -0.10464768408433278
1107 -0.10455884039554494
1108 -0.1044681271463435
1109 -0.10476415588087348
1110 -0.10532407504742386
1111 -0.1052324083423838
1112 -0.1051541658339996
1113 -0.10507454782702834
1114 -0.10507238816134037
1115 -0.10499141925090774
1116 -0.10489943356335198
1117 -0.10483274557662131
1118 -0.10474163203043922
1119 -0.10474403107825332
1120 -0.10503011361667762
1121 -0.10494977570443982
1122 -0.10486913456482133
1123 -0.10480676359856313
1124 -0.10473207720258941
1125 -0.10464730671963965
1126 -0.10486289775368118
1127 -0.10538662332689601
1128 -0.10530361513932712
1129 -0.10523209728856767
1130 -0.10517222284369245
1131 -0.10510045440442849
1132 -0.10501517486095621
1133 -0.10499987102530622
1134 -0.1052057953220131
1135 -0.10512837204217525
1136 -0.1050440220369381
1137 -0.10495347302312215
1138 -0.10517440302922924
1139 -0.10510149058016897
1140 -0.10503607054630074
1141 -0.10500708426330296
1142 -0.1051772033291418
1143 -0.10512311131375038
1144 -0.10507250228011207
1145 -0.10499114107841821
1146 -0.10490202285512107
1147 -0.10486956799502095
1148 -0.10482231840433087
1149 -0.1047325654741473
1150 -0.10493592649956396
1151 -0.10493567669706509
1152 -0.10484639139369595
1153 -0.10476633642168298
1154 -0.10504149938133574
1155 -0.10495650154307638
1156 -0.10487685402971894
1157 -0.10479930575908658
1158 -0.10491460014354005
1159 -0.10483455131925455
1160 -0.10474573048980754
1161 -0.10474701157277114
1162 -0.10471349395035122
1163 -0.10462797235807417
1164 -0.10454075747831441
1165 -0.10473823110106333
1166 -0.10471622632620944
1167 -0.10489584378693245
1168 -0.1048188390713508
1169 -0.10502965515225503
1170 -0.10495574215977277
1171 -0.10486815606780155
1172 -0.10484865673090794
1173 -0.10480360068502508
1174 -0.10472714232053375
1175 -0.10492604226493178
1176 -0.10484735389244244
1177 -0.10476241187520283
1178 -0.10470268399288035
1179 -0.10462642391572688
1180 -0.10454044234884659
1181 -0.10446512460288498
1182 -0.10495508088661923
1183 -0.1048932382681947
1184 -0.10481176982623741
1185 -0.10472946489718055
1186 -0.10465111694532105
1187 -0.10459391968451298
1188 -0.1048160058492579
1189 -0.10473800297926202
1190 -0.10465605902126521
1191 -0.10458072128407164
1192 -0.10449823827293096
1193 -0.10441214730909441
1194 -0.10432702756840369
1195 -0.1045975675356816
1196 -0.10453350050632809
1197 -0.10447455098707215
1198 -0.10438918415209214
1199 -0.10432065511690344
1200 -0.10423546962891123
1201 -0.10420581668470524
1202 -0.10413573923259827
1203 -0.10405083242185446
1204 -0.10456813453524366
1205 -0.10449223816844043
1206 -0.10440711352207148
1207 -0.10432211630344013
1208 -0.10424922739415983
1209 -0.10419879349003869
1210 -0.104125336559118
1211 -0.10411464885136952
1212 -0.1040644677180206
1213 -0.10411203271333744
1214 -0.10441462759574288
1215 -0.10433299529204268
1216 -0.10427440889481276
1217 -0.10421676745200331
1218 -0.1041337643990011
1219 -0.10407678092675363
1220 -0.10399311583171424
1221 -0.10409839965213727
1222 -0.10403846936492263
1223 -0.10454833705486724
1224 -0.10446620238574908
1225 -0.1043829703054923
1226 -0.10439995092545487
1227 -0.10431567447290573
1228 -0.1042326821302195
1229 -0.10419656696375663
1230 -0.104124678045604
1231 -0.10404724926994371
1232 -0.10397482643781007
1233 -0.10462545381489022
1234 -0.10454232998067216
1235 -0.1045122905789407
1236 -0.10442916314464408
1237 -0.10439349762180056
1238 -0.1046071110029689
1239 -0.10487555259094732
1240 -0.10535808728990002
1241 -0.1052752142672361
1242 -0.1052061003686177
1243 -0.10512331157982872
1244 -0.10504046252856991
1245 -0.10495764995447311
1246 -0.10487502665143277
1247 -0.10479991985007907
1248 -0.10471739341594982
1249 -0.10463554634271023
1250 -0.10460960051654838
1251 -0.10454428423698403
1252 -0.10446463724517022
1253 -0.10465288982076826
1254 -0.10457618679698859
1255 -0.10450126282751107
1256 -0.10441875364307009
1257 -0.10445522735950773
1258 -0.10442875985129084
1259 -0.10434795801875102
1260 -0.10426884391317366
1261 -0.1041880204643453
1262 -0.1041207906350799
1263 -0.10407476267389885
1264 -0.1042583743212531
1265 -0.10418445173744849
1266 -0.1041386723164344
1267 -0.10410989380499308
1268 -0.10405726844218284
1269 -0.10398375439625292
1270 -0.1039026847769191
1271 -0.10382373408208521
1272 -0.10374402196593904
1273 -0.10399397552501372
1274 -0.10402730626973003
1275 -0.10425042839958241
1276 -0.10417119984177078
1277 -0.10413053306895356
1278 -0.10406768013681657
1279 -0.10399028122519012
1280 -0.10442377740564553
1281 -0.10439487892911158
1282 -0.10436064901223403
1283 -0.10428191318350176
1284 -0.10420222610878581
1285 -0.10412294950140531
1286 -0.10406781157984182
1287 -0.10399007556993274
1288 -0.10417555215311532
1289 -0.10444377295100661
1290 -0.10443427094308905
1291 -0.10436661761487805
1292 -0.1043284979689255
1293 -0.10427030126513065
1294 -0.10420380352954546
1295 -0.1041717789793912
1296 -0.10416203266854777
1297 -0.10409196889575115
1298 -0.1040140426820302
1299 -0.10394715021950142
1300 -0.1049390305725571
1301 -0.10537595475711026
1302 -0.10587804706462484
1303 -0.10581963102805698
1304 -0.1057459331825347
1305 -0.10567684831754287
1306 -0.10562552403762743
1307 -0.10554729888978819
1308 -0.1054684785755411
1309 -0.1054177953489196
1310 -0.10590090532165078
1311 -0.1058436686194038
1312 -0.1058219633362946
1313 -0.1057425938312231
1314 -0.10566417072315613
1315 -0.10562192978719852
1316 -0.10554326447678763
1317 -0.10548097024786292
1318 -0.10544057556464052
1319 -0.10537255500193327
1320 -0.10556816057545472
1321 -0.1055484835263257
1322 -0.10549343763847106
1323 -0.10543071976736137
1324 -0.10537794373069223
1325 -0.10532290162922779
1326 -0.10526160109625936
1327 -0.10523999069596991
1328 -0.10573085796818031
1329 -0.1056770540430842
1330 -0.105599588486436
1331 -0.10553560990810108
1332 -0.1054695929673657
1333 -0.10562935985770812
1334 -0.10556817922138677
1335 -0.10552076567609686
1336 -0.10549589714142048
1337 -0.1054193017723578
1338 -0.10536608398371336
1339 -0.10536731223111849
1340 -0.10529044625790679
1341 -0.10521893369781908
1342 -0.10617889187263323
1343 -0.10611360216924501
1344 -0.10612406224893112
1345 -0.10604750118322227
1346 -0.10597524574987541
1347 -0.106008678519996
1348 -0.10593068226528504
1349 -0.10585398998730584
1350 -0.10578817907078364
1351 -0.1057280135517378
1352 -0.1056652164446881
1353 -0.10572504107553839
1354 -0.10568512677285714
1355 -0.10561550204239174
1356 -0.10554356713123189
1357 -0.10576016827023711
1358 -0.1059058618966942
1359 -0.1058465641598331
1360 -0.10577275957719608
1361 -0.10569839983709631
1362 -0.1057385908886869
1363 -0.10658114197965805
1364 -0.1067838242382567
1365 -0.10670713812497448
1366 -0.10673558797804389
1367 -0.10690550902518924
1368 -0.10732001271700502
1369 -0.10726822162902669
1370 -0.10810520892761423
1371 -0.10802881812579478
1372 -0.10797482053151065
1373 -0.1078975925620802
1374 -0.10784012458152124
1375 -0.1077624439528974
1376 -0.1076856349732542
1377 -0.1077980398901396
1378 -0.10773397279096157
1379 -0.10800887982372331
1380 -0.10794050317604358
1381 -0.1078712374003888
1382 -0.1077939277208109
1383 -0.10772192010544719
1384 -0.10769293345812933
1385 -0.10761704297953988
1386 -0.10755251943294872
1387 -0.10751822356818037
1388 -0.10745781237290204
1389 -0.10738191408398705
1390 -0.10730948400790066
1391 -0.10723346793326287
1392 -0.10716093022067029
1393 -0.10736362141742066
1394 -0.10752974023939434
1395 -0.10746024985890335
1396 -0.10738435947618288
1397 -0.10731946331786016
1398 -0.10726096591550306
1399 -0.10719403812875292
1400 -0.10711927651722883
1401 -0.10705478386789777
1402 -0.10698000540286429
1403 -0.10691983920567007
1404 -0.10734232311597873
1405 -0.10737655014607532
1406 -0.10730828139559197
1407 -0.10753462400945836
1408 -0.10745995243347682
1409 -0.10739485522271269
1410 -0.10733195523255015
1411 -0.10726791735015602
1412 -0.1081815819635182
1413 -0.10813070522496537
1414 -0.10805804607084797
1415 -0.10821161500845505
1416 -0.10816585276311882
1417 -0.10818921202633841
1418 -0.10813854523448894
1419 -0.10806475522650807
1420 -0.10799069069584169
1421 -0.10792580609226057
1422 -0.10788389102783566
1423 -0.10787103643724485
1424 -0.10779655237254272
1425 -0.1077298851559151
1426 -0.1076581757916918
1427 -0.10760280702777236
1428 -0.10752958133460462
1429 -0.10775572951081286
1430 -0.107744934082225
1431 -0.10767753314350359
1432 -0.10762571114080134
1433 -0.10755168075021909
1434 -0.10749627791995064
1435 -0.10743011760761481
1436 -0.10756369594212661
1437 -0.10753892142974228
1438 -0.1074859462592214
1439 -0.10748982878577105
1440 -0.1074171239715118
1441 -0.10735149727112307
1442 -0.10749460950062865
1443 -0.10743374196561285
1444 -0.10738824860564816
1445 -0.10818360127733415
1446 -0.10861195023647409
1447 -0.10884844632277847
1448 -0.10884629474039986
1449 -0.1088440387293724
1450 -0.10877086245563235
1451 -0.10895975948490946
1452 -0.10889153427022834
1453 -0.10882014155890876
1454 -0.10877795323986206
1455 -0.10880266304309495
1456 -0.10872934257945367
1457 -0.10865578131930642
1458 -0.10878081342614376
1459 -0.10975102044491486
1460 -0.10972494232784862
1461 -0.10968622867013045
1462 -0.11056945553319701
1463 -0.11054662265548271
1464 -0.11051692255195186
1465 -0.11046597461089804
1466 -0.11039362800766404
1467 -0.11032954603151895
1468 -0.11025660104764282
1469 -0.1101832325435009
1470 -0.1101103680172292
1471 -0.11008256124789187
1472 -0.11001563913704678
1473 -0.10995634270944012
1474 -0.10991157304510263
1475 -0.10984474382367206
1476 -0.10977668647906272
1477 -0.10970382554430266
1478 -0.10963163106042687
1479 -0.10960210686061686
1480 -0.10962344802293857
1481 -0.10962266982650161
1482 -0.1098020711718344
1483 -0.110012518751505
1484 -0.10994850262087824
1485 -0.10987882129428594
1486 -0.10987823685114259
1487 -0.10981255166675544
1488 -0.10974704053758184
1489 -0.11021913142858106
1490 -0.11016227103689304
1491 -0.1101177842136473
1492 -0.11009084254063338
1493 -0.11002502483519279
1494 -0.1099586821994741
1495 -0.10989338074484528
1496 -0.10983264415275416
1497 -0.10977916783842481
1498 -0.1097072285675933
1499 -0.10964162611118174
1500 -0.10959908726489327
1501 -0.10952793724924421
1502 -0.10947830819332763
1503 -0.10945983899820624
1504 -0.10940926647135905
1505 -0.109348757389625
1506 -0.10928082204480893
1507 -0.10976146247152792
1508 -0.1097012476480905
1509 -0.1098356727502436
1510 -0.11069294366656358
1511 -0.1106216094931905
1512 -0.11055500722151014
1513 -0.11049572007025955
1514 -0.11048738247933465
1515 -0.11045971780745681
1516 -0.11038898990390789
1517 -0.11031825370687086
1518 -0.11035098130306277
1519 -0.110279864345
1520 -0.11021048696746125
1521 -0.1101397801095171
1522 -0.11011485738359893
1523 -0.1100510273088465
1524 -0.10998464330867834
1525 -0.10991407949023224
1526 -0.10994043685151796
1527 -0.10987079018802726
1528 -0.10980643717276026
1529 -0.11024287090676534
1530 -0.11017847321626999
1531 -0.11010905848695135
1532 -0.11005541517639529
1533 -0.10999278831682201
1534 -0.10992302037348256
1535 -0.1098532467418053
1536 -0.11002101724128958
1537 -0.11026474451677262
1538 -0.11019479718819407
1539 -0.11013210398031403
1540 -0.11007344015505824
1541 -0.11000391788797158
1542 -0.11003607672014233
1543 -0.11087347133549434
1544 -0.11080343334624511
1545 -0.11120263901799103
1546 -0.11113259631735731
1547 -0.11107124222215095
1548 -0.11100112377487403
1549 -0.11093202641966865
1550 -0.11087857115341561
1551 -0.11081127297370541
1552 -0.11077207447883712
1553 -0.11071066497391059
1554 -0.11064165245587734
1555 -0.11059377531141457
1556 -0.11053690392121339
1557 -0.1104680558648418
1558 -0.11039784057594122
1559 -0.11033974203526481
1560 -0.1102724627421151
1561 -0.11044886710135204
1562 -0.11038427462138173
1563 -0.11036970159297353
1564 -0.1103073798451329
1565 -0.11024772053783069
1566 -0.11018335158245472
1567 -0.11016556048457765
1568 -0.11013782606783118
1569 -0.11007047262795268
1570 -0.11000965865604004
1571 -0.10994027272075917
1572 -0.10987924359798515
1573 -0.1099257941982941
1574 -0.11007102433126272
1575 -0.11015651915795244
1576 -0.1101549317222842
1577 -0.11009342910038465
1578 -0.11002685259466227
1579 -0.10996537622484745
1580 -0.10999280345796378
1581 -0.10992469667770872
1582 -0.10986460544849339
1583 -0.10979671919004597
1584 -0.10972897986662568
1585 -0.10972603458690101
1586 -0.10966943745253388
1587 -0.10964200133630166
1588 -0.10959476919785953
1589 -0.1095274925865148
1590 -0.10948164084096697
1591 -0.10942002434056225
1592 -0.10938419283676427
1593 -0.10933809774168209
1594 -0.10928357043592031
1595 -0.10921800089266508
1596 -0.10915723934131097
1597 -0.10933450405565677
1598 -0.10929276292046645
1599 -0.10923400793274518
1600 -0.10919811121300882
1601 -0.10914695816463427
1602 -0.10908668585578428
1603 -0.10901907805278746
1604 -0.10896652498788507
1605 -0.10897735285208593
1606 -0.10911183287805656
1607 -0.10905577154276926
1608 -0.10898926201230437
1609 -0.10979167802580282
1610 -0.10974212023754958
1611 -0.10989811720101372
1612 -0.10983315985813037
1613 -0.10978577658743352
1614 -0.10993695489883647
1615 -0.10987666536550739
1616 -0.1098105162663799
1617 -0.10974937784043472
1618 -0.10974889495650339
1619 -0.10994820679870732
1620 -0.11080646177539659
1621 -0.1107529031834838
1622 -0.1109639060557659
1623 -0.11090361152252541
1624 -0.11084142886439116
1625 -0.1108312465948984
1626 -0.1109258444351316
1627 -0.11087904803072215
1628 -0.11082936523827445
1629 -0.11079222473844444
1630 -0.11072623831129981
1631 -0.11066104533674126
1632 -0.11085188550300788
1633 -0.11078667664532285
1634 -0.11081517262635365
1635 -0.11075113729355908
1636 -0.11068774630324994
1637 -0.11062367869008824
1638 -0.11055739979881973
1639 -0.11052023757101662
1640 -0.11047318439608406
1641 -0.11042025023403065
1642 -0.1103553901918955
1643 -0.11032626470807391
1644 -0.11026001152275991
1645 -0.11023395681416893
1646 -0.1102250579772585
1647 -0.11015966937523256
1648 -0.1100958873077298
1649 -0.11003878775528271
1650 -0.10997907756192779
1651 -0.10991346383769672
1652 -0.11002832300116513
1653 -0.11015571291314487
1654 -0.11009181584310386
1655 -0.1100273265093959
1656 -0.11041671583518399
1657 -0.11037034055852658
1658 -0.1111545017441573
1659 -0.11109884277268495
1660 -0.11103933307788257
1661 -0.11097383515812313
1662 -0.11132888890935666
1663 -0.11127559959138585
1664 -0.1112285113839999
1665 -0.11125515458822899
1666 -0.11120334189759158
1667 -0.11122380069179888
1668 -0.11119915892906616
1669 -0.11113913565019783
1670 -0.11150835182944391
1671 -0.11148167826652745
1672 -0.11142929103272815
1673 -0.11137390198913619
1674 -0.11155965820852258
1675 -0.11150221578735135
1676 -0.11143729165943811
1677 -0.11178734552597801
1678 -0.11172197169928974
1679 -0.11166505662221272
1680 -0.11161837163589163
1681 -0.1115893882513434
1682 -0.11193766388651781
1683 -0.11187306322188925
1684 -0.11180786346389543
1685 -0.11195669446930909
1686 -0.112111140457109
1687 -0.11218133646852398
1688 -0.11211618756110145
1689 -0.11205753989701306
1690 -0.11199361362298896
1691 -0.1119296409011808
1692 -0.11187477538777167
1693 -0.11206079436283464
1694 -0.11199569875410721
1695 -0.11193232026121477
1696 -0.11228047057965393
1697 -0.11221642932581836
1698 -0.11215289116884254
1699 -0.11213964784190085
1700 -0.11227390644195326
1701 -0.112635520933473
1702 -0.11257649107686256
1703 -0.11251773113571872
1704 -0.11245777891531254
1705 -0.11259148225592466
1706 -0.11252705793629061
1707 -0.11252879973950533
1708 -0.11249717862336554
1709 -0.11249528942938138
1710 -0.11245099859835024
1711 -0.11240694973147504
1712 -0.1123427790524351
1713 -0.11227911370015342
1714 -0.1122171853181592
1715 -0.11216509258809008
1716 -0.11210058527337312
1717 -0.11203660446686435
1718 -0.11197987698595613
1719 -0.11193899734417348
1720 -0.11198319466520631
1721 -0.11272773418023821
1722 -0.11266387175855418
1723 -0.11262325117629653
1724 -0.1125863854165741
1725 -0.11252231553244148
1726 -0.11246272899486451
1727 -0.11239938986290583
1728 -0.11233778584567146
1729 -0.11227477107989128
1730 -0.11221185533008188
1731 -0.11215719692700918
1732 -0.1120953948154866
1733 -0.11203244320229523
1734 -0.11238775733486946
1735 -0.11232862492777697
1736 -0.11228086653629303
1737 -0.11223679264905773
1738 -0.11219806627026664
1739 -0.11214476776845665
1740 -0.11208131081777914
1741 -0.11205893750358661
1742 -0.11199664197855198
1743 -0.11196116712337068
1744 -0.11189890704534247
1745 -0.11183668088813693
1746 -0.11178171134954969
1747 -0.1117722155725126
1748 -0.11173156357516302
1749 -0.11210059370071318
1750 -0.11210539737530052
1751 -0.11207480824763633
1752 -0.11210206495443802
1753 -0.11203978204418609
1754 -0.11197709653313094
1755 -0.11198114945587737
1756 -0.11192879387615609
1757 -0.11190118307436461
1758 -0.11183865162248875
1759 -0.11177667130855394
1760 -0.11173937310152475
1761 -0.11176480600411524
1762 -0.11170436920588635
1763 -0.11164436571408852
1764 -0.11158287642542652
1765 -0.11152424857695785
1766 -0.11146603541455041
1767 -0.11164362255397427
1768 -0.11158715489076038
1769 -0.11154043116307212
1770 -0.11166131319109834
1771 -0.11160238707471767
1772 -0.11154056733508823
1773 -0.11148667642300411
1774 -0.11142533407780197
1775 -0.11136326657503214
1776 -0.11130187380783625
1777 -0.11124591858699587
1778 -0.11197271051146698
1779 -0.1126991842399357
1780 -0.11281850170331034
1781 -0.11276419251591933
1782 -0.11272505166750678
1783 -0.11266267232505987
1784 -0.112618094729103
1785 -0.11256783692614913
1786 -0.11252051737072928
1787 -0.11253376049966779
1788 -0.11247257409842322
1789 -0.11241141845765766
1790 -0.11258705727425639
1791 -0.11252562447044413
1792 -0.11247348963180619
1793 -0.11245013294573739
1794 -0.11239485137895011
1795 -0.11233410141988551
1796 -0.11265851813524065
1797 -0.112600772303172
1798 -0.11296282561850196
1799 -0.11290385285180152
1800 -0.11284551681019366
1801 -0.11280971431152183
1802 -0.11274880714007507
1803 -0.1126867604933429
1804 -0.1126671815447214
1805 -0.11260815266625558
1806 -0.11255234804590762
1807 -0.11249164490783757
1808 -0.11243203690453779
1809 -0.11237153336158637
1810 -0.1123222777609667
1811 -0.11227719886367292
1812 -0.11224991225721788
1813 -0.11219732814622037
1814 -0.11214596242772244
1815 -0.11212358150230951
1816 -0.11207008355764861
1817 -0.11201643572641505
1818 -0.11195723678557074
1819 -0.11191268323026209
1820 -0.11186071261993845
1821 -0.11185747268648061
1822 -0.11179686151777161
1823 -0.11177234702835036
1824 -0.11188917878832415
1825 -0.11185276244524611
1826 -0.11180224444595781
1827 -0.11177805694458333
1828 -0.11197341524020726
1829 -0.11198231094262724
1830 -0.11192224350213353
1831 -0.11209469892446751
1832 -0.11203503908917885
1833 -0.11197499433822983
1834 -0.11199947382880003
1835 -0.11193916681945852
1836 -0.11188095228006954
1837 -0.11182914267557231
1838 -0.11178681512679439
1839 -0.11173938155096265
1840 -0.11170339722505204
1841 -0.11164482131927683
1842 -0.11194981882754657
1843 -0.1118904147882063
1844 -0.1118325888932533
1845 -0.11177361467714374
1846 -0.11194206813674719
1847 -0.11190010020199258
1848 -0.11184147728576317
1849 -0.11192005543250302
1850 -0.11186049781488003
1851 -0.11180611666561638
1852 -0.11175485496252341
1853 -0.11169669833144849
1854 -0.11164552391282692
1855 -0.11158646884941649
1856 -0.1115321677040403
1857 -0.11147391004161884
1858 -0.11141628195833418
1859 -0.11135731076480017
1860 -0.11131383845061865
1861 -0.11127014020392806
1862 -0.11121435271436998
1863 -0.11115752103684996
1864 -0.11109874747318062
1865 -0.11105904595997564
1866 -0.11116722736479955
1867 -0.11113513416971564
1868 -0.11107797829472416
1869 -0.11102435018907367
1870 -0.11096670339238845
1871 -0.11090883156310823
1872 -0.11085136983692637
1873 -0.11079414373628439
1874 -0.11076190956964395
1875 -0.11070392253653456
1876 -0.11066882081409501
1877 -0.11135686937424111
1878 -0.11130011770027493
1879 -0.11132069510582958
1880 -0.11126981283881097
1881 -0.11124713851391708
1882 -0.11119680652573287
1883 -0.11119471736104176
1884 -0.11118451109253148
1885 -0.11116103752070311
1886 -0.11110606657205079
1887 -0.11105137305151845
1888 -0.11104082850690278
1889 -0.1109841687271624
1890 -0.11092925018676503
1891 -0.11087222143928636
1892 -0.11082297961820009
1893 -0.11095296152419919
1894 -0.11089775617102382
1895 -0.11084050611404844
1896 -0.11078352129799343
1897 -0.1107360543156019
1898 -0.11071076240662625
1899 -0.11066017014884477
1900 -0.11062151148357723
1901 -0.11056476872019237
1902 -0.11053129885712694
1903 -0.11047685996481744
1904 -0.11042347038916787
1905 -0.1103778781684047
1906 -0.11032140174467002
1907 -0.11027928918333188
1908 -0.11022202820254517
1909 -0.11018219523960232
1910 -0.11012724735408397
1911 -0.11007709698464033
1912 -0.11018412586137902
1913 -0.11015845460343036
1914 -0.11010257146078431
1915 -0.11004803336429708
1916 -0.10999209830639028
1917 -0.10995832776656131
1918 -0.10992850699475107
1919 -0.10987217577211675
1920 -0.10982280860807805
1921 -0.10977982866135656
1922 -0.10974006300477619
1923 -0.10968470044331882
1924 -0.10963605139019711
1925 -0.10958165611333952
1926 -0.10952621282391184
1927 -0.10948215780785035
1928 -0.1094818074470898
1929 -0.10961588418887065
1930 -0.10955961086151524
1931 -0.10950429654437355
1932 -0.10944890509200221
1933 -0.10939807767539675
1934 -0.10934538261370441
1935 -0.10934705768202886
1936 -0.10931742619519835
1937 -0.10934191183183462
1938 -0.10929347761570052
1939 -0.10923759025444006
1940 -0.10918217380255096
1941 -0.10916688170925547
1942 -0.10911181807588982
1943 -0.10905779611460224
1944 -0.10900373989165235
1945 -0.10895098478875691
1946 -0.10905670757163297
1947 -0.10943405040547932
1948 -0.10940893130038445
1949 -0.10935619251473805
1950 -0.10931916347609308
1951 -0.10929518843667323
1952 -0.10925517549578932
1953 -0.10923057349963343
1954 -0.10917621958934576
1955 -0.10922935629118224
1956 -0.10917710274939306
1957 -0.10928731886957908
1958 -0.10994006056884119
1959 -0.10988552629462271
1960 -0.10983376920553475
1961 -0.10978647703573217
1962 -0.11049103111331991
1963 -0.11051571922828891
1964 -0.11048011592617296
1965 -0.11042527335556106
1966 -0.11037545749540549
1967 -0.11034478939762865
1968 -0.1103231667718903
1969 -0.11034496980135122
1970 -0.11034196965245123
1971 -0.11030088670415693
1972 -0.11025420990517518
1973 -0.11021217133791326
1974 -0.1101567800288108
1975 -0.11011645062458171
1976 -0.11006632452259318
1977 -0.11002484186524554
1978 -0.11069038357602501
1979 -0.11066817422429788
1980 -0.1106135980486858
1981 -0.11059263291667534
1982 -0.1105413758414142
1983 -0.11053076760363294
1984 -0.1104756156464059
1985 -0.1104256242675817
1986 -0.1103715422898374
1987 -0.11031756519200421
1988 -0.11065330143734627
1989 -0.11074394964833209
1990 -0.11071069248493916
1991 -0.11065552914201734
1992 -0.11061565804175554
1993 -0.11056053085800899
1994 -0.11072218049576935
1995 -0.11084386194582893
1996 -0.11080468465301245
1997 -0.11108835192871643
1998 -0.1112142276822986
1999 -0.11121394375904396
2000 -0.11119495131322765
