n: 10, k: 2000
[[0.25 0.25 0.25 0.25]
 [0.25 0.25 0.25 0.25]
 [0.25 0.25 0.25 0.25]
 [0.25 0.25 0.25 0.25]
 [0.25 0.25 0.25 0.25]
 [0.25 0.25 0.25 0.25]
 [0.25 0.25 0.25 0.25]
 [0.25 0.25 0.25 0.25]
 [0.25 0.25 0.25 0.25]
 [0.25 0.25 0.25 0.25]]
Exact value (full):  -0.0770238093165401
Jensen value (full):  -0.22063117771667898
Second Order Approximation (full):  4.239223922647336
1 -0.0024350457824766636
2 -0.01199191459454596
3 -0.015418893502404293
4 -0.01206516072852537
5 -0.03082338101230562
6 -0.026556828951773543
7 -0.02277147135620388
8 -0.020326919309354707
9 -0.018669660961071106
10 -0.025973341830467688
11 -0.026182127974607283
12 -0.02450514315660257
13 -0.022690801716425294
14 -0.042292747160900035
15 -0.040633846986990345
16 -0.040427199954820026
17 -0.03942270799919189
18 -0.04086688950964243
19 -0.04022194183868889
20 -0.038376558686104546
21 -0.03659398484905112
22 -0.039060478048916346
23 -0.038280917607904565
24 -0.03675089977135334
25 -0.03910593285036157
26 -0.037801238786974306
27 -0.03646492558201081
28 -0.038595429091921166
29 -0.03755964001814799
30 -0.03634815050208999
31 -0.035267582961575
32 -0.03784158699488671
33 -0.036709655224761016
34 -0.03579639474318195
35 -0.03588616800791767
36 -0.035008267816718015
37 -0.03418157182386494
38 -0.03536625258579749
39 -0.034478946795178884
40 -0.033663712904944985
41 -0.034248508146957624
42 -0.03366185740006109
43 -0.03294114259281128
44 -0.03245398810486222
45 -0.03183913450039755
46 -0.03115521859004018
47 -0.0314341450002177
48 -0.031357252288444215
49 -0.031103306751308027
50 -0.0305352587132802
51 -0.03103705355633614
52 -0.0322207734589728
53 -0.03249815702711546
54 -0.03202211551325928
55 -0.03145627891082602
56 -0.030939853145939975
57 -0.030530015908050444
58 -0.030129572652279828
59 -0.0296786031199267
60 -0.02930366996703621
61 -0.028840804975143478
62 -0.028426194220540515
63 -0.02894906861039335
64 -0.02864190060307692
65 -0.029133191563876327
66 -0.02877710335137222
67 -0.028483123562562388
68 -0.028632003788890657
69 -0.02824386172695718
70 -0.035834054820744705
71 -0.03533018539767486
72 -0.03572168554971237
73 -0.03532170780528933
74 -0.03550065858153913
75 -0.035289667478355116
76 -0.034825809527080163
77 -0.03439938270698745
78 -0.0410419269200457
79 -0.04057139417351278
80 -0.04016815130348732
81 -0.039708412821912335
82 -0.039543074175615006
83 -0.03915289269395752
84 -0.03874189573534317
85 -0.03832446032461388
86 -0.037919548530035804
87 -0.03748927108382963
88 -0.037163239843597366
89 -0.0367664936125907
90 -0.03638318701095058
91 -0.036260072106745284
92 -0.03758086888288033
93 -0.03724449299222205
94 -0.04305483752610366
95 -0.042669847549443245
96 -0.042335170506135
97 -0.04194548490914647
98 -0.044771848389635646
99 -0.06619142472919345
100 -0.06572912969688333
101 -0.06519542496233152
102 -0.0647852212087124
103 -0.06423864801230222
104 -0.06369258720003647
105 -0.06310979210653127
106 -0.06256288651408949
107 -0.06601566991339156
108 -0.06540601406868518
109 -0.06494401511899757
110 -0.06437646686049861
111 -0.06384095655251971
112 -0.06342088896732483
113 -0.06293910885164931
114 -0.0624062709562726
115 -0.062112071392988105
116 -0.06440494176964923
117 -0.06395668152306934
118 -0.06341795530641907
119 -0.06297064124596889
120 -0.06268884893194505
121 -0.0627003821921316
122 -0.0623462052801903
123 -0.06422101910398423
124 -0.06389533426130173
125 -0.06348269595651072
126 -0.06323166435937483
127 -0.062762824854041
128 -0.06233836469507992
129 -0.06205638943404404
130 -0.06397059124856941
131 -0.06350431285818212
132 -0.06308270421717073
133 -0.06263630102365912
134 -0.062199619748794045
135 -0.061887447643594995
136 -0.06144786308764464
137 -0.061002439980542354
138 -0.060603795338412994
139 -0.06072554566624525
140 -0.06030976685643899
141 -0.059964997044762186
142 -0.059567536435461595
143 -0.059366816835351964
144 -0.0638846183928005
145 -0.06344855385614209
146 -0.0632545717775653
147 -0.06285054101330029
148 -0.0624507446814892
149 -0.06225983450139327
150 -0.06187089042216636
151 -0.06267304142530092
152 -0.06243367577805035
153 -0.06223580938879666
154 -0.06265512511666427
155 -0.062258904368918004
156 -0.0618622865698247
157 -0.06148004338998814
158 -0.061118016434308246
159 -0.06103233886671157
160 -0.06066611046628623
161 -0.06029237180578856
162 -0.0599485216428963
163 -0.05958731821561864
164 -0.059252442294830586
165 -0.05902893221762938
166 -0.05998336976215314
167 -0.05969946412336932
168 -0.05944312896292017
169 -0.059529496855248
170 -0.059185977550998144
171 -0.05888235833660011
172 -0.058578374570589765
173 -0.058262890745500256
174 -0.0579437551235363
175 -0.05767512916955249
176 -0.057358735453672954
177 -0.057067861923597536
178 -0.05834604524113346
179 -0.05806014195246594
180 -0.05774620879449988
181 -0.05744742750203786
182 -0.05715644169648151
183 -0.0568498495417398
184 -0.0567235075505066
185 -0.05642857514606943
186 -0.057632218398265975
187 -0.057895823588855796
188 -0.06372597749486886
189 -0.06341279973185492
190 -0.06312136467284674
191 -0.06281731043199364
192 -0.062496000011094566
193 -0.062174973798900815
194 -0.0698117497923357
195 -0.06953411580077208
196 -0.06919733133484869
197 -0.06959376135088818
198 -0.0692819156807636
199 -0.06896163516939485
200 -0.06870994163969954
201 -0.06840963882050753
202 -0.06808725527044582
203 -0.06777834395129705
204 -0.06759606874446962
205 -0.0672842461542154
206 -0.0669723113211166
207 -0.06827043801950528
208 -0.06798164749938433
209 -0.06768291368001683
210 -0.06736780507824386
211 -0.06705223969340071
212 -0.06675963626543616
213 -0.06646838211434297
214 -0.06616437135409593
215 -0.06598305264381261
216 -0.0657029100273542
217 -0.06543248634001689
218 -0.06513654864037054
219 -0.06509831266667543
220 -0.06481900703063068
221 -0.06462648895500205
222 -0.06446785243415352
223 -0.06471557442686218
224 -0.06443293417372128
225 -0.0687775926931095
226 -0.06853842227777997
227 -0.06824930404321691
228 -0.06796393027247848
229 -0.06767007886453018
230 -0.06810686739502315
231 -0.06784743494511991
232 -0.06755685703960965
233 -0.06728699285180827
234 -0.06727973549900954
235 -0.06699486902676229
236 -0.06695328600707691
237 -0.06667621299232523
238 -0.06787706934151441
239 -0.06764915023109193
240 -0.06737627320582457
241 -0.06710171435284393
242 -0.06924270310578735
243 -0.06899781298713527
244 -0.0687196695117847
245 -0.06936457078769977
246 -0.06910055483315707
247 -0.06884990471663194
248 -0.07149201621537178
249 -0.07124839250472466
250 -0.07173055052886776
251 -0.07160985407611577
252 -0.07545902269710437
253 -0.07532555486383931
254 -0.07520442718664777
255 -0.07491049664838333
256 -0.07470598224439584
257 -0.07441723554209474
258 -0.07412879664464476
259 -0.07533333383168916
260 -0.07508685779255476
261 -0.07488524890093588
262 -0.0750269768034373
263 -0.07730083897595699
264 -0.07877352370061283
265 -0.0790855763009052
266 -0.07965850089780895
267 -0.07951438779129147
268 -0.07962465881744503
269 -0.07941694896127287
270 -0.08492136918283466
271 -0.08462636134143099
272 -0.08434426708022864
273 -0.08407599314391469
274 -0.08408842868558321
275 -0.0837962774656295
276 -0.08350380733928972
277 -0.08371504976964753
278 -0.08427724893247633
279 -0.08398590256712922
280 -0.08369568764081643
281 -0.08340670712477019
282 -0.0831150832714713
283 -0.08309802355757363
284 -0.08281012692169869
285 -0.08253342507586033
286 -0.08226837356479635
287 -0.08204260150420949
288 -0.08185081868124497
289 -0.08156856824625028
290 -0.08217998930346672
291 -0.0819031889900559
292 -0.08177048245215701
293 -0.08149164045028062
294 -0.08122015169814106
295 -0.08097677187582476
296 -0.08091548897916279
297 -0.08067830425594973
298 -0.08041423570672893
299 -0.0805714257632924
300 -0.08054558015349661
301 -0.08029718456117224
302 -0.08003384361253611
303 -0.07977153087496977
304 -0.07951612429103175
305 -0.07928449118672823
306 -0.07917941957418044
307 -0.07895518233979465
308 -0.07874021003178089
309 -0.0784984647737424
310 -0.07825938673489755
311 -0.07805331036955643
312 -0.07780921399478011
313 -0.07756770494189766
314 -0.07737463516694415
315 -0.07724804529117094
316 -0.07701141361563783
317 -0.07679095991782443
318 -0.07667632674509482
319 -0.07661882298030308
320 -0.07638020307030047
321 -0.07614801535419813
322 -0.07592128069720602
323 -0.07579155631325142
324 -0.07559146875822383
325 -0.07537479984366935
326 -0.0751437707821329
327 -0.07492584151896987
328 -0.07471948553320101
329 -0.07449614147133832
330 -0.07431948510429444
331 -0.07437049194930274
332 -0.07417006916935007
333 -0.07395983648524629
334 -0.07575683280174961
335 -0.07557171672478809
336 -0.07536075642628064
337 -0.07514061288243917
338 -0.07493452563842351
339 -0.07473403746310699
340 -0.07451465794012406
341 -0.07431077791417248
342 -0.07411061970518146
343 -0.07471617268111694
344 -0.07452370888912027
345 -0.07431031204989953
346 -0.07410152997940424
347 -0.07388920305335445
348 -0.07376942659996938
349 -0.07357350418809551
350 -0.07392802336429928
351 -0.07373021588574294
352 -0.07353137302406636
353 -0.07344413279709831
354 -0.07338554881579959
355 -0.07319006600171658
356 -0.07438269340583359
357 -0.07420675019927715
358 -0.07401747124861192
359 -0.07383048373918924
360 -0.0736473804221128
361 -0.07345884370690853
362 -0.07326129344604329
363 -0.07306143656362521
364 -0.07286153064232277
365 -0.07278244363557473
366 -0.07344614757978198
367 -0.07324697984189726
368 -0.0730497754029191
369 -0.07295219779621036
370 -0.07286084881022878
371 -0.07430055639815202
372 -0.07412214014369457
373 -0.07394992878216823
374 -0.07388475013837759
375 -0.07386969908546114
376 -0.07372640478494778
377 -0.0739127088147495
378 -0.07396833280259796
379 -0.07391560302728539
380 -0.07374616915968593
381 -0.07365025441791191
382 -0.07610453086686446
383 -0.07594498852847278
384 -0.07575274396036018
385 -0.07557267297284946
386 -0.07638835542447521
387 -0.07619432023233744
388 -0.07600343899446801
389 -0.07581309858408584
390 -0.07563383110938071
391 -0.0754478879471417
392 -0.07696710610841309
393 -0.0770967714989307
394 -0.07690275655257552
395 -0.0767139928562963
396 -0.07654275039666655
397 -0.07711633433758587
398 -0.07693150021364616
399 -0.07676515206381318
400 -0.07660484156398524
401 -0.07642582578625849
402 -0.07624057109993075
403 -0.0760597384820362
404 -0.07591855594034881
405 -0.07574276321477409
406 -0.07578525254378521
407 -0.0756028132222735
408 -0.07542071780893571
409 -0.07524945140814635
410 -0.07515996948266813
411 -0.07500260764448079
412 -0.07514713871609875
413 -0.07518594454694948
414 -0.07515552887162781
415 -0.07501391828348032
416 -0.07483842802518946
417 -0.07471878994710264
418 -0.07455476660769988
419 -0.07446342688372322
420 -0.07429819618758171
421 -0.07465621369705669
422 -0.0744974639135038
423 -0.07434464627289641
424 -0.07417586111692662
425 -0.0740102156681892
426 -0.0738720620248502
427 -0.07379780593847889
428 -0.07362761950760138
429 -0.07349027705172662
430 -0.07333432293869623
431 -0.07316417369753916
432 -0.0729993698754596
433 -0.07283385454930914
434 -0.07269352021393291
435 -0.07276130295641274
436 -0.07260222016600959
437 -0.07250458958575855
438 -0.07234991337804267
439 -0.07220465184791941
440 -0.07208918342593361
441 -0.07195805278653239
442 -0.07180027045299074
443 -0.07164209521296826
444 -0.07153367308462481
445 -0.07138358126383006
446 -0.07125694268933383
447 -0.07260291115994479
448 -0.07272334810258078
449 -0.07367440793633252
450 -0.07565204031909363
451 -0.07549129547736158
452 -0.07600286555829917
453 -0.07589263533370605
454 -0.07578821438671429
455 -0.07568383300614577
456 -0.07612495534692898
457 -0.07614387717154104
458 -0.07605346966794183
459 -0.07596974819329527
460 -0.07740044886407343
461 -0.07723613409895247
462 -0.07707822446380826
463 -0.07691783388209698
464 -0.07675381137133971
465 -0.07665579971378252
466 -0.07649741089272839
467 -0.0764384423921188
468 -0.07628341692423761
469 -0.07614427306373152
470 -0.0760000480680901
471 -0.0761401098752608
472 -0.07599520060320158
473 -0.07584836099635041
474 -0.07573007771359791
475 -0.0756833636952031
476 -0.075724131673758
477 -0.07569668968736823
478 -0.07572107562927345
479 -0.07556616626841822
480 -0.07543450081455678
481 -0.07529881857496819
482 -0.0751541443123378
483 -0.0751962880124479
484 -0.07504164128256002
485 -0.07488880637295355
486 -0.07478562562101304
487 -0.07464226003062686
488 -0.07449665487522117
489 -0.07436300120279843
490 -0.07428664834363616
491 -0.07413587410228724
492 -0.07400531666669524
493 -0.07385637644884324
494 -0.07387143557976146
495 -0.07390049708493564
496 -0.07378320290904265
497 -0.07397650161366481
498 -0.0738475614623266
499 -0.07373189565669691
500 -0.0742326277281536
501 -0.07415322760995648
502 -0.07401874962932603
503 -0.07410921523949304
504 -0.07398380863397173
505 -0.07404014925015133
506 -0.07401602415071688
507 -0.0738707457898724
508 -0.07390501821619254
509 -0.07377156087312921
510 -0.07366506924926058
511 -0.07401040657268805
512 -0.07387835222944261
513 -0.07417832752599231
514 -0.07405257276422718
515 -0.07393050327173997
516 -0.07562797955822395
517 -0.07548622036284582
518 -0.07534181279091007
519 -0.07522732969696747
520 -0.07510739227398937
521 -0.07496336613891909
522 -0.07482181083090056
523 -0.07468994004509669
524 -0.07454901115513604
525 -0.07445862247603058
526 -0.07432823747120038
527 -0.07424694946449051
528 -0.07450814358134901
529 -0.0743740773283888
530 -0.07439262451299791
531 -0.07426437022765833
532 -0.07472078082027199
533 -0.07459867431988151
534 -0.07447836498030302
535 -0.07444686390558546
536 -0.07445722402227867
537 -0.07437027141175864
538 -0.07424708746790629
539 -0.07412033871066556
540 -0.07401635745983286
541 -0.07391980382506891
542 -0.07378757110279444
543 -0.07458645939945095
544 -0.07445989978521753
545 -0.07434381974872774
546 -0.07423534603347454
547 -0.0741057184501317
548 -0.07401787652076437
549 -0.07389722653245426
550 -0.07376601983258628
551 -0.07364476736128531
552 -0.07670017853150427
553 -0.07667456632268457
554 -0.0765562655892461
555 -0.07647373416174731
556 -0.07655017218935067
557 -0.07657885701575105
558 -0.07645259331802272
559 -0.0763178439974874
560 -0.07623882960402366
561 -0.07612398798002051
562 -0.07604603375882213
563 -0.07595491737802844
564 -0.07582145518213981
565 -0.07579486863651577
566 -0.07568037761224132
567 -0.07556931864404746
568 -0.07556466177860349
569 -0.07546186378772571
570 -0.07563702816745112
571 -0.07551325444217108
572 -0.07538333875510778
573 -0.07654645884626733
574 -0.07646187507809676
575 -0.07655047182181
576 -0.0775549932670098
577 -0.07755595025998069
578 -0.07742356010000696
579 -0.07742538341625259
580 -0.07743807406659471
581 -0.07730516231781222
582 -0.07717689367674177
583 -0.07706639833387813
584 -0.07698671807876763
585 -0.07687931831751485
586 -0.07676165451887386
587 -0.07666818611752706
588 -0.07653969834586087
589 -0.07642454655947427
590 -0.0762963707764264
591 -0.07616934408227398
592 -0.07634859482820773
593 -0.07622060316785503
594 -0.07609300187717663
595 -0.07601995135957332
596 -0.07589764536388985
597 -0.07577223934284766
598 -0.075646414510392
599 -0.07556090863878377
600 -0.07544590162358267
601 -0.07553107522908128
602 -0.07541692219501028
603 -0.0774281576715665
604 -0.07731518636173619
605 -0.07729987682678933
606 -0.0775943430273983
607 -0.07760484010465708
608 -0.07754527622582348
609 -0.07746984108786725
610 -0.07742088035402198
611 -0.07779458237278146
612 -0.07771367874781443
613 -0.07765155700525837
614 -0.07753526543184878
615 -0.07744203926477207
616 -0.07732028558003348
617 -0.07776600475369924
618 -0.07764096349952189
619 -0.07755139063692916
620 -0.07744239095512556
621 -0.07736009279549165
622 -0.07723619300855523
623 -0.0771135657869104
624 -0.07699971837472475
625 -0.07690019812199753
626 -0.07677746581813231
627 -0.07666319571587933
628 -0.07654135069116043
629 -0.07643678595677889
630 -0.07633270194310748
631 -0.07626298738794304
632 -0.07627323462533747
633 -0.07621645966212467
634 -0.07612124415884489
635 -0.07600548464167124
636 -0.07589037246166214
637 -0.07579163028259392
638 -0.075674926030392
639 -0.07582096050414215
640 -0.07582144950607698
641 -0.07571752534052743
642 -0.07560716150724048
643 -0.07549171706348229
644 -0.07548673689703289
645 -0.07653879313473635
646 -0.07643524435671249
647 -0.07650194116152179
648 -0.07639134062068434
649 -0.07627941555345945
650 -0.07616541642835588
651 -0.07605209692232048
652 -0.07600231055828303
653 -0.07588667298528656
654 -0.07578319522119151
655 -0.0756859529600501
656 -0.07557242420005689
657 -0.07561487379709843
658 -0.07617515967092217
659 -0.07609864955859011
660 -0.0759938740900521
661 -0.07592661388216157
662 -0.07581263162164951
663 -0.0757034233158833
664 -0.07564262765563727
665 -0.07560709426123728
666 -0.07550731418925827
667 -0.07539491555590898
668 -0.07537107202196767
669 -0.07543947533419175
670 -0.07533266941627788
671 -0.07526113687793978
672 -0.07515159312066273
673 -0.07504600541781224
674 -0.0749370334978798
675 -0.07482845254239187
676 -0.07483416919995552
677 -0.07474610701810916
678 -0.07470002361490388
679 -0.07490206273771428
680 -0.0748434542773847
681 -0.07478640171478575
682 -0.07528143047141617
683 -0.07517766220407367
684 -0.07509875009296135
685 -0.07499673026712675
686 -0.07490667460670461
687 -0.07480194387931231
688 -0.07475932910906628
689 -0.07466540502141886
690 -0.07455890529003016
691 -0.07452703551918495
692 -0.07446630436296764
693 -0.07441285744905655
694 -0.07432555756394314
695 -0.07422711483849649
696 -0.0741251237625237
697 -0.07425063203481319
698 -0.07414577783076942
699 -0.07404615339594775
700 -0.07394223568891382
701 -0.07385111504301674
702 -0.07374953243054493
703 -0.07364941076213465
704 -0.07354534837780978
705 -0.07344248809226077
706 -0.07341845643038344
707 -0.0733191677597912
708 -0.0733372492863887
709 -0.07336478237654334
710 -0.07327148699170695
711 -0.07321536913994084
712 -0.07311747309785041
713 -0.0730152732364904
714 -0.07297334329849632
715 -0.07299231203547492
716 -0.07290991200473364
717 -0.07307643336706057
718 -0.07298719851835542
719 -0.07288975886462727
720 -0.07279880215389009
721 -0.07270581531759208
722 -0.0738214952922901
723 -0.07373195275649878
724 -0.07368269962136152
725 -0.07358962618843211
726 -0.07349380653111379
727 -0.0733965088496856
728 -0.07331348322895792
729 -0.07324086750803596
730 -0.0732741770041211
731 -0.07317598207543227
732 -0.07309041957545599
733 -0.07327674135663949
734 -0.07317690928394652
735 -0.07326675764472916
736 -0.07318462661494421
737 -0.07308819707470772
738 -0.07300584147376714
739 -0.07291133422200723
740 -0.0728148616051299
741 -0.07272391973753083
742 -0.07263778967876716
743 -0.07256017359410806
744 -0.07246550736243823
745 -0.07237385838924815
746 -0.07230953387817189
747 -0.07221945068753803
748 -0.07213614482363852
749 -0.07206603845405818
750 -0.07198333320891834
751 -0.07188770154713085
752 -0.07205339980461584
753 -0.0719611149682243
754 -0.07190810426657154
755 -0.07182282335256937
756 -0.07173453940231411
757 -0.07164118506663973
758 -0.0715986182966266
759 -0.07160198214173119
760 -0.07151017336024157
761 -0.07141689134313814
762 -0.07132470648465691
763 -0.07139190908061284
764 -0.07130755549329688
765 -0.07121629391187609
766 -0.07113433828116031
767 -0.07119597649471958
768 -0.07111858696886013
769 -0.07105332195221742
770 -0.07096482309167516
771 -0.07089527674561136
772 -0.07084300840891805
773 -0.07075291867740852
774 -0.07075000399878305
775 -0.07069532831162853
776 -0.07060655022271077
777 -0.07067187536235198
778 -0.07063705023254274
779 -0.07055671007661198
780 -0.07051443578012158
781 -0.07042682489460769
782 -0.07034557500384342
783 -0.07041245905377393
784 -0.07071330775565633
785 -0.07073773115267717
786 -0.07069340651539137
787 -0.07060938070254293
788 -0.07053491691100865
789 -0.07044689851220502
790 -0.07036432732329329
791 -0.07029267958363063
792 -0.0702067856078576
793 -0.0701237493856082
794 -0.07003869569747832
795 -0.0704368781296294
796 -0.07037817949557891
797 -0.07039786295399779
798 -0.07031383913107263
799 -0.07022849298719917
800 -0.07014198095735083
801 -0.07006106542367013
802 -0.07006860254041566
803 -0.06999730679796347
804 -0.06991414639910613
805 -0.0698356615057774
806 -0.06976909910422895
807 -0.07023255304424786
808 -0.0701499478948493
809 -0.0700795364315707
810 -0.07001911751045824
811 -0.07089514668184023
812 -0.07081355850878115
813 -0.07073383079377253
814 -0.07066592566276014
815 -0.07057980995631864
816 -0.07052139299677197
817 -0.0704649810225084
818 -0.07040581358102309
819 -0.07032759931713767
820 -0.07061538363881616
821 -0.07054175440836609
822 -0.07046775712146473
823 -0.0703853749815024
824 -0.07039131098642508
825 -0.07033606502087257
826 -0.0702743373002909
827 -0.07019074675794039
828 -0.0701264756444113
829 -0.07004299653378666
830 -0.07000207805415055
831 -0.07011062265013208
832 -0.07005398137545608
833 -0.06997075480410399
834 -0.07003179187448987
835 -0.0699695040258627
836 -0.06990192474786541
837 -0.06983369233723477
838 -0.06975423836031783
839 -0.06972671850961062
840 -0.06965090820796745
841 -0.07011064086495086
842 -0.07004825330952454
843 -0.06996648806155874
844 -0.06991116031210726
845 -0.06983981866103814
846 -0.06975888841234272
847 -0.0696851767297566
848 -0.0696143743019024
849 -0.07136253125703729
850 -0.07128070014707834
851 -0.07120831488273015
852 -0.07140821616175486
853 -0.07134029684124596
854 -0.07125936260061161
855 -0.07119436161579838
856 -0.0711202818695617
857 -0.07105062871152361
858 -0.07097511785200697
859 -0.07089462186149989
860 -0.07081794153634481
861 -0.07073994528105014
862 -0.07066258148176537
863 -0.07058431326195595
864 -0.07050660876929955
865 -0.07044111408019536
866 -0.07063864072162948
867 -0.0705590275635451
868 -0.07048199879806276
869 -0.07041694506212204
870 -0.07033619397130345
871 -0.07032893908905082
872 -0.07026249142847452
873 -0.07019704623825235
874 -0.070122339271437
875 -0.07004506024258444
876 -0.06998591692063533
877 -0.06993575319783685
878 -0.06986027547778796
879 -0.06979365821918217
880 -0.06975866066845397
881 -0.06968093165490324
882 -0.06975291052861676
883 -0.06971481963214753
884 -0.06965604704656138
885 -0.06961350921207828
886 -0.06963641008483024
887 -0.06956743381819797
888 -0.06950637346350656
889 -0.06946417857090312
890 -0.06939526576530992
891 -0.06932025900945729
892 -0.06924742843735421
893 -0.06917419785773402
894 -0.07291966716473436
895 -0.07284152650048498
896 -0.07276375545675202
897 -0.07268471910116213
898 -0.07271385668857273
899 -0.07266226533476595
900 -0.07349394010126868
901 -0.07350042710379953
902 -0.07342446743910729
903 -0.0733455674602685
904 -0.07326634235562625
905 -0.07319221501900314
906 -0.07314231061440332
907 -0.0731038921740408
908 -0.07321449116635462
909 -0.07313481584974052
910 -0.07305453724094639
911 -0.0737436625407226
912 -0.07366570506541904
913 -0.07359460956837133
914 -0.07353171424270617
915 -0.07349450737761959
916 -0.07342818077754143
917 -0.07336845003274459
918 -0.07330476575138291
919 -0.07323637572502087
920 -0.07315834562496489
921 -0.07307912591793067
922 -0.07301126556423357
923 -0.07293269302981384
924 -0.07288616958585133
925 -0.07285282950561235
926 -0.07278086242811964
927 -0.07273964203473028
928 -0.07266340177327414
929 -0.07258812718853133
930 -0.07258109679255198
931 -0.07250796287849581
932 -0.07248526990459477
933 -0.07241703730689292
934 -0.07303140884677961
935 -0.07297733233942628
936 -0.07290304181132008
937 -0.07283029160099376
938 -0.07275722002618353
939 -0.07269973978459585
940 -0.07263634487966594
941 -0.07260203856903426
942 -0.07252888564695499
943 -0.07246904123257317
944 -0.07243512356096243
945 -0.07237453017615258
946 -0.07229802433030041
947 -0.07222282878934905
948 -0.07222353117955392
949 -0.0721581378133434
950 -0.07209772603980749
951 -0.07203963857350108
952 -0.07197020245383697
953 -0.07189790692826696
954 -0.07182301380073468
955 -0.07175365211712581
956 -0.0716920668528854
957 -0.07162817539099663
958 -0.07157958983052234
959 -0.07150841488726616
960 -0.07143517017941577
961 -0.07141428769257788
962 -0.07134250045396631
963 -0.07128552857342364
964 -0.07121746211821696
965 -0.07115166993353153
966 -0.07110968695323779
967 -0.07108013576918325
968 -0.07100747858794797
969 -0.07095019381429025
970 -0.07088015901938785
971 -0.07082565634265003
972 -0.07076999870864879
973 -0.07070337169831527
974 -0.07064212760425337
975 -0.07057813783435193
976 -0.07106485594867543
977 -0.07100567941005863
978 -0.07093938795706929
979 -0.07090593440895866
980 -0.07086701906539057
981 -0.07080638369685935
982 -0.07073469297375093
983 -0.07068851585528217
984 -0.07061857802474276
985 -0.07056275454888607
986 -0.07049614367368871
987 -0.07199828646262618
988 -0.07195736078214439
989 -0.07188822743609867
990 -0.07182190241329602
991 -0.07177214087405134
992 -0.07170435938093996
993 -0.07163982486112079
994 -0.07157364595152846
995 -0.07152841657568465
996 -0.07145960109853358
997 -0.07139321933154696
998 -0.07134622375901553
999 -0.07127627295917696
1000 -0.07120788864560745
1001 -0.07113703139460283
1002 -0.07109131238290345
1003 -0.07102268096122673
1004 -0.07097004349888886
1005 -0.0709003216613577
1006 -0.07084187835481527
1007 -0.07077551051747448
1008 -0.07070586703983078
1009 -0.07064083523076595
1010 -0.07064479513019341
1011 -0.07059553799031708
1012 -0.07205305080547239
1013 -0.07213871525130955
1014 -0.0720784135789151
1015 -0.07200800605683004
1016 -0.07195234581361969
1017 -0.07189892298861075
1018 -0.07184366262632655
1019 -0.07177995072209299
1020 -0.07179683204380055
1021 -0.07174995767065258
1022 -0.07169840643788822
1023 -0.07163571998370893
1024 -0.07156605369416269
1025 -0.07154588061023544
1026 -0.07148186950043309
1027 -0.0714328302387651
1028 -0.0713646890956338
1029 -0.07130047278544219
1030 -0.0712396361358965
1031 -0.07117239260396875
1032 -0.07110495964976973
1033 -0.07112567351785117
1034 -0.07106122195342689
1035 -0.07105598025934873
1036 -0.07103001449167548
1037 -0.0709637682855954
1038 -0.07095077298543327
1039 -0.07088280376981776
1040 -0.07107272720128234
1041 -0.0710069778784892
1042 -0.07094523127049523
1043 -0.0708889940202462
1044 -0.07085059084490598
1045 -0.0707863116001253
1046 -0.07072069455198132
1047 -0.0706588421574477
1048 -0.07059374932399638
1049 -0.07053011249424107
1050 -0.07047549206823793
1051 -0.07051452692590987
1052 -0.07044781777591964
1053 -0.0704528217001584
1054 -0.07039359090692779
1055 -0.07033114813279082
1056 -0.07026789449911451
1057 -0.07020396720655318
1058 -0.07027517798990807
1059 -0.07020948395674613
1060 -0.07014681638806991
1061 -0.0700976288868636
1062 -0.0700446587053277
1063 -0.06998324221707848
1064 -0.06992936680081016
1065 -0.06986575801716763
1066 -0.06984002597068123
1067 -0.06981019084961405
1068 -0.06974918963417993
1069 -0.0696987576594073
1070 -0.06963403901730846
1071 -0.06956949085914994
1072 -0.06950733580139574
1073 -0.06964060347766361
1074 -0.06960622865574415
1075 -0.06959334674144439
1076 -0.06987471818854248
1077 -0.06981407061306959
1078 -0.06978268953863978
1079 -0.06972067803041283
1080 -0.06972329016257896
1081 -0.06970051703845778
1082 -0.06964344324875
1083 -0.06957995927575278
1084 -0.06952574581131175
1085 -0.06946269518674715
1086 -0.06940272572805777
1087 -0.06934990901260489
1088 -0.06977302006682481
1089 -0.06971012286175635
1090 -0.06966933172549
1091 -0.06967328522198121
1092 -0.06964886739704179
1093 -0.06962025337245831
1094 -0.06955675764359694
1095 -0.06949458609811018
1096 -0.07014141436092272
1097 -0.0700797726085188
1098 -0.07003477335379542
1099 -0.0705235738247878
1100 -0.07055713390948024
1101 -0.07049731236707013
1102 -0.07044161322793295
1103 -0.07037794462981074
1104 -0.07032355323976383
1105 -0.07029468546938483
1106 -0.070231380531386
1107 -0.07019139049858436
1108 -0.07023161148318922
1109 -0.07048418028472633
1110 -0.07042817323560263
1111 -0.07036721052703548
1112 -0.07030641790746774
1113 -0.07024735010789869
1114 -0.07018839451149322
1115 -0.07012747817070744
1116 -0.07006557973949788
1117 -0.07000575506777228
1118 -0.06994585116948841
1119 -0.0698892935164544
1120 -0.06987077967724613
1121 -0.06980858998475624
1122 -0.06975389940980709
1123 -0.06978903102768391
1124 -0.0697294353647269
1125 -0.06967440161048823
1126 -0.0696148224089151
1127 -0.0695602599673742
1128 -0.06950138577452734
1129 -0.06946016776466496
1130 -0.0694433479971833
1131 -0.06939197177745382
1132 -0.06936786244374361
1133 -0.06935776218947302
1134 -0.06930020442369925
1135 -0.06924088489561571
1136 -0.0691939763352795
1137 -0.06914096416968056
1138 -0.06908025193462958
1139 -0.06905124883605958
1140 -0.0690419869981812
1141 -0.06898435008675624
1142 -0.06901657617215681
1143 -0.06895676917340506
1144 -0.06889858214640776
1145 -0.06888302138656228
1146 -0.0688753421743787
1147 -0.06888772510466551
1148 -0.06905086936500775
1149 -0.06899817050271968
1150 -0.06894886674443905
1151 -0.0689010331731194
1152 -0.06886771420819097
1153 -0.06881297998584511
1154 -0.0687645753152673
1155 -0.06870951913784445
1156 -0.06865630176197332
1157 -0.06859846104985518
1158 -0.06853997099804063
1159 -0.06848197691506608
1160 -0.06843091339846821
1161 -0.0683792237676347
1162 -0.06833629354591746
1163 -0.06827788857143688
1164 -0.06821954732090037
1165 -0.06816227652519168
1166 -0.06811299860148108
1167 -0.06806636237986795
1168 -0.06812497007245676
1169 -0.06806964474467027
1170 -0.06801151925385802
1171 -0.06795854195759861
1172 -0.06790284347276151
1173 -0.06784590284732613
1174 -0.0677893173540188
1175 -0.06773532991535637
1176 -0.06768626657922326
1177 -0.06763931677539366
1178 -0.06759933235123272
1179 -0.06759122352351517
1180 -0.06753839679887448
1181 -0.06750009255543199
1182 -0.06745748247028921
1183 -0.06740953635353043
1184 -0.06735405865529973
1185 -0.06729753307474373
1186 -0.06724506736544175
1187 -0.06721223583651707
1188 -0.06715684704507262
1189 -0.06828315782185682
1190 -0.06822702055760602
1191 -0.06818021633285778
1192 -0.06812813708986458
1193 -0.06807334266066305
1194 -0.06811300570548133
1195 -0.06805914055430207
1196 -0.06800363168820446
1197 -0.0679655298162035
1198 -0.06790908704228764
1199 -0.06785264812199293
1200 -0.06787526258820738
1201 -0.06788899108923291
1202 -0.06784408759047501
1203 -0.06779337509298274
1204 -0.0678519443868948
1205 -0.06779856366961647
1206 -0.06774601106662342
1207 -0.0676963182881716
1208 -0.06764629941724237
1209 -0.06787582620221042
1210 -0.06782098644392189
1211 -0.06777668903567871
1212 -0.06772202237243619
1213 -0.06784090875039409
1214 -0.0678046323820101
1215 -0.067778763734957
1216 -0.06776518832569273
1217 -0.0677110774408338
1218 -0.06766672635748318
1219 -0.06768854893524638
1220 -0.06766764986888255
1221 -0.0676145979841548
1222 -0.06757245915734511
1223 -0.06751919379475263
1224 -0.06749408097500112
1225 -0.06744173838139561
1226 -0.06766466334506901
1227 -0.06761529893580871
1228 -0.06756626881846274
1229 -0.06751168730208285
1230 -0.06751448780400747
1231 -0.06747288172735783
1232 -0.06742177310557998
1233 -0.06737663040284607
1234 -0.06732865052793856
1235 -0.06729912997170943
1236 -0.06769943577678518
1237 -0.06765565337901876
1238 -0.06760657696570496
1239 -0.06758644266668444
1240 -0.06753519389406891
1241 -0.06831927505535225
1242 -0.06826687853329248
1243 -0.06822638662475321
1244 -0.06817373540683214
1245 -0.06812020268358852
1246 -0.06808519314632507
1247 -0.06803837185277752
1248 -0.06807440591309188
1249 -0.06803820873115106
1250 -0.06811873725392216
1251 -0.06808289767784483
1252 -0.068036349962272
1253 -0.06800722899153548
1254 -0.06812615368695273
1255 -0.06810860776517133
1256 -0.06805893351549608
1257 -0.06800640007542764
1258 -0.06795489595924158
1259 -0.06790881455325862
1260 -0.06786202222371526
1261 -0.0678244196076099
1262 -0.06777592404858718
1263 -0.0677257507380646
1264 -0.06776053912932771
1265 -0.06771923244945816
1266 -0.06767836064604467
1267 -0.06762650178711864
1268 -0.06758053063441719
1269 -0.06754506438225208
1270 -0.06749280917863684
1271 -0.06747310991971919
1272 -0.06742704459936746
1273 -0.06737641778086047
1274 -0.06740866875518589
1275 -0.06737102522925924
1276 -0.0673607200869354
1277 -0.06731740046085341
1278 -0.06731348036792696
1279 -0.0673598346625031
1280 -0.06730985712684116
1281 -0.06726198280414022
1282 -0.06722746185521704
1283 -0.0671781250243942
1284 -0.06713424778097256
1285 -0.06709135744788021
1286 -0.06704195674328405
1287 -0.0670074401029885
1288 -0.0669619622312244
1289 -0.06692634503452405
1290 -0.06688189261544475
1291 -0.06683245202045922
1292 -0.06678533983543644
1293 -0.06675005605909534
1294 -0.06670026329191182
1295 -0.06667593664689536
1296 -0.06665825678575217
1297 -0.06661534559747748
1298 -0.06656740002382112
1299 -0.066582083568468
1300 -0.06655938354939
1301 -0.06651014075348137
1302 -0.06646256293494107
1303 -0.06644604381587613
1304 -0.06646066356889477
1305 -0.06651689000472605
1306 -0.0664709963662696
1307 -0.06642565253401538
1308 -0.06637933951048444
1309 -0.06634350279049345
1310 -0.06630172513448733
1311 -0.06625317808865719
1312 -0.0662178592641955
1313 -0.06617619113680195
1314 -0.06612888619201562
1315 -0.06608950146483074
1316 -0.0661054193543823
1317 -0.06606191068160679
1318 -0.06601270379568479
1319 -0.06596798226994846
1320 -0.06592322704638277
1321 -0.06587477402644117
1322 -0.06583995318006007
1323 -0.06579032322685249
1324 -0.06576340787525453
1325 -0.06571481230552582
1326 -0.06569905200527695
1327 -0.06565035118050316
1328 -0.06560497636074199
1329 -0.06555748064140152
1330 -0.06551020716488393
1331 -0.06557959645862543
1332 -0.06553792808992714
1333 -0.06549914867836408
1334 -0.06564313614754069
1335 -0.06560524104515185
1336 -0.0655570406851504
1337 -0.0655265639372371
1338 -0.06582206637836462
1339 -0.06582458999850767
1340 -0.06578333006740676
1341 -0.0657356605639333
1342 -0.06568882157446462
1343 -0.06563990957031386
1344 -0.06559193302086085
1345 -0.06554654039333319
1346 -0.06550753804113496
1347 -0.06552135041130319
1348 -0.06549079098701606
1349 -0.0654694500185424
1350 -0.06542238174461494
1351 -0.06537748145933435
1352 -0.06535114696050816
1353 -0.06536757581304743
1354 -0.06532191811548867
1355 -0.06527413323724213
1356 -0.0652747689659422
1357 -0.06523055299336043
1358 -0.06520004947220441
1359 -0.065154602370176
1360 -0.06510686493835934
1361 -0.06506838914456967
1362 -0.06504413871445806
1363 -0.0649979904348106
1364 -0.06496586168993052
1365 -0.064979050520191
1366 -0.06510402427634217
1367 -0.06508634947316412
1368 -0.06504924325171439
1369 -0.06501613523277507
1370 -0.06498541673938805
1371 -0.06494155811930931
1372 -0.06490779365943473
1373 -0.06486150840873663
1374 -0.06481891878247234
1375 -0.06477609385232791
1376 -0.06475091033276512
1377 -0.06470857478886297
1378 -0.06467288531754761
1379 -0.06462676685876588
1380 -0.06458707463533875
1381 -0.0645417306115078
1382 -0.06454013376423709
1383 -0.0646120986360588
1384 -0.06457045173052876
1385 -0.06452710223086071
1386 -0.06453482931585738
1387 -0.0644932680042932
1388 -0.0644670138926079
1389 -0.06442356079635543
1390 -0.06437859515565134
1391 -0.06433759051763516
1392 -0.06430924721924687
1393 -0.06426335968883827
1394 -0.06425817722675482
1395 -0.06421531850631329
1396 -0.06417616527882831
1397 -0.0641338151765511
1398 -0.06409310956787027
1399 -0.06404803545268833
1400 -0.06406866512155569
1401 -0.06403307995183283
1402 -0.06398818044589787
1403 -0.06394466247515802
1404 -0.06396221777135012
1405 -0.06391844618827566
1406 -0.06387314174705946
1407 -0.06384487737666661
1408 -0.06380722716731281
1409 -0.0637675878262548
1410 -0.06380365644752162
1411 -0.06378429388655266
1412 -0.06377234671167403
1413 -0.06372797823010934
1414 -0.06368445489469449
1415 -0.0637120352968021
1416 -0.06366833615739434
1417 -0.06378776763185753
1418 -0.06376131722350686
1419 -0.06374186396952379
1420 -0.06371339320540102
1421 -0.06370432427911094
1422 -0.06366240883714151
1423 -0.06364586605139155
1424 -0.0636021405777167
1425 -0.06366051361901459
1426 -0.06362709591283529
1427 -0.06361530442530397
1428 -0.06360693119294912
1429 -0.06366264384112957
1430 -0.06369737425150312
1431 -0.0637713372175856
1432 -0.0637353871028959
1433 -0.06369178790732147
1434 -0.06364779896777926
1435 -0.06370860633371815
1436 -0.06367386662988493
1437 -0.06362998238996045
1438 -0.06358754454762806
1439 -0.06355136870783208
1440 -0.06360181158930421
1441 -0.0635649167761749
1442 -0.06352504882197435
1443 -0.06348728339611158
1444 -0.06344459768256318
1445 -0.06340257956286714
1446 -0.06339062459785512
1447 -0.06347660770857935
1448 -0.06343555595268445
1449 -0.0633925820100475
1450 -0.06335508111022575
1451 -0.06331266957918263
1452 -0.06331744751201197
1453 -0.06328064135377344
1454 -0.06326647660402587
1455 -0.0632394627664088
1456 -0.06320672490944541
1457 -0.06317055930601123
1458 -0.06313127561067029
1459 -0.063092477941937
1460 -0.06346160145916258
1461 -0.06342282657001856
1462 -0.06338080699502992
1463 -0.06333958866976373
1464 -0.06329648641291295
1465 -0.06326205265147695
1466 -0.06321928624071642
1467 -0.06320712708635384
1468 -0.06319510150673181
1469 -0.06318554789479919
1470 -0.06314346778016115
1471 -0.06310137447156489
1472 -0.06355731710859257
1473 -0.06351638283440782
1474 -0.06347369887082893
1475 -0.06343611406455639
1476 -0.0638649889324419
1477 -0.06382537231150955
1478 -0.06379385028139335
1479 -0.06375351112705209
1480 -0.06434720212703453
1481 -0.06433777619542173
1482 -0.06429731803603363
1483 -0.06426345002366136
1484 -0.06426880985659372
1485 -0.06422606346611004
1486 -0.06418483957411657
1487 -0.0641560328106857
1488 -0.06412630467384246
1489 -0.06408474619100948
1490 -0.06412424078351482
1491 -0.06408338704015555
1492 -0.06408464179577429
1493 -0.06404428960523076
1494 -0.06402019558061406
1495 -0.06413639197898159
1496 -0.06412899726621696
1497 -0.06408831724795902
1498 -0.06424224092954248
1499 -0.06422437467774145
1500 -0.06418415745605065
1501 -0.06429742586911552
1502 -0.06426019864550238
1503 -0.06422095565123148
1504 -0.0642088920825085
1505 -0.06449721398899161
1506 -0.06445716740788893
1507 -0.06443344109670329
1508 -0.06440209970659108
1509 -0.06440614942794809
1510 -0.06436818511178688
1511 -0.0650957836674876
1512 -0.06505634762489924
1513 -0.06501978603572976
1514 -0.06497967888547271
1515 -0.06494192738531332
1516 -0.06490261645014811
1517 -0.06488853236902525
1518 -0.06484926355231159
1519 -0.0648167434819512
1520 -0.06478241495061698
1521 -0.06474109273343848
1522 -0.06470733713151787
1523 -0.06466918735468312
1524 -0.06463064698154064
1525 -0.06466922645626225
1526 -0.06464251299203146
1527 -0.0647360068040372
1528 -0.06470721721082302
1529 -0.0646650903647118
1530 -0.06462368019840581
1531 -0.06497865289848638
1532 -0.06493760129969886
1533 -0.06490162114805843
1534 -0.06487480626134838
1535 -0.06495119094793317
1536 -0.06510795942297183
1537 -0.06506899926718644
1538 -0.06504510610420589
1539 -0.0650099792600556
1540 -0.06504500861605525
1541 -0.06500495497652121
1542 -0.06497114104983304
1543 -0.06494297636101765
1544 -0.06490196516186829
1545 -0.06486033008815195
1546 -0.06525119977687288
1547 -0.06522090073490446
1548 -0.06520952442214265
1549 -0.06516881891566312
1550 -0.06513168349031466
1551 -0.0651088454692613
1552 -0.06506701504791476
1553 -0.06506889454717217
1554 -0.06503523978826847
1555 -0.06499573156100084
1556 -0.06495720667466708
1557 -0.06492303984117909
1558 -0.06490369212087023
1559 -0.06489972989305112
1560 -0.0648610331401706
1561 -0.06482590205071537
1562 -0.06479112143215936
1563 -0.06475230207594293
1564 -0.06473031055892257
1565 -0.06469511765534641
1566 -0.06465469458658661
1567 -0.06461401575106418
1568 -0.0645730710996652
1569 -0.06453281578631016
1570 -0.06449410713429625
1571 -0.06446093636681706
1572 -0.06442256432460303
1573 -0.06438447969003536
1574 -0.06437780575633882
1575 -0.06434063821094387
1576 -0.0643059940546336
1577 -0.0642652166329122
1578 -0.06422619943348853
1579 -0.06418853085656778
1580 -0.0641625589235227
1581 -0.06419199768075662
1582 -0.06415540059506855
1583 -0.06411630821712583
1584 -0.0640904058552127
1585 -0.06405331731139918
1586 -0.06401692807077806
1587 -0.06397915041293646
1588 -0.06394113714963333
1589 -0.06390384360093485
1590 -0.06386391772647579
1591 -0.06391307143136543
1592 -0.06387612218581601
1593 -0.06387992480222837
1594 -0.06388127429040691
1595 -0.0638638472936517
1596 -0.0638309216602878
1597 -0.06382073486781628
1598 -0.06379183676974153
1599 -0.06375566966268181
1600 -0.06372020938828654
1601 -0.06370487983159086
1602 -0.06366609531493411
1603 -0.06365574062925948
1604 -0.06361694396233097
1605 -0.06361254491124346
1606 -0.06357443321750254
1607 -0.06354232802944222
1608 -0.06357803791208869
1609 -0.06354357111563531
1610 -0.06426364186356397
1611 -0.06422385582244981
1612 -0.0641847852269687
1613 -0.06417501807219624
1614 -0.06413705953774097
1615 -0.06409740326832629
1616 -0.06405929879521621
1617 -0.06402470608452017
1618 -0.0639884776517982
1619 -0.06394919455149799
1620 -0.06391317693304487
1621 -0.06392326379013887
1622 -0.0639060614320006
1623 -0.06386711997672344
1624 -0.06383182573348713
1625 -0.06380671284378443
1626 -0.06378398465165341
1627 -0.06383170660721123
1628 -0.06379460781303825
1629 -0.06454555008735659
1630 -0.06451721866917091
1631 -0.06447778842048495
1632 -0.06444063767271785
1633 -0.06440721444809842
1634 -0.06445720023833819
1635 -0.06458232743533719
1636 -0.06456317227836172
1637 -0.06531411367379508
1638 -0.0652772469970203
1639 -0.06526365574571194
1640 -0.0652247903362633
1641 -0.06518954746527884
1642 -0.0651509639543928
1643 -0.0651233030635098
1644 -0.06508430253005076
1645 -0.06507430521548256
1646 -0.06503649481964892
1647 -0.06501599572976674
1648 -0.06498127220460738
1649 -0.06494195742880066
1650 -0.06491461042954391
1651 -0.06488410875599028
1652 -0.06494660569784023
1653 -0.06490965986728142
1654 -0.06488268552865033
1655 -0.06484744838834644
1656 -0.06481704582489584
1657 -0.0647802726714841
1658 -0.0647485573647052
1659 -0.06471229341481334
1660 -0.0646734997077782
1661 -0.06464076569824805
1662 -0.06460758201051188
1663 -0.06457249737575456
1664 -0.06454419552534975
1665 -0.06452777543563898
1666 -0.0645012299106757
1667 -0.06447832616206456
1668 -0.06488478825178054
1669 -0.0648479103385835
1670 -0.06480943242210693
1671 -0.06477435568017668
1672 -0.06474153404185395
1673 -0.06473767492565043
1674 -0.06470058549750804
1675 -0.06488646462131613
1676 -0.06491953040532109
1677 -0.06490590715920846
1678 -0.06493321231875003
1679 -0.0649097280832541
1680 -0.06488143767779071
1681 -0.06484391501793656
1682 -0.06481548149965682
1683 -0.06477807368629446
1684 -0.06474531754550529
1685 -0.06470713471343373
1686 -0.06467154055514097
1687 -0.06499693508675213
1688 -0.06495859195854929
1689 -0.06492013216461291
1690 -0.06488274582741982
1691 -0.06491158558091945
1692 -0.06515682034244945
1693 -0.06517123370233714
1694 -0.06513699329150138
1695 -0.06510023418358285
1696 -0.0650625887302224
1697 -0.06502792350717744
1698 -0.06503380006201538
1699 -0.06499675433864416
1700 -0.0649650842309968
1701 -0.06493605893329588
1702 -0.06498358631695729
1703 -0.0649474112470402
1704 -0.06496865619294087
1705 -0.06493364694195465
1706 -0.06490695286962365
1707 -0.06487042345889907
1708 -0.06485524030827453
1709 -0.06481964387664287
1710 -0.06478247386360195
1711 -0.064746465196065
1712 -0.06471348227563514
1713 -0.06468333073147785
1714 -0.06465164520772711
1715 -0.06543963158856536
1716 -0.0654142839072141
1717 -0.06538814319993426
1718 -0.06564093867601282
1719 -0.06560285894898198
1720 -0.06556912203728897
1721 -0.0655367841641937
1722 -0.06550018595317048
1723 -0.06616113799264334
1724 -0.06612502816874007
1725 -0.06620801527059234
1726 -0.06617519443457193
1727 -0.06615288218475417
1728 -0.06611580127024665
1729 -0.06608247620053227
1730 -0.0660506220676367
1731 -0.06607089902103933
1732 -0.06603565019135073
1733 -0.0660008226073995
1734 -0.06605395835020993
1735 -0.06604139251997522
1736 -0.06603881897459686
1737 -0.0661205351657574
1738 -0.06612309616349676
1739 -0.06612232619703909
1740 -0.06608746205770383
1741 -0.0660548953853334
1742 -0.06602129950362565
1743 -0.06598380334956273
1744 -0.06594612902447122
1745 -0.06594744000810422
1746 -0.06591291425577078
1747 -0.06588214803169577
1748 -0.06585803971547252
1749 -0.06583015479739802
1750 -0.06591409311584305
1751 -0.06604571399264819
1752 -0.06600863061872654
1753 -0.06600640985085904
1754 -0.06597532749625998
1755 -0.06594278691171715
1756 -0.06590554751735925
1757 -0.06588377161660829
1758 -0.06630810761809525
1759 -0.06628311283132587
1760 -0.0662477946422624
1761 -0.0662114189988122
1762 -0.06617531930980836
1763 -0.06614154175530974
1764 -0.06611530011687261
1765 -0.066089776127376
1766 -0.06607403267890698
1767 -0.06609428753323295
1768 -0.06606842653381922
1769 -0.06605540291429486
1770 -0.06604173902892167
1771 -0.06631789759569869
1772 -0.06628566698249616
1773 -0.06625269969981597
1774 -0.06621989329219109
1775 -0.06637804624340275
1776 -0.06634745256822801
1777 -0.0663108659309037
1778 -0.0662796992470633
1779 -0.06626170261821251
1780 -0.06622772269698196
1781 -0.06620253684606921
1782 -0.0662028025663714
1783 -0.06616634126466743
1784 -0.06613359513996753
1785 -0.06609706348957109
1786 -0.06606029744937231
1787 -0.06602465867041286
1788 -0.06612119393606393
1789 -0.0661031203937705
1790 -0.06616979363897671
1791 -0.06614695146047402
1792 -0.06614890311121055
1793 -0.06640235949887201
1794 -0.06636721816912572
1795 -0.06634573902527863
1796 -0.06631147140273899
1797 -0.06629404036505289
1798 -0.06629510478086376
1799 -0.06626185256464791
1800 -0.06622745800373095
1801 -0.06620662726448288
1802 -0.06623322188414761
1803 -0.06619823229958212
1804 -0.06616826714716384
1805 -0.06614821712920221
1806 -0.06611165939391309
1807 -0.0660811764423587
1808 -0.0660453757962777
1809 -0.06603150378191068
1810 -0.0660004782829327
1811 -0.06596932595887985
1812 -0.06605616888583542
1813 -0.06615100785265077
1814 -0.06611511439904318
1815 -0.06611979172805611
1816 -0.06608610450751613
1817 -0.0660504019424084
1818 -0.06601507257616031
1819 -0.06598256501746688
1820 -0.06596034453806358
1821 -0.0659884184092926
1822 -0.06595355996642426
1823 -0.06592437012335815
1824 -0.06592895635937941
1825 -0.0658933315322075
1826 -0.065864613130063
1827 -0.06584351381484421
1828 -0.06583553624087378
1829 -0.06580251370378601
1830 -0.06617501977165116
1831 -0.06613902558604992
1832 -0.06610941008078373
1833 -0.0660858078148461
1834 -0.06605251663300843
1835 -0.06616271979589504
1836 -0.06613639241281628
1837 -0.06610547865269313
1838 -0.06607137757637088
1839 -0.06603609829077417
1840 -0.06600418674236054
1841 -0.0659771099403619
1842 -0.06598429697266267
1843 -0.06595454347452653
1844 -0.06596814726508494
1845 -0.06594041907996152
1846 -0.06591518487368449
1847 -0.06588229665461966
1848 -0.06584798069658551
1849 -0.06604029060872661
1850 -0.0660067009881577
1851 -0.06597946953745273
1852 -0.0659622883397043
1853 -0.06602667220232732
1854 -0.06599129252690242
1855 -0.06595835588618304
1856 -0.06599906961328127
1857 -0.06597160160283667
1858 -0.06595458398761485
1859 -0.06592082768097442
1860 -0.0658974445466224
1861 -0.06586997997285868
1862 -0.0658396165253972
1863 -0.06580601129277863
1864 -0.0657712625945503
1865 -0.0657369239594674
1866 -0.06570206777953072
1867 -0.06566776410927491
1868 -0.06564454199428205
1869 -0.0656108017357089
1870 -0.06600977764629305
1871 -0.065984652366615
1872 -0.06595198546041789
1873 -0.06591855249622774
1874 -0.0658840218599166
1875 -0.06585050601080099
1876 -0.06581552576771463
1877 -0.06584949467413885
1878 -0.0658167288887634
1879 -0.06578174503446442
1880 -0.0658309291293316
1881 -0.06579721597578997
1882 -0.06576282738417392
1883 -0.06573573717242491
1884 -0.06571581713447357
1885 -0.06578421031941997
1886 -0.06576026680316763
1887 -0.06572928989678635
1888 -0.06569578575196204
1889 -0.06566163596257536
1890 -0.06563279348204479
1891 -0.06563227218795593
1892 -0.06559779775766084
1893 -0.06557581093343386
1894 -0.06555416355727804
1895 -0.06554229235497777
1896 -0.06551047672364381
1897 -0.06547788882119503
1898 -0.06544522590777267
1899 -0.06541856485441083
1900 -0.06539203675870675
1901 -0.06536254698747727
1902 -0.06533349592294524
1903 -0.06530593644942162
1904 -0.06527221483692561
1905 -0.06523951114502498
1906 -0.06570522173687537
1907 -0.0656785738374358
1908 -0.06564561753529914
1909 -0.06561141477405003
1910 -0.06558085131991379
1911 -0.0655497003898455
1912 -0.06552680978010811
1913 -0.06549431624498547
1914 -0.06547194983530864
1915 -0.06543850933564876
1916 -0.06540514087163975
1917 -0.0653792837855584
1918 -0.06535743127956214
1919 -0.06532386120171552
1920 -0.06579091855617397
1921 -0.06576029805095751
1922 -0.06588916582896198
1923 -0.06586146280398662
1924 -0.06583263308867589
1925 -0.06579877462846798
1926 -0.06576745739662276
1927 -0.06573490146611934
1928 -0.06570370653534649
1929 -0.06567347659892706
1930 -0.06565380539626
1931 -0.06562444268091203
1932 -0.0655914618918252
1933 -0.06557214127115972
1934 -0.0655393356614493
1935 -0.06550835931367154
1936 -0.06559630125211284
1937 -0.06557163928406652
1938 -0.06554108328116393
1939 -0.06558085374536629
1940 -0.06555309654421453
1941 -0.06552073436036002
1942 -0.06549827243724742
1943 -0.06549887809577068
1944 -0.06546596750682518
1945 -0.06549646077797651
1946 -0.06546650890305301
1947 -0.06543470779850336
1948 -0.06540285546110143
1949 -0.06537295605069225
1950 -0.065340557474718
1951 -0.06531688952191125
1952 -0.06528791034216164
1953 -0.06526076132014702
1954 -0.06523040592207974
1955 -0.06522758973455463
1956 -0.0651998340772405
1957 -0.06518690418245346
1958 -0.06516067151466207
1959 -0.06515239188949483
1960 -0.0651210171137067
1961 -0.06508965714175298
1962 -0.06506918377165469
1963 -0.06503877701044561
1964 -0.06501416451484868
1965 -0.06499657511991087
1966 -0.06534237072136423
1967 -0.06587550966135722
1968 -0.06586064342575336
1969 -0.0658305417342876
1970 -0.0658049672410436
1971 -0.06577935524059311
1972 -0.06574929204191703
1973 -0.0657269920875317
1974 -0.0663930994186776
1975 -0.06636058012599198
1976 -0.06632811532493801
1977 -0.06629562027492224
1978 -0.06626719977804466
1979 -0.06623843105431618
1980 -0.06620591430054988
1981 -0.06617379965656332
1982 -0.06615683571814103
1983 -0.06612699894764168
1984 -0.06610010285139688
1985 -0.06612798424285489
1986 -0.0661090578171359
1987 -0.06607716638069305
1988 -0.06605441062332046
1989 -0.06602219188169008
1990 -0.06600657079376179
1991 -0.06600921412966239
1992 -0.06598764128399402
1993 -0.06596119604475668
1994 -0.06593563765333967
1995 -0.06595405984509196
1996 -0.06596904673997943
1997 -0.06595224242713248
1998 -0.06592096448969517
1999 -0.06588844085569001
2000 -0.06589082617459098
