n: 5, k: 1000
[[0.25 0.25 0.25 0.25]
 [0.25 0.25 0.25 0.25]
 [0.25 0.25 0.25 0.25]
 [0.25 0.25 0.25 0.25]
 [0.25 0.25 0.25 0.25]]
Exact value (full):  -1.6658380254689358e-05
Jensen value (full):  -1.6659158940133262e-05
Second Order Approximation (full):  -1.6658380208331404e-05
1 -9.652222797740251e-05
2 -4.826111398863283e-05
3 -3.8525583173956426e-05
4 -2.8894187380433108e-05
5 -2.3115349904319116e-05
6 -1.9262791586909786e-05
7 -1.6510964217331696e-05
8 -1.4447093690148127e-05
9 -1.2841861057894241e-05
10 -1.1557674952091132e-05
11 -1.0506977229161315e-05
12 -9.631395793386467e-06
13 -1.0356251620403172e-05
14 -9.61651936179317e-06
15 -8.975418070997835e-06
16 -8.414454441551917e-06
17 -7.919486533217284e-06
18 -8.538099589405414e-06
19 -8.088725926797926e-06
20 -7.684289630451187e-06
21 -1.1914667646972679e-05
22 -1.1373091844831337e-05
23 -1.5075228198421389e-05
24 -1.4447093690148129e-05
25 -1.7730099061638305e-05
26 -1.7048172174646952e-05
27 -1.6416758390395703e-05
28 -1.5830445590733825e-05
29 -1.5284568156565873e-05
30 -1.4775082551342449e-05
31 -1.4298466985165699e-05
32 -1.3851639891874995e-05
33 -1.3431893228480697e-05
34 -1.3036837545286064e-05
35 -1.3208771373837995e-05
36 -1.284186105789425e-05
37 -1.2494783732001517e-05
38 -1.266740841128052e-05
39 -1.2342603067398025e-05
40 -1.4447093690148137e-05
41 -1.4559469979281198e-05
42 -1.4212815932152198e-05
43 -1.3882285329075708e-05
44 -1.3999836152155889e-05
45 -1.368872868210494e-05
46 -1.5489456927654886e-05
47 -1.5159894014297615e-05
48 -1.4844062888996898e-05
49 -1.492999061666234e-05
50 -1.4631390804326359e-05
51 -1.434450078855257e-05
52 -1.4435078110784322e-05
53 -1.4162718146427319e-05
54 -1.4253307098245399e-05
55 -1.4340601906361002e-05
56 -1.4424779042758193e-05
57 -1.4506002595422148e-05
58 -1.425589910239527e-05
59 -1.4337231686161513e-05
60 -1.4098277824723206e-05
61 -1.3867158516118944e-05
62 -1.3643494669082561e-05
63 -1.3426931261634633e-05
64 -1.3217135460669455e-05
65 -1.3013794915118588e-05
66 -1.2816616204281386e-05
67 -1.2625323425110965e-05
68 -1.2439656904151439e-05
69 -1.2259372021480593e-05
70 -1.2084238135457488e-05
71 -1.1914037598336441e-05
72 -1.17485648539132e-05
73 -1.1587625609337173e-05
74 -1.1688529608462395e-05
75 -1.1532682547014406e-05
76 -1.1380936724025574e-05
77 -1.1233132350984504e-05
78 -1.1089117833662436e-05
79 -1.0948749253487762e-05
80 -1.0811889887817454e-05
81 -1.0913650772469135e-05
82 -1.0780557470364184e-05
83 -1.1813589645147779e-05
84 -1.1672951673180105e-05
85 -1.1535622829964612e-05
86 -1.1401487680777385e-05
87 -1.1270436098238142e-05
88 -1.1142362960756609e-05
89 -1.1017167871308368e-05
90 -1.0894754894958976e-05
91 -1.0775032313694187e-05
92 -1.1707067049169278e-05
93 -1.1581184607778889e-05
94 -1.1660688192213194e-05
95 -1.1537944105977932e-05
96 -1.1417757188205903e-05
97 -1.1300048351212679e-05
98 -1.1184741735382582e-05
99 -1.107176454613491e-05
100 -1.0961046900672194e-05
101 -1.0852521683832501e-05
102 -1.169242076514201e-05
103 -1.2516011126426093e-05
104 -1.2395664865593757e-05
105 -1.227761091449156e-05
106 -1.216178439642903e-05
107 -1.2048122860012525e-05
108 -1.2112996921906889e-05
109 -1.217668063404172e-05
110 -1.206598353736737e-05
111 -1.2826850604394714e-05
112 -1.2712325152568539e-05
113 -1.2768450784356461e-05
114 -1.2823591755937575e-05
115 -1.2712082262406495e-05
116 -1.2602495346350086e-05
117 -1.2494781710910027e-05
118 -1.2388893730307935e-05
119 -1.2444907409419664e-05
120 -1.234119984767336e-05
121 -1.2239206460501374e-05
122 -1.2295069698895655e-05
123 -1.2979843343436361e-05
124 -1.3028832683768355e-05
125 -1.3077038194655038e-05
126 -1.3739301605629225e-05
127 -1.3781153731132959e-05
128 -1.3673488467607414e-05
129 -1.3567492432973739e-05
130 -1.3463127106565195e-05
131 -1.3360355143918614e-05
132 -1.3259140332221226e-05
133 -1.3159447547767405e-05
134 -1.37815578494811e-05
135 -1.382061683981534e-05
136 -1.3718994657168634e-05
137 -1.3618856010035017e-05
138 -1.4219605082262317e-05
139 -1.481171028294678e-05
140 -1.4842016077672901e-05
141 -1.4736753552298362e-05
142 -1.4632973597703746e-05
143 -1.453064511100556e-05
144 -1.4429737853289291e-05
145 -1.4330222419817385e-05
146 -1.4232070211461533e-05
147 -1.4135253407300998e-05
148 -1.4691922154396279e-05
149 -1.4593318650003438e-05
150 -1.4496029859002501e-05
151 -1.4526218545662112e-05
152 -1.4430651318387116e-05
153 -1.4336333335913103e-05
154 -1.4243240262302387e-05
155 -1.4151348389641487e-05
156 -1.4060634617912138e-05
157 -1.397107643563157e-05
158 -1.3882651901227971e-05
159 -1.3915179383261781e-05
160 -1.3828209512115538e-05
161 -1.4341836955999308e-05
162 -1.425330709824538e-05
163 -1.4165863496414812e-05
164 -1.4668036450567177e-05
165 -1.4579139259956848e-05
166 -1.44913131198358e-05
167 -1.4404538789776083e-05
168 -1.4318797487455172e-05
169 -1.4234070875102555e-05
170 -1.4150341046424674e-05
171 -1.4067590513988642e-05
172 -1.4096584299050357e-05
173 -1.4573033106439676e-05
174 -1.4489280042608775e-05
175 -1.4515367136905888e-05
176 -1.4541157786949625e-05
177 -1.4459004353124278e-05
178 -1.43777739915891e-05
179 -1.4297451231858787e-05
180 -1.4218020947236589e-05
181 -1.4139468345317397e-05
182 -1.4061778958803911e-05
183 -1.40890617051744e-05
184 -1.4012490717645535e-05
185 -1.3936747524576439e-05
186 -1.3861818774443571e-05
187 -1.3889587238455122e-05
188 -1.3815706455271122e-05
189 -1.3742607479316582e-05
190 -1.3670277966266825e-05
191 -1.3698467723221468e-05
192 -1.362712153716231e-05
193 -1.3556514689818789e-05
194 -1.3486635748117986e-05
195 -1.3468536244681572e-05
196 -1.3399819223024334e-05
197 -1.3331799836104734e-05
198 -1.3264467513699471e-05
199 -1.3197811898052052e-05
200 -1.322709544628481e-05
201 -1.3256087615928188e-05
202 -1.3190463419809053e-05
203 -1.3125485767494047e-05
204 -1.3061145150986051e-05
205 -1.2997432247809842e-05
206 -1.2934337916509128e-05
207 -1.2871853192274124e-05
208 -1.2809969282695223e-05
209 -1.2748677563638609e-05
210 -1.2687969575239678e-05
211 -1.2627837018010405e-05
212 -1.2568271749056879e-05
213 -1.2509265778403385e-05
214 -1.2450811265419552e-05
215 -1.2392900515347196e-05
216 -1.2423741353445605e-05
217 -1.2366489089143381e-05
218 -1.2752524588630808e-05
219 -1.2694293882746024e-05
220 -1.2636592546914737e-05
221 -1.3016165557912418e-05
222 -1.295753418152481e-05
223 -1.298487493203189e-05
224 -1.292690674037042e-05
225 -1.3298441501423896e-05
226 -1.3239598839912565e-05
227 -1.3181274615947588e-05
228 -1.3546805113146952e-05
229 -1.3487648758940471e-05
230 -1.3429006807814047e-05
231 -1.3453359685462487e-05
232 -1.3395371066128007e-05
233 -1.3752138692356653e-05
234 -1.3693368868884457e-05
235 -1.3635099214122663e-05
236 -1.3986315861424697e-05
237 -1.3927301870447644e-05
238 -1.3948844810255022e-05
239 -1.3890481442847524e-05
240 -1.3832604436835087e-05
241 -1.3854272142676451e-05
242 -1.3797023084235073e-05
243 -1.3740245211459879e-05
244 -1.3683932731084481e-05
245 -1.3628079944426434e-05
246 -1.3572681245464794e-05
247 -1.3517731118964382e-05
248 -1.3540056886809702e-05
249 -1.3562203331218512e-05
250 -1.350795451789309e-05
251 -1.3454137966028428e-05
252 -1.3400748529654755e-05
253 -1.3347781144161509e-05
254 -1.3675239596260882e-05
255 -1.3621611205686773e-05
256 -1.3568401786914023e-05
257 -1.3515606449221218e-05
258 -1.3837337540415718e-05
259 -1.4156584221639605e-05
260 -1.4102135820786619e-05
261 -1.4048104649058941e-05
262 -1.3994485929023843e-05
263 -1.3941274955909162e-05
264 -1.425408159614209e-05
265 -1.4272196463872135e-05
266 -1.4581407108659843e-05
267 -1.4526795097016409e-05
268 -1.4472590637698673e-05
269 -1.441878918551341e-05
270 -1.4365386262603593e-05
271 -1.4382689344824996e-05
272 -1.4329811810468517e-05
273 -1.4347118439531284e-05
274 -1.4294756693401108e-05
275 -1.4242775759970061e-05
276 -1.4191171499969672e-05
277 -1.4139939833904306e-05
278 -1.4436278999888112e-05
279 -1.4384536064404151e-05
280 -1.4333162721316503e-05
281 -1.4349964710011476e-05
282 -1.464135571450577e-05
283 -1.4589619475231413e-05
284 -1.4538247575670257e-05
285 -1.4487236180667424e-05
286 -1.443658150870657e-05
287 -1.4386279830975407e-05
288 -1.4336327470450712e-05
289 -1.4286720801002312e-05
290 -1.4303161493221626e-05
291 -1.425400973551249e-05
292 -1.4205194633678073e-05
293 -1.4221745237469628e-05
294 -1.4173371954348518e-05
295 -1.4125326625689245e-05
296 -1.4403694535661248e-05
297 -1.4419353885859707e-05
298 -1.4370966792282537e-05
299 -1.464572017417257e-05
300 -1.4596901106924872e-05
301 -1.4548406418861544e-05
302 -1.4563327329873934e-05
303 -1.4578149753024858e-05
304 -1.4530195313047351e-05
305 -1.4545029169544258e-05
306 -1.4559766072730726e-05
307 -1.4826744776003272e-05
308 -1.509198985133249e-05
309 -1.5043148460227411e-05
310 -1.4994622174871396e-05
311 -1.494640795565915e-05
312 -1.4959574986392947e-05
313 -1.491178081710691e-05
314 -1.4864291069281291e-05
315 -1.481710284366409e-05
316 -1.4770213277702695e-05
317 -1.5028106068553482e-05
318 -1.498084787336892e-05
319 -1.493388596780934e-05
320 -1.518884953658932e-05
321 -1.5141532248312914e-05
322 -1.5153684388984624e-05
323 -1.5106768957439355e-05
324 -1.506014312732338e-05
325 -1.501380422539273e-05
326 -1.5026199063795219e-05
327 -1.4980247384700624e-05
328 -1.4992668952261304e-05
329 -1.4947098529913589e-05
330 -1.495954526632174e-05
331 -1.491435026551673e-05
332 -1.4926820660935666e-05
333 -1.4881995373665177e-05
334 -1.4837438501288523e-05
335 -1.479314764009024e-05
336 -1.4749120414970515e-05
337 -1.4761896085978327e-05
338 -1.4774596161299705e-05
339 -1.4731013281767443e-05
340 -1.4687686772114782e-05
341 -1.4644614376888239e-05
342 -1.4601793867013894e-05
343 -1.4614775580359638e-05
344 -1.4572290767625635e-05
345 -1.4809826817509048e-05
346 -1.5045989826641687e-05
347 -1.5057541791246764e-05
348 -1.5014272992995662e-05
349 -1.4971252153473792e-05
350 -1.4928477147320617e-05
351 -1.494023225956359e-05
352 -1.495192058139609e-05
353 -1.518299793945843e-05
354 -1.5193934446817598e-05
355 -1.5151134631474063e-05
356 -1.5108575264531335e-05
357 -1.5066254325414618e-05
358 -1.5024169816125367e-05
359 -1.5035396422611379e-05
360 -1.4993631432548189e-05
361 -1.4952097827471498e-05
362 -1.491079368982617e-05
363 -1.4869717123187153e-05
364 -1.482886625196923e-05
365 -1.484044338975727e-05
366 -1.5063617664586901e-05
367 -1.5074492062080135e-05
368 -1.5033528768432805e-05
369 -1.4992787498057278e-05
370 -1.495226645076486e-05
371 -1.4911963845775907e-05
372 -1.4871877921458937e-05
373 -1.4832006935073961e-05
374 -1.5050429985989278e-05
375 -1.5010295506026274e-05
376 -1.497037450733967e-05
377 -1.4930665291139466e-05
378 -1.4941574963767679e-05
379 -1.4952427065564079e-05
380 -1.5167084436384707e-05
381 -1.5127275815816409e-05
382 -1.5087675617345325e-05
383 -1.5048282208422394e-05
384 -1.5058715123360367e-05
385 -1.5069093841337622e-05
386 -1.5079418783574063e-05
387 -1.5040453877156204e-05
388 -1.5001689820771428e-05
389 -1.5012108411321125e-05
390 -1.5022473573201338e-05
391 -1.5032785716350704e-05
392 -1.5240666946608489e-05
393 -1.5447490257119416e-05
394 -1.54566451588643e-05
395 -1.541751441162632e-05
396 -1.53785812944249e-05
397 -1.533984431383406e-05
398 -1.5301301991437148e-05
399 -1.5310708556733307e-05
400 -1.5320068089202983e-05
401 -1.5281863430626074e-05
402 -1.5291248152302634e-05
403 -1.5253304608500056e-05
404 -1.5215548904023231e-05
405 -1.5177979647469749e-05
406 -1.518752778022131e-05
407 -1.5150211987149176e-05
408 -1.5113079114631319e-05
409 -1.5076127820952178e-05
410 -1.5039356777486106e-05
411 -1.5002764668538119e-05
412 -1.5012599029887791e-05
413 -1.5022385767211558e-05
414 -1.498609981125178e-05
415 -1.5182572409242504e-05
416 -1.5146075840950726e-05
417 -1.5109754316151956e-05
418 -1.5073606578553177e-05
419 -1.526799469645019e-05
420 -1.5277010236564844e-05
421 -1.5285982947510303e-05
422 -1.5249760239103557e-05
423 -1.5213708796457598e-05
424 -1.5405474171884356e-05
425 -1.5369225997361953e-05
426 -1.5559726002009935e-05
427 -1.5523286362660642e-05
428 -1.5531536912151164e-05
429 -1.549533286340457e-05
430 -1.5503610046384106e-05
431 -1.5467638793375936e-05
432 -1.547594176270748e-05
433 -1.5663115633873057e-05
434 -1.5670929933206537e-05
435 -1.563490480692299e-05
436 -1.582042619034152e-05
437 -1.5784223842079556e-05
438 -1.5748186801343903e-05
439 -1.575571831556545e-05
440 -1.5719909864847944e-05
441 -1.5727471342579818e-05
442 -1.569188882822978e-05
443 -1.5656466957285383e-05
444 -1.5621204644318217e-05
445 -1.558610081365652e-05
446 -1.5551154399275816e-05
447 -1.555899190966805e-05
448 -1.5524262017012232e-05
449 -1.548968682321012e-05
450 -1.5455265296936014e-05
451 -1.542099641601124e-05
452 -1.538687916730295e-05
453 -1.5352912546624272e-05
454 -1.5319095558635813e-05
455 -1.53273052860775e-05
456 -1.5293692774484925e-05
457 -1.5260227363599535e-05
458 -1.5226908089879588e-05
459 -1.5193733998180205e-05
460 -1.5160704141662123e-05
461 -1.5127817581701605e-05
462 -1.509507338780152e-05
463 -1.5103625111682303e-05
464 -1.5071074195493037e-05
465 -1.5079640748931985e-05
466 -1.5047281004835271e-05
467 -1.5015059846366379e-05
468 -1.5023691174781415e-05
469 -1.5032285695825813e-05
470 -1.5000302109238658e-05
471 -1.5008909793814805e-05
472 -1.4977111256115754e-05
473 -1.4945447173121562e-05
474 -1.4913916693853083e-05
475 -1.4882518974497316e-05
476 -1.4851253178332117e-05
477 -1.4820118475651888e-05
478 -1.4991043390927517e-05
479 -1.4999526643857946e-05
480 -1.4968277630016292e-05
481 -1.4937158549704122e-05
482 -1.5106422179222168e-05
483 -1.5274984924145937e-05
484 -1.524342503793874e-05
485 -1.5211995295592194e-05
486 -1.5219901728203328e-05
487 -1.518864936325807e-05
488 -1.5157525081775703e-05
489 -1.512652809796811e-05
490 -1.513454441112451e-05
491 -1.5103720491753304e-05
492 -1.5073021872867349e-05
493 -1.5238233244276143e-05
494 -1.5245958524236319e-05
495 -1.541015300798009e-05
496 -1.5573685417192636e-05
497 -1.5736559748299696e-05
498 -1.5704960230732554e-05
499 -1.5673487364538426e-05
500 -1.5642140389809075e-05
501 -1.5610918552703397e-05
502 -1.557982110538698e-05
503 -1.554884730597242e-05
504 -1.5555803008826845e-05
505 -1.5716132563220065e-05
506 -1.5685073012699598e-05
507 -1.569171886779211e-05
508 -1.5698338558100792e-05
509 -1.570493223783852e-05
510 -1.571150006000865e-05
511 -1.568075348454848e-05
512 -1.5650127012898704e-05
513 -1.5656763259549202e-05
514 -1.5663373684228295e-05
515 -1.5632959366394576e-05
516 -1.56026629335137e-05
517 -1.575918046744772e-05
518 -1.572875733913192e-05
519 -1.5735165362649207e-05
520 -1.5704905429259235e-05
521 -1.5711334634854903e-05
522 -1.586614477535787e-05
523 -1.5835807978463998e-05
524 -1.5841950561605485e-05
525 -1.5811775417678358e-05
526 -1.5781715008138783e-05
527 -1.5934922812634542e-05
528 -1.590474303458005e-05
529 -1.587467735776584e-05
530 -1.588067706377874e-05
531 -1.5850769950664023e-05
532 -1.5856792040126314e-05
533 -1.5862791532630023e-05
534 -1.6013839166421732e-05
535 -1.6019522684885625e-05
536 -1.6025184996191068e-05
537 -1.5995342938469785e-05
538 -1.5965611817766057e-05
539 -1.5935991016619667e-05
540 -1.5906479922144194e-05
541 -1.591229885305447e-05
542 -1.588294036808548e-05
543 -1.5853690017499436e-05
544 -1.60019777711022e-05
545 -1.6149721349462382e-05
546 -1.6120143105232347e-05
547 -1.6090673008147577e-05
548 -1.6061310466161657e-05
549 -1.6032054891541804e-05
550 -1.6002905700829662e-05
551 -1.600844402359513e-05
552 -1.601396227997377e-05
553 -1.5985003939503407e-05
554 -1.5990544584999977e-05
555 -1.5961732792954685e-05
556 -1.610662576990513e-05
557 -1.6077709027050476e-05
558 -1.6048895928435447e-05
559 -1.6020185917829772e-05
560 -1.6025604374306152e-05
561 -1.5997038234601262e-05
562 -1.596857375375653e-05
563 -1.597405501093388e-05
564 -1.594573221836106e-05
565 -1.5917509683461062e-05
566 -1.5923052107244002e-05
567 -1.5894969122927633e-05
568 -1.5866985022358856e-05
569 -1.587258701976175e-05
570 -1.5844740375867188e-05
571 -1.5816991268378564e-05
572 -1.5822651286343993e-05
573 -1.5795037584273344e-05
574 -1.580071612775824e-05
575 -1.5773236621448858e-05
576 -1.5745852530091938e-05
577 -1.5718563357595875e-05
578 -1.5724334911552634e-05
579 -1.5697177165591167e-05
580 -1.58365307014736e-05
581 -1.5809273333656714e-05
582 -1.5782109633770472e-05
583 -1.5755039119818656e-05
584 -1.5728061313106403e-05
585 -1.570117573821197e-05
586 -1.570689817132868e-05
587 -1.5680140252808295e-05
588 -1.565347334761621e-05
589 -1.562689699218709e-05
590 -1.5600410726098406e-05
591 -1.557401409204386e-05
592 -1.5547706635807067e-05
593 -1.5521487906235493e-05
594 -1.5495357455214662e-05
595 -1.5469314837642645e-05
596 -1.560530965834694e-05
597 -1.55791701111803e-05
598 -1.555311798724833e-05
599 -1.5527152848705117e-05
600 -1.5501274260623712e-05
601 -1.5475481790971864e-05
602 -1.5449775010587963e-05
603 -1.545575303137406e-05
604 -1.5430164036288774e-05
605 -1.5436154709856236e-05
606 -1.54106825073645e-05
607 -1.5416685537079885e-05
608 -1.5391329146393672e-05
609 -1.5397344240643608e-05
610 -1.5530335853326817e-05
611 -1.5504917955039644e-05
612 -1.5510717960904943e-05
613 -1.5642873768435935e-05
614 -1.561739677532751e-05
615 -1.562298559609056e-05
616 -1.5597623606486294e-05
617 -1.560322635841193e-05
618 -1.5577978419320427e-05
619 -1.55528120567688e-05
620 -1.5558459975297566e-05
621 -1.5564089704072616e-05
622 -1.5569701330825882e-05
623 -1.554470983591262e-05
624 -1.5674481499600905e-05
625 -1.5679889563672907e-05
626 -1.580903067934979e-05
627 -1.5783816914310738e-05
628 -1.5758683447886457e-05
629 -1.573362989709469e-05
630 -1.586186576706343e-05
631 -1.5836728103407012e-05
632 -1.5811669989319126e-05
633 -1.581679297755812e-05
634 -1.5821899804950937e-05
635 -1.579698342730513e-05
636 -1.5772145403048147e-05
637 -1.5898911623730022e-05
638 -1.587399169955468e-05
639 -1.5849149772012128e-05
640 -1.5824385475493142e-05
641 -1.582942468932951e-05
642 -1.580476826457956e-05
643 -1.5809822313226566e-05
644 -1.57852728996965e-05
645 -1.5760799608378928e-05
646 -1.5765898249147076e-05
647 -1.5741530554789606e-05
648 -1.586619212488623e-05
649 -1.5841744987559537e-05
650 -1.581737307219385e-05
651 -1.5793076032144186e-05
652 -1.576885352289222e-05
653 -1.5892518721138027e-05
654 -1.5897353587840573e-05
655 -1.5873082819003966e-05
656 -1.5848886046413812e-05
657 -1.5824762932187708e-05
658 -1.594740345657253e-05
659 -1.5923204058307418e-05
660 -1.58990779915522e-05
661 -1.602104947413291e-05
662 -1.6025631758227278e-05
663 -1.6147044422207937e-05
664 -1.615142315281395e-05
665 -1.6155788714305367e-05
666 -1.613153077329269e-05
667 -1.6107345569734324e-05
668 -1.6111757509816462e-05
669 -1.608767416525749e-05
670 -1.6207725738111438e-05
671 -1.6183571154298848e-05
672 -1.6159488459128555e-05
673 -1.613547733214599e-05
674 -1.611153745479839e-05
675 -1.608766851042071e-05
676 -1.6063870184221658e-05
677 -1.6040142163269874e-05
678 -1.6016484136480187e-05
679 -1.6020958418377277e-05
680 -1.6025419540621726e-05
681 -1.6001887353337207e-05
682 -1.597842417539956e-05
683 -1.5982927978282728e-05
684 -1.6100675492901325e-05
685 -1.6077170857145064e-05
686 -1.6194437704259144e-05
687 -1.6170865014733093e-05
688 -1.6147360850467294e-05
689 -1.6151580241895647e-05
690 -1.615578740320392e-05
691 -1.6132407103054366e-05
692 -1.6109094376026635e-05
693 -1.6225130643849686e-05
694 -1.6201751493065845e-05
695 -1.6178439620413755e-05
696 -1.618257192202897e-05
697 -1.6297836851807123e-05
698 -1.627448751534302e-05
699 -1.625120498670857e-05
700 -1.6227988979584505e-05
701 -1.6204839209285332e-05
702 -1.6181755392747692e-05
703 -1.6296037715058725e-05
704 -1.6272889934213276e-05
705 -1.6249807820831217e-05
706 -1.622679109587234e-05
707 -1.6203839481875155e-05
708 -1.6207865868969405e-05
709 -1.618500569143893e-05
710 -1.6162209908774738e-05
711 -1.6139478249268532e-05
712 -1.6252375369673217e-05
713 -1.622958101431584e-05
714 -1.6206850508693353e-05
715 -1.631917970795029e-05
716 -1.6296387557520003e-05
717 -1.6300234327376462e-05
718 -1.62775320511543e-05
719 -1.625489292451829e-05
720 -1.6258781297601742e-05
721 -1.623623097680044e-05
722 -1.6213743122261747e-05
723 -1.6191317474789548e-05
724 -1.6302271771063876e-05
725 -1.6279785878965668e-05
726 -1.6283607828918335e-05
727 -1.6287419264565772e-05
728 -1.6265046435905466e-05
729 -1.6242734986747657e-05
730 -1.6220484664847813e-05
731 -1.619829521934168e-05
732 -1.6202197167873457e-05
733 -1.6180093215393227e-05
734 -1.6184009330283158e-05
735 -1.616199026996966e-05
736 -1.6165920339636283e-05
737 -1.6274951964653604e-05
738 -1.625289918421351e-05
739 -1.6230906086535092e-05
740 -1.63394078728741e-05
741 -1.644761680688831e-05
742 -1.6425450207417925e-05
743 -1.6403343275779223e-05
744 -1.640690668743087e-05
745 -1.638488399389051e-05
746 -1.6388462596505406e-05
747 -1.6366523556884735e-05
748 -1.6344643177797806e-05
749 -1.6322821224289215e-05
750 -1.6326463491382968e-05
751 -1.6304723859570027e-05
752 -1.62830420459268e-05
753 -1.6261417820102012e-05
754 -1.6367864517923365e-05
755 -1.637142300405142e-05
756 -1.6349767682617307e-05
757 -1.6328169574714066e-05
758 -1.633176634512289e-05
759 -1.631024886640713e-05
760 -1.6288788012635363e-05
761 -1.6267383560581786e-05
762 -1.6246035288192392e-05
763 -1.624971613518638e-05
764 -1.622844687322915e-05
765 -1.6207233217185533e-05
766 -1.6210950303774852e-05
767 -1.6189814775347326e-05
768 -1.6193544862286463e-05
769 -1.6298003487923802e-05
770 -1.627683724962762e-05
771 -1.6255725917267357e-05
772 -1.6234669277477972e-05
773 -1.621366711799852e-05
774 -1.619271922766501e-05
775 -1.6171825396403333e-05
776 -1.6175540211027302e-05
777 -1.6154722269957593e-05
778 -1.6258022405828345e-05
779 -1.623715203046767e-05
780 -1.6216335168889972e-05
781 -1.6195571615536544e-05
782 -1.6174861165900134e-05
783 -1.6277475938328614e-05
784 -1.625671385167241e-05
785 -1.623600466205227e-05
786 -1.6215348167571115e-05
787 -1.6218955757630875e-05
788 -1.6198373326466197e-05
789 -1.6177843068764544e-05
790 -1.6157364786398846e-05
791 -1.6136938282243933e-05
792 -1.6140622099494387e-05
793 -1.6120268225472152e-05
794 -1.6221530139517405e-05
795 -1.6201125699090167e-05
796 -1.618077252610119e-05
797 -1.6184378233778105e-05
798 -1.6187974904593675e-05
799 -1.6167714610595263e-05
800 -1.6171323119262773e-05
801 -1.6151134201510715e-05
802 -1.6130995630186965e-05
803 -1.6134636384750372e-05
804 -1.6114568429047777e-05
805 -1.6094550331620216e-05
806 -1.607458190689099e-05
807 -1.6078274521064115e-05
808 -1.605837566645867e-05
809 -1.6038526005560527e-05
810 -1.6042249456843298e-05
811 -1.6045963725755455e-05
812 -1.602620268668416e-05
813 -1.6006490260255104e-05
814 -1.601023477043244e-05
815 -1.599059031059125e-05
816 -1.599434512827999e-05
817 -1.599809075424856e-05
818 -1.5978533186089164e-05
819 -1.5982288971630696e-05
820 -1.5962798375323664e-05
821 -1.5943355259153797e-05
822 -1.5923959449835925e-05
823 -1.5904610774927087e-05
824 -1.5885309062821428e-05
825 -1.5866054142745114e-05
826 -1.5869914272771575e-05
827 -1.5967438231301963e-05
828 -1.594815388561182e-05
829 -1.6045348184878156e-05
830 -1.6142308281013726e-05
831 -1.6145812749441633e-05
832 -1.624241901774447e-05
833 -1.622292031544209e-05
834 -1.6203468372617655e-05
835 -1.629965850388087e-05
836 -1.6280161304713385e-05
837 -1.6260710693835427e-05
838 -1.6241306504463146e-05
839 -1.622194857060784e-05
840 -1.6317544141330217e-05
841 -1.6320798573438746e-05
842 -1.6324045275304737e-05
843 -1.6304681046033752e-05
844 -1.6307939150889877e-05
845 -1.6288639814616473e-05
846 -1.6269386103251516e-05
847 -1.6272674338719463e-05
848 -1.627595481891508e-05
849 -1.627922757124216e-05
850 -1.6260075538805242e-05
851 -1.626335925914108e-05
852 -1.6357559809279884e-05
853 -1.6360721546367017e-05
854 -1.6341563792799682e-05
855 -1.6322450852690983e-05
856 -1.630338256898441e-05
857 -1.6284358785356495e-05
858 -1.6265379346212565e-05
859 -1.6268626310355044e-05
860 -1.6271865723418125e-05
861 -1.6275097611712183e-05
862 -1.6256216988032544e-05
863 -1.6237380120143587e-05
864 -1.6218586856115484e-05
865 -1.6199837044720973e-05
866 -1.61811305354313e-05
867 -1.616246717841219e-05
868 -1.614384682451985e-05
869 -1.6147196277592445e-05
870 -1.6128636281870917e-05
871 -1.611011890382039e-05
872 -1.609164399682044e-05
873 -1.6073211414922437e-05
874 -1.605482101284571e-05
875 -1.6036472645973727e-05
876 -1.6018166170350315e-05
877 -1.599990144267587e-05
878 -1.5981678320303645e-05
879 -1.5963496661236023e-05
880 -1.5967009189512576e-05
881 -1.594888545603965e-05
882 -1.6040238452095616e-05
883 -1.6043652136232092e-05
884 -1.6025503208476017e-05
885 -1.6028925828064864e-05
886 -1.603234072165012e-05
887 -1.6123084675715232e-05
888 -1.610492804882801e-05
889 -1.6086812269245373e-05
890 -1.6068737199279773e-05
891 -1.6159032924058813e-05
892 -1.616227898753476e-05
893 -1.6165517780991722e-05
894 -1.6147435546337216e-05
895 -1.623723978369036e-05
896 -1.621911786428877e-05
897 -1.620103635050457e-05
898 -1.6182995107352407e-05
899 -1.6164994000447527e-05
900 -1.61682045866077e-05
901 -1.6150259853437063e-05
902 -1.613235490903177e-05
903 -1.6114489621203233e-05
904 -1.6203436234429118e-05
905 -1.6185531884998656e-05
906 -1.6188698540252082e-05
907 -1.6170849920031146e-05
908 -1.6153040613951668e-05
909 -1.6241455561546222e-05
910 -1.6329676190574636e-05
911 -1.6332667239261824e-05
912 -1.6420594389193997e-05
913 -1.6402609072228684e-05
914 -1.6384663110442727e-05
915 -1.636675637480275e-05
916 -1.634888873683884e-05
917 -1.6331060068641484e-05
918 -1.6313270242858498e-05
919 -1.629551913269202e-05
920 -1.6277806611895464e-05
921 -1.6260132554770566e-05
922 -1.6347184719003356e-05
923 -1.6350117911663812e-05
924 -1.6332422978858833e-05
925 -1.6314766305368024e-05
926 -1.629714776724113e-05
927 -1.627956724106273e-05
928 -1.6262024603949365e-05
929 -1.624451973354669e-05
930 -1.62270525080266e-05
931 -1.6209622806084425e-05
932 -1.619223050693612e-05
933 -1.6174875490315462e-05
934 -1.6260900492978297e-05
935 -1.6243509155552504e-05
936 -1.6226154979104118e-05
937 -1.622917351332557e-05
938 -1.6232185611439938e-05
939 -1.6235191294009868e-05
940 -1.62381905815105e-05
941 -1.62209342684588e-05
942 -1.630617980318167e-05
943 -1.6309094269503434e-05
944 -1.629181768659068e-05
945 -1.6294741182736727e-05
946 -1.629765849812982e-05
947 -1.6280448721468504e-05
948 -1.628337495862371e-05
949 -1.6266216502397407e-05
950 -1.626915156033657e-05
951 -1.63535396533093e-05
952 -1.6336361565438035e-05
953 -1.631921952811844e-05
954 -1.6322086721007834e-05
955 -1.6304995530723913e-05
956 -1.6388904769684872e-05
957 -1.6472638649734735e-05
958 -1.645544382859708e-05
959 -1.6438284867357528e-05
960 -1.642116165395389e-05
961 -1.6404074076790425e-05
962 -1.638702202473541e-05
963 -1.637000538711872e-05
964 -1.6453150846237272e-05
965 -1.6436100948987145e-05
966 -1.6419086351731324e-05
967 -1.6421811724216198e-05
968 -1.650456008811412e-05
969 -1.65071916272849e-05
970 -1.6490173903957664e-05
971 -1.657259620475421e-05
972 -1.6555546208658645e-05
973 -1.653853125880377e-05
974 -1.6521551247244283e-05
975 -1.650460606647774e-05
976 -1.6487695609442277e-05
977 -1.6470819769514356e-05
978 -1.6453978440506533e-05
979 -1.6437171516665225e-05
980 -1.642039889266849e-05
981 -1.6403660463623837e-05
982 -1.6406359914826463e-05
983 -1.6389669823356515e-05
984 -1.639237800600006e-05
985 -1.6375735997872e-05
986 -1.6359127746352725e-05
987 -1.6342553148838552e-05
988 -1.6423706665871512e-05
989 -1.6407100289060585e-05
990 -1.639052746048564e-05
991 -1.6373988078587937e-05
992 -1.6357482042218258e-05
993 -1.634100925063482e-05
994 -1.632456960350125e-05
995 -1.630816300088453e-05
996 -1.631092038898063e-05
997 -1.6313672245706432e-05
998 -1.6297325880730638e-05
999 -1.628101224121025e-05
1000 -1.6361253456946445e-05
