n: 6, k: 2000
[[0.25 0.25 0.25 0.25]
 [0.25 0.25 0.25 0.25]
 [0.25 0.25 0.25 0.25]
 [0.25 0.25 0.25 0.25]
 [0.25 0.25 0.25 0.25]
 [0.25 0.25 0.25 0.25]]
Exact value (full):  -0.0002743562198094661
Jensen value (full):  -0.00027467419392779074
Second Order Approximation (full):  0.0
1 -0.0001846966042649001
2 -0.0001137914205173729
3 -8.464723759971093e-05
4 -7.831687389625586e-05
5 -6.265349911694994e-05
6 -6.0618029541076956e-05
7 -6.043342286176462e-05
8 -6.0731806797741576e-05
9 -6.363948159557054e-05
10 -6.09218515819247e-05
11 -6.658185371962556e-05
12 -6.523675604813276e-05
13 -6.409859647994654e-05
14 -5.952012530278796e-05
15 -5.5552116949250515e-05
16 -5.5787971064040525e-05
17 -5.250632570731616e-05
18 -5.105368937715343e-05
19 -4.836665309413095e-05
20 -5.3800188288664486e-05
21 -0.00012490432692125266
22 -0.00012192348400600893
23 -0.00011662246296225752
24 -0.00011176319367215205
25 -0.00012770641391390722
26 -0.00012419705881949202
27 -0.00012415945942234914
28 -0.00012102744949509068
29 -0.00012145821980579477
30 -0.00011938713857179797
31 -0.00016459055944816642
32 -0.00016618739789458613
33 -0.0001622563610329051
34 -0.00015896766458081118
35 -0.0001558668936402655
36 -0.0001527285420605316
37 -0.00014943863769415372
38 -0.0001460958069161541
39 -0.00018134189355264294
40 -0.00017680834621382001
41 -0.00017834057698337552
42 -0.00017409437276947912
43 -0.0001700456664259965
44 -0.00016963174836988297
45 -0.00016586215396165727
46 -0.00016225645496248484
47 -0.0001710357868277259
48 -0.00016747254126880926
49 -0.0001666800845315671
50 -0.00016497528729807683
51 -0.00016272951071697164
52 -0.00016042483237183462
53 -0.000157895285945279
54 -0.0001557654887383265
55 -0.00015449124555075842
56 -0.00015350423213275212
57 -0.00015081117542866394
58 -0.00014883965829125788
59 -0.00014631695221852006
60 -0.00014957311826334086
61 -0.00015014891311582542
62 -0.00014772715645266254
63 -0.00014791994671827427
64 -0.00014560869755079694
65 -0.00014336856374231894
66 -0.00014159568962144117
67 -0.00013948232111962453
68 -0.00013743111051492014
69 -0.00013543935529006224
70 -0.00013422508852394295
71 -0.00013233459431937652
72 -0.00013189625929035899
73 -0.00013008946121788456
74 -0.00012891103926588403
75 -0.00012958479504344812
76 -0.00013334853431499563
77 -0.00013342899364934967
78 -0.00013171836552563655
79 -0.00013033472884974454
80 -0.00012933605325989413
81 -0.00012836203632658326
82 -0.00012679664563967035
83 -0.00013141769448396387
84 -0.00012985319812105627
85 -0.00013508886699761815
86 -0.00016224257494680164
87 -0.00016105962331276817
88 -0.00018844681509017566
89 -0.0001868961843774963
90 -0.00018481956010663218
91 -0.00018378115703016168
92 -0.00019859861292736663
93 -0.00019692428630201694
94 -0.00019619788071522894
95 -0.00019466359440940243
96 -0.00019263584863430164
97 -0.00019064991205044004
98 -0.00021836575793631212
99 -0.0002164731955380115
100 -0.00021430846358262863
101 -0.00021455916996067782
102 -0.00021303727400798382
103 -0.00021126994203222232
104 -0.0002488160739630194
105 -0.00024796899652704973
106 -0.0002456296663711316
107 -0.0002433340620125203
108 -0.00024166264008971533
109 -0.00023944555164852276
110 -0.00023808990918033454
111 -0.00023594495504357228
112 -0.00023383830365925222
113 -0.00023221531585396427
114 -0.00023055453445848954
115 -0.00024177313142614807
116 -0.00024012371375576499
117 -0.00023903425707788025
118 -0.00023700854303484507
119 -0.00023618951244682332
120 -0.00023452512635525904
121 -0.00023310607980975759
122 -0.00023466367151061973
123 -0.00023275583678288887
124 -0.00023263060132098178
125 -0.0002310175731544503
126 -0.00022943014860960984
127 -0.0002287424924976483
128 -0.0002271613704606697
129 -0.00022610062247374838
130 -0.00022538846221245424
131 -0.0002239045967032336
132 -0.00022220834975851005
133 -0.0002209836688038287
134 -0.00022050645752159717
135 -0.0002220073894459923
136 -0.0002205397694363171
137 -0.00023002994035823613
138 -0.00022879295370916117
139 -0.00023772503777919722
140 -0.0002364757196118428
141 -0.00023578448282074273
142 -0.00023653027459600347
143 -0.0002368795324978749
144 -0.00023523453574441556
145 -0.00023645676111951652
146 -0.00023508694208074663
147 -0.00023837845467006316
148 -0.00023807071315902432
149 -0.00023676075023023788
150 -0.00023518234522870116
151 -0.00023395889050309196
152 -0.0002328099884786367
153 -0.00023216103292325677
154 -0.0002307990201648601
155 -0.0002294800514655022
156 -0.00022800902549456777
157 -0.00022655673870797643
158 -0.00022535361492792035
159 -0.00022420602135459912
160 -0.0002236087472282825
161 -0.00022715852948900707
162 -0.00022575631634401153
163 -0.00022787129920878678
164 -0.0002307903168245961
165 -0.00022965150421820366
166 -0.00022864649813465776
167 -0.0002282177008822634
168 -0.00022685926218653403
169 -0.0002263069576085398
170 -0.00022742061656190756
171 -0.0002264376058380712
172 -0.00022546602547148875
173 -0.00023295288766956814
174 -0.00023179225084678066
175 -0.00023046772369908323
176 -0.00022933439618093247
177 -0.00022824472830114818
178 -0.00022888204395624155
179 -0.0002287390189294734
180 -0.00022746824660208593
181 -0.00022903109440934531
182 -0.00022777268180269907
183 -0.00022676237335989658
184 -0.00022552996915685218
185 -0.0002286088541408959
186 -0.00022961433868681075
187 -0.0002286561907882808
188 -0.00022839441702123244
189 -0.00022732544588230735
190 -0.00022612899616713587
191 -0.00022639288377558024
192 -0.000225213754172581
193 -0.00022430819421138482
194 -0.00022414934402452188
195 -0.00022299986020901013
196 -0.00022186210582018725
197 -0.0002214136676612295
198 -0.00022029541681445425
199 -0.00022131469747023558
200 -0.00022077141039510067
201 -0.00021980418383474887
202 -0.00021871604431081311
203 -0.00021774902472371634
204 -0.0002166816275436968
205 -0.00021562464399470184
206 -0.00021472841795834187
207 -0.0002138672332409543
208 -0.00021296575073385542
209 -0.00021194677584996006
210 -0.00021108513444355337
211 -0.0002102575422493143
212 -0.00021378209160340816
213 -0.0002127784198118416
214 -0.00021192899766554583
215 -0.0002145815073839346
216 -0.000213756885504653
217 -0.00022476872578183567
218 -0.00022635464228422348
219 -0.000232384927477323
220 -0.00023196292282088178
221 -0.0002311817592913117
222 -0.0002301404000152235
223 -0.00022947358307729446
224 -0.00022844914743855535
225 -0.00022743381789438278
226 -0.0002273886533882413
227 -0.0002270476473789516
228 -0.0002261877984014323
229 -0.00022569203195620008
230 -0.0002265178447723951
231 -0.0002264172504840503
232 -0.00023038986845951934
233 -0.00023017121118108015
234 -0.00022997687525408794
235 -0.00023005449625178336
236 -0.00022907968906427467
237 -0.0002291911035397935
238 -0.0002283222798616018
239 -0.0002277305585231775
240 -0.00022678168119599648
241 -0.00022641748887595802
242 -0.00022605850711638904
243 -0.0002257129898952948
244 -0.0002247879366580179
245 -0.0002238704348757392
246 -0.00022327257700195023
247 -0.00022236863944323677
248 -0.00022167538154895645
249 -0.00022089097789520314
250 -0.00022020917671026918
251 -0.0002224996727839531
252 -0.0002216167375744919
253 -0.00022241324164461225
254 -0.00022226475094626693
255 -0.00022159093106671965
256 -0.00022095708283124767
257 -0.00022029359488895376
258 -0.00022018715735464122
259 -0.0002194777983743496
260 -0.00021886182908362474
261 -0.0002181242698601794
262 -0.00021806761449492964
263 -0.00021758190067611933
264 -0.00021689584492150946
265 -0.00021617683747563352
266 -0.00021536414259790455
267 -0.00022418724505905333
268 -0.00022800407786323265
269 -0.00022784308353758829
270 -0.00022826472735747785
271 -0.00022742242209047509
272 -0.00022674398023267864
273 -0.00022609818060421357
274 -0.0002268172831104571
275 -0.00022612508637717948
276 -0.00023462149004872823
277 -0.00023469307885094174
278 -0.00023666259506773378
279 -0.00024028422890827635
280 -0.00023957923607921053
281 -0.00023872664093302018
282 -0.00023788009256091628
283 -0.0002370395268628202
284 -0.00023655972033242333
285 -0.0002357296862259928
286 -0.00023511288936081762
287 -0.00023429368068708558
288 -0.00023348016096247669
289 -0.00023443816628688347
290 -0.00023362975881692773
291 -0.0002330307760814259
292 -0.00023223272547840635
293 -0.0002315864917285478
294 -0.00024068586695690614
295 -0.0002399459523846121
296 -0.0002395699260628531
297 -0.00023902187041255276
298 -0.0002382197835990869
299 -0.00023742306191480809
300 -0.00023684930419517905
301 -0.00023685854174856913
302 -0.0002386643697133723
303 -0.00023787669852619856
304 -0.00023721415406216208
305 -0.0002377991207035355
306 -0.00023776108550941746
307 -0.00023717838791344542
308 -0.00023640832821242685
309 -0.0002357285565087115
310 -0.000235563937307925
311 -0.00023490618214135468
312 -0.00023415327771141354
313 -0.00023352167995980874
314 -0.0002341255353335512
315 -0.00023358170980661798
316 -0.00023765484738868316
317 -0.00023690514755464858
318 -0.00023616016281390983
319 -0.00023628671882195402
320 -0.00023554832282563455
321 -0.00023489664229273347
322 -0.0002421520331543232
323 -0.00024200138059954194
324 -0.00024125446275818446
325 -0.00024093986850990307
326 -0.0002404636177274251
327 -0.00024099929161719156
328 -0.00024044540896831564
329 -0.00024019188905347212
330 -0.00023976941203279528
331 -0.00024937875419493667
332 -0.00024908494250144896
333 -0.0002485150951749758
334 -0.0002477710380037924
335 -0.0002472085148538882
336 -0.00024660041283578095
337 -0.00024586866086890837
338 -0.00024682910424888904
339 -0.0002461009947968266
340 -0.0002455692146533833
341 -0.0002449147919363064
342 -0.0002484979435372066
343 -0.00024777345973680577
344 -0.0002487176080267644
345 -0.00024799668742378744
346 -0.0002499290463999924
347 -0.00025185026786048425
348 -0.00025123133945128493
349 -0.00025278977025860197
350 -0.0002537100424939454
351 -0.00025315624118423587
352 -0.00025283196587424296
353 -0.0002522837897181853
354 -0.00025167412698299017
355 -0.0002513412978605184
356 -0.00025490689305118894
357 -0.0002543341585655041
358 -0.00025522955212434016
359 -0.0002556972477098293
360 -0.00025498697757730124
361 -0.00025436652079870636
362 -0.0002537645778723539
363 -0.000253065501900253
364 -0.00025434537495192883
365 -0.0002548078047940193
366 -0.0002541116086060567
367 -0.00025349102894163804
368 -0.0002530718100970749
369 -0.00025297466871336034
370 -0.0002522909533925127
371 -0.000251970815481766
372 -0.00025142906781020673
373 -0.00025075499524235023
374 -0.000251195834772935
375 -0.0002511011509194968
376 -0.00025043332870960375
377 -0.0002500678750059795
378 -0.0002494883358670868
379 -0.0002489631441673365
380 -0.0002483079779984743
381 -0.0002477519549104445
382 -0.00024717239186555957
383 -0.0002476122262984982
384 -0.0002469674027925118
385 -0.0002481933038052852
386 -0.0002476809913126853
387 -0.0002470409887511531
388 -0.00024666401319310916
389 -0.0002462273380895887
390 -0.00024579290234557347
391 -0.00024529328029778867
392 -0.0002466959088970416
393 -0.0002471176933912834
394 -0.0002468758547582014
395 -0.00024630758947559884
396 -0.0002462567126115276
397 -0.0002460188701917429
398 -0.00024739853054604743
399 -0.0002469049018521017
400 -0.00024653568583282747
401 -0.00024592088362376737
402 -0.0002453091401321653
403 -0.00024470043258841234
404 -0.00024437359310785497
405 -0.00024384674986685918
406 -0.00024428833981131256
407 -0.00024368812276017845
408 -0.00024309084794949106
409 -0.00024283637480552341
410 -0.00024224409096453367
411 -0.00024173012013616388
412 -0.0002412073743876887
413 -0.0002407116257365299
414 -0.00024290329963763216
415 -0.0002427842344769631
416 -0.0002422006185287005
417 -0.00024260890772919298
418 -0.00024340382673612986
419 -0.0002447739986904646
420 -0.00024472968048240015
421 -0.000244479833030091
422 -0.00024390049693286264
423 -0.00024339719098385955
424 -0.00024282314100512338
425 -0.00024233758815913275
426 -0.00024347408548807005
427 -0.00024290388856655168
428 -0.00024233635611662917
429 -0.00024177146950563405
430 -0.00024129400837064215
431 -0.00024073416148347063
432 -0.00024049869197093188
433 -0.00024000414273257957
434 -0.00023950277620123761
435 -0.00023950306822782236
436 -0.00023990702674032976
437 -0.00023935804040911557
438 -0.00023932790869882857
439 -0.00024463953646881897
440 -0.00024408353752229832
441 -0.00024353006011295007
442 -0.00024315283689532724
443 -0.00024318067455416902
444 -0.00024263297033219955
445 -0.00024218410126801448
446 -0.00024214817357751087
447 -0.0002417023974325273
448 -0.00024127547395982456
449 -0.0002407381121024524
450 -0.00024034824017783827
451 -0.0002403167814441921
452 -0.00023986577790440208
453 -0.00023996866615309792
454 -0.00023944010080914776
455 -0.00023918458822516422
456 -0.00023866006061940668
457 -0.00023813782853927606
458 -0.0002379607532738733
459 -0.00023757157033163368
460 -0.00023752734222114405
461 -0.00023720803102358803
462 -0.0002368800528469614
463 -0.00023805788985402872
464 -0.00023782208009387768
465 -0.00023741910934456118
466 -0.0002369096262772976
467 -0.0002364023251503649
468 -0.0002359888292350219
469 -0.00023557709662848632
470 -0.00023550838060196772
471 -0.000235008362808757
472 -0.00023451046373500905
473 -0.00023412130986170398
474 -0.00023452006715590914
475 -0.0002341512370835512
476 -0.0002337494198560014
477 -0.00023325937914351445
478 -0.0002328265328937673
479 -0.00023242999782879044
480 -0.00023394048117772464
481 -0.00023431821194384384
482 -0.00023388676103060845
483 -0.00023340252343013044
484 -0.00023304286074284894
485 -0.00023256235999904868
486 -0.00023208383662456447
487 -0.0002316072784384765
488 -0.00023165620803135305
489 -0.00023159818012978537
490 -0.00023121305371476508
491 -0.00023074215136503995
492 -0.0002302731632525088
493 -0.000229851536284715
494 -0.00022950634245172145
495 -0.0002349150221818511
496 -0.00023444140318551617
497 -0.00023408905787284087
498 -0.00023368125269740251
499 -0.00023329889795606473
500 -0.00023290522652307083
501 -0.00023552814443335017
502 -0.00023814061247147698
503 -0.00023924793469559918
504 -0.00023877323641247243
505 -0.00023841699816917248
506 -0.00023794581833089294
507 -0.00023756108542840568
508 -0.00023753864303839583
509 -0.0002373860581663876
510 -0.00023830606626449569
511 -0.0002378397138843298
512 -0.00023966118698474562
513 -0.00023927761008374191
514 -0.00023908854434893015
515 -0.0002386242947482521
516 -0.0002381618445646309
517 -0.0002392391402061015
518 -0.00023905628509452036
519 -0.0002386928638933011
520 -0.00023834792719886375
521 -0.00024080924247437308
522 -0.00024187114754856956
523 -0.00024150512371322184
524 -0.00024104423607254722
525 -0.0002406667922643516
526 -0.0002402092508341907
527 -0.0002412622194117443
528 -0.00024084772859492314
529 -0.00024054639115496498
530 -0.00024035481557177962
531 -0.00023999716183560247
532 -0.00023964085266234327
533 -0.0002392858804841057
534 -0.00023894887655583188
535 -0.00023897785358705813
536 -0.00023853199938260415
537 -0.0002383524199096207
538 -0.00023801965664359146
539 -0.00023887395519500744
540 -0.00023847309799673923
541 -0.0002388144273300446
542 -0.00023842244291018174
543 -0.0002381497033839159
544 -0.0002381184518351838
545 -0.00023911680070726443
546 -0.00023901713001780954
547 -0.00023880536538358437
548 -0.0002396815221852754
549 -0.0002402841032437765
550 -0.00024010093924344282
551 -0.00023999085173589247
552 -0.0002396337781580554
553 -0.00023924810924956776
554 -0.0002391048327765292
555 -0.0002387648973691151
556 -0.00024044056111718727
557 -0.00024000889045090815
558 -0.00023964411319465047
559 -0.00023921541173991894
560 -0.00023901795950671183
561 -0.00023863888804906064
562 -0.00023843344852423425
563 -0.00023800994328706816
564 -0.0002376931273996547
565 -0.00023727243159894686
566 -0.0002370891230422447
567 -0.00023672565383141983
568 -0.0002363088833141105
569 -0.00023589357771953336
570 -0.0002367051443829321
571 -0.00023918706894943614
572 -0.0002387689097379856
573 -0.0002383522100700305
574 -0.0002389308621836757
575 -0.00023856117176555518
576 -0.00023828033188041302
577 -0.00023793056212231717
578 -0.00023765178502162745
579 -0.0002372413328886017
580 -0.00023688574797069815
581 -0.00023647802723408717
582 -0.0002360717075996639
583 -0.00023593614267579618
584 -0.00023640601862963222
585 -0.000238601381308452
586 -0.0002384220611842149
587 -0.0002381169567917135
588 -0.00023792148896570147
589 -0.00023765581618792787
590 -0.00023725300971981226
591 -0.00023725703137471207
592 -0.0002369007844834784
593 -0.00023672644890847342
594 -0.0002365922921880632
595 -0.00023632372934055999
596 -0.0002482295873209041
597 -0.0002480374436042954
598 -0.00024798592052051966
599 -0.00024757192065320616
600 -0.0002471593007854503
601 -0.0002467480540287353
602 -0.00024729313209949957
603 -0.00024698141178554665
604 -0.00024663287166911215
605 -0.0002462252140299892
606 -0.0002458189017956158
607 -0.00024541392831654515
608 -0.00024501028698707667
609 -0.00024460797124489715
610 -0.0002444178633594857
611 -0.00024406857402584425
612 -0.0002437128392182275
613 -0.0002434120446726609
614 -0.00024323306705675347
615 -0.00024290729985303492
616 -0.00024259485404428278
617 -0.00024230749730519332
618 -0.00024191541397622007
619 -0.00024174917151756177
620 -0.00024135925349898463
621 -0.000241006679931563
622 -0.0002406192093850488
623 -0.00024419816370485994
624 -0.00024380682049379403
625 -0.00024347507067133854
626 -0.0002449558356403895
627 -0.00024461460158116166
628 -0.0002443195556913603
629 -0.00024393113032460093
630 -0.0002456150645662449
631 -0.00024522581723729635
632 -0.00024515944816597905
633 -0.0002447721504595552
634 -0.00024619690199004945
635 -0.00024601945771684543
636 -0.0002456813800797192
637 -0.0002467987750957906
638 -0.0002464910037894676
639 -0.00024650507877534047
640 -0.0002466538003942974
641 -0.00024670041151595996
642 -0.00024636443280721943
643 -0.00024598128438916737
644 -0.00024564746574959497
645 -0.0002452666169654866
646 -0.00024494339183312385
647 -0.00024568766085700835
648 -0.00024560711085253766
649 -0.00024530639216349166
650 -0.00024571414186741865
651 -0.00024546180097800185
652 -0.0002461879934499838
653 -0.00024586682222182016
654 -0.0002454908790685754
655 -0.00024511608383335576
656 -0.00024480780662746625
657 -0.0002447163131687713
658 -0.000244915520285595
659 -0.00024517456954112685
660 -0.00024489298047028555
661 -0.0002445224918462756
662 -0.00024424801752981535
663 -0.00024396841708640088
664 -0.0002438020787903453
665 -0.000243435459122991
666 -0.0002430699404155987
667 -0.00024270551771632452
668 -0.0002423421861029763
669 -0.00024197994068279207
670 -0.00024161877659222033
671 -0.00024144226854230143
672 -0.00024125062421774928
673 -0.0002408921537508577
674 -0.00024053474699455037
675 -0.00024021160080364018
676 -0.00023985625819890067
677 -0.00023955582529381974
678 -0.0002413711598279648
679 -0.00024122119332315226
680 -0.000241075423660016
681 -0.00024078439695386303
682 -0.00024043134065334377
683 -0.00024007931819265032
684 -0.00023992352940655802
685 -0.0002395732760789568
686 -0.00024006206875614317
687 -0.00024138376097162603
688 -0.0002410329124818413
689 -0.0002407562909567032
690 -0.000240407368795896
691 -0.0002412101420555328
692 -0.00024169233123266185
693 -0.0002424723113998862
694 -0.0002421229276658802
695 -0.00024182701436198555
696 -0.0002417973043713414
697 -0.0002414948721993661
698 -0.00024174434799805047
699 -0.00024144285691436878
700 -0.00024136179083915525
701 -0.00024110211037117627
702 -0.00024079058466997826
703 -0.00024044806605736052
704 -0.00024022220264372375
705 -0.00023992543651302987
706 -0.0002397824986880351
707 -0.00024152305051371566
708 -0.00024150135178601748
709 -0.00024228220134796236
710 -0.00024194095881085214
711 -0.000241825532628539
712 -0.00024323743277453698
713 -0.00024325461017564177
714 -0.00024291391744430294
715 -0.00024261753725277882
716 -0.00024232198493888464
717 -0.00024218220228540012
718 -0.00024203851026559698
719 -0.00024182750382593384
720 -0.00024360370616192454
721 -0.00024335296661710852
722 -0.0002431410163588408
723 -0.00024284760150980307
724 -0.00024350518671864348
725 -0.00024343529364873683
726 -0.00024315905527838022
727 -0.00024282458615144947
728 -0.0002425499455616396
729 -0.00024221722958693188
730 -0.00024218299590189006
731 -0.00024203434582337243
732 -0.0002417726058450095
733 -0.00024250991277717065
734 -0.0002442871296529143
735 -0.0002439547662112093
736 -0.00024384052460383837
737 -0.0002435096690752032
738 -0.00024337225464880115
739 -0.0002430732543964079
740 -0.00024352164871834357
741 -0.0002439688327991944
742 -0.0002436818156128135
743 -0.0002454005388565906
744 -0.0002450706994226432
745 -0.0002449209666563115
746 -0.00024477899663675443
747 -0.0002444928160261357
748 -0.0002442446610896649
749 -0.00024397582474210838
750 -0.00024365052364245187
751 -0.00024332608885730843
752 -0.0002432728368297917
753 -0.0002451461585230546
754 -0.0002454978793999684
755 -0.000245292352248641
756 -0.00024515905574091406
757 -0.0002448351996567117
758 -0.0002454706221509461
759 -0.0002453344261038309
760 -0.0002450779869664071
761 -0.00024475593967735756
762 -0.0002446771216518819
763 -0.00024435644390397607
764 -0.0002441142571747639
765 -0.00024390161137827015
766 -0.00024369505850887566
767 -0.00024344309713097845
768 -0.00024318195538571656
769 -0.00024306993380132004
770 -0.0002430182592952985
771 -0.00024270306051540802
772 -0.00024258295329878117
773 -0.0002422691331780838
774 -0.0002419561239620911
775 -0.00024170900726234865
776 -0.00024139752658288653
777 -0.00024111569072902202
778 -0.000240805773388753
779 -0.00024058047168482147
780 -0.00024222164183104506
781 -0.0002419868803479656
782 -0.0002417870021293903
783 -0.00024147820646894374
784 -0.0002519772562050757
785 -0.00025169575916596677
786 -0.0002514397094490402
787 -0.0002530858941887149
788 -0.00025349426875526327
789 -0.00025364927550720683
790 -0.0002533824868505773
791 -0.00025321788430727267
792 -0.0002534229488216335
793 -0.00025334737291890757
794 -0.0002530282956230396
795 -0.0002527100210373499
796 -0.0002525171924859743
797 -0.00025225416744743465
798 -0.0002551600300192106
799 -0.0002548863168170077
800 -0.0002546307597730636
801 -0.0002555082020271761
802 -0.00025525250686462566
803 -0.00025513372783140224
804 -0.0002550395847900487
805 -0.00025507863394504696
806 -0.0002548684645647455
807 -0.0002545526424277381
808 -0.0002542376020286935
809 -0.00025392334046870713
810 -0.00025360985486318986
811 -0.0002534692063406215
812 -0.0002531895138103552
813 -0.0002529510590366474
814 -0.0002526726902562146
815 -0.0002526748729531541
816 -0.00025239752491248155
817 -0.0002521332233905068
818 -0.00025279702591839734
819 -0.0002524883604410851
820 -0.00025218044780640054
821 -0.00025192552184898694
822 -0.0002516912155970854
823 -0.0002514230635495853
824 -0.0002511179384724617
825 -0.00025104728971193306
826 -0.00025081941223570743
827 -0.000251211269116473
828 -0.0002509453159901301
829 -0.0002515098443094548
830 -0.00025216480075149753
831 -0.0002518613533378371
832 -0.000251558635365075
833 -0.000251256644206173
834 -0.00025095537724669284
835 -0.00025114879262140826
836 -0.0002508483754053536
837 -0.00025071475886611987
838 -0.0002507574311760214
839 -0.0002505606787114756
840 -0.00025075718859358226
841 -0.0002505023800238623
842 -0.0002513419995313366
843 -0.0002510871017637539
844 -0.0002507896051976828
845 -0.0002504928127654958
846 -0.00025049871360118936
847 -0.00025030960635980405
848 -0.00025007391187313176
849 -0.00025070070183219655
850 -0.0002504057598300407
851 -0.00025018122401682786
852 -0.0002512350777689124
853 -0.00025094054661091805
854 -0.00025070576925149274
855 -0.00025041254612956083
856 -0.0002501200081083811
857 -0.00024982815278970125
858 -0.0002495369777864495
859 -0.0002493476458914457
860 -0.0002490577067683158
861 -0.0002488270249737669
862 -0.00024853836253180164
863 -0.0002483496530890326
864 -0.00025293278104360033
865 -0.0002526403732042433
866 -0.000252604008871298
867 -0.0002523126547664865
868 -0.0002520639802580679
869 -0.00025203417170921325
870 -0.00025174447725897245
871 -0.0002514811782817867
872 -0.0002516237395406823
873 -0.00025136570418240475
874 -0.00025107810040187536
875 -0.00025106501663886246
876 -0.0002507784127385895
877 -0.0002509663837385239
878 -0.00025241254182736296
879 -0.0002521253830767058
880 -0.0002519314226673653
881 -0.0002516454619151886
882 -0.0002531141032277258
883 -0.00025282745078918903
884 -0.000252541446885581
885 -0.0002523130844390004
886 -0.0002520632977528441
887 -0.00025177912267082255
888 -0.0002514955876227695
889 -0.00025126942912337576
890 -0.00025102193772043324
891 -0.0002515470974903433
892 -0.000251321641867217
893 -0.00025104020665795893
894 -0.0002509350580565348
895 -0.00025065468368999085
896 -0.00025040953569536426
897 -0.0002501303723333847
898 -0.0002499772842600104
899 -0.00024969922276472646
900 -0.0002494466803706881
901 -0.000249169825009566
902 -0.000248993721966482
903 -0.0002488543954472463
904 -0.0002487924245574112
905 -0.0002531674298405915
906 -0.00025293533139349357
907 -0.0002527037447401048
908 -0.00025262884700830385
909 -0.0002526319890025326
910 -0.0002523543714321999
911 -0.00025207736334061646
912 -0.0002526728088755554
913 -0.0002524610377626423
914 -0.00025218482218522113
915 -0.00025197355235064277
916 -0.00025169847205331643
917 -0.00025205091107248273
918 -0.0002517763458098763
919 -0.00025166557752203034
920 -0.0002513920279812452
921 -0.0002513646320239403
922 -0.00025424471681444134
923 -0.00025401572604516226
924 -0.000253795406733059
925 -0.0002535210333203743
926 -0.00025328073207543276
927 -0.0002532831098399277
928 -0.00025345805151001514
929 -0.0002532135959882222
930 -0.0002529413233043636
931 -0.00025277787878119043
932 -0.0002526591233558785
933 -0.000252537885177641
934 -0.0002525042780852384
935 -0.00025237702194665047
936 -0.0002527215818084904
937 -0.0002524907830888006
938 -0.00025227537786339855
939 -0.00025203973004938484
940 -0.0002533893613852251
941 -0.00025372854428649754
942 -0.00025507351736659594
943 -0.000254993315039148
944 -0.00025482829933904554
945 -0.0002545586397630251
946 -0.00025435226253577655
947 -0.00025414632116328457
948 -0.00025390603904366547
949 -0.00025375719946874406
950 -0.0002535284689234708
951 -0.000254888572636036
952 -0.0002547559608592586
953 -0.0002544886408583567
954 -0.00025433997067133874
955 -0.0002540736460947193
956 -0.000253840307636989
957 -0.00025626172058587887
958 -0.000256088508852645
959 -0.00025604798552694507
960 -0.0002559681883780453
961 -0.00025570183230272966
962 -0.0002555748239411941
963 -0.0002553094295238094
964 -0.0002550445857172491
965 -0.00025504504202195896
966 -0.00025537613934142775
967 -0.0002551120481942285
968 -0.0002591957880265026
969 -0.0002589555022512063
970 -0.00025868853781589547
971 -0.00025885016545942294
972 -0.00025866286837348076
973 -0.00025998694260904044
974 -0.0002597200155632403
975 -0.0002596764326134384
976 -0.00025959960901881905
977 -0.0002600774860313754
978 -0.0002598115581315476
979 -0.00025989518975236086
980 -0.0002612085488440146
981 -0.0002613627268932399
982 -0.0002612511897700869
983 -0.0002612048400243733
984 -0.0002609393879511775
985 -0.0002648532237632424
986 -0.00026519036573861013
987 -0.00026646240506991774
988 -0.00026619270627936084
989 -0.00026604810483226
990 -0.0002659197848597696
991 -0.0002657023488323245
992 -0.0002654610751659254
993 -0.00026522496338882433
994 -0.0002655320796462826
995 -0.0002652963711044316
996 -0.0002650300092860534
997 -0.0002648412102776658
998 -0.0002648529240242614
999 -0.0002646307351481308
1000 -0.00026649109311976515
1001 -0.00026628413476778324
1002 -0.0002660446883975204
1003 -0.0002660049233555522
1004 -0.00026698210812967923
1005 -0.0002671374814224009
1006 -0.0002675940897413512
1007 -0.00026886458925459017
1008 -0.0002686740464060476
1009 -0.0002684077688575775
1010 -0.00026832488651639666
1011 -0.000268059481089575
1012 -0.0002679428020462844
1013 -0.0002677280911673263
1014 -0.000267464059519232
1015 -0.0002679712068370644
1016 -0.0002677571019894509
1017 -0.00026749382066989364
1018 -0.0002672951978067858
1019 -0.0002670749731148948
1020 -0.00026684888312307535
1021 -0.0002682073896742347
1022 -0.000267944955829152
1023 -0.0002677088012992744
1024 -0.0002674473669230053
1025 -0.00026722828289358757
1026 -0.00026752587761930786
1027 -0.0002674007417424309
1028 -0.00026727885174306136
1029 -0.000267049233889574
1030 -0.0002668389343243042
1031 -0.00026658011867510483
1032 -0.0002663218046066209
1033 -0.0002660639906621805
1034 -0.00026586405042245494
1035 -0.0002656486129213413
1036 -0.0002654273914624009
1037 -0.0002656635691945645
1038 -0.00026633004167637823
1039 -0.00026615209189888127
1040 -0.00026592598611869443
1041 -0.00026567053368246104
1042 -0.00026547585994029897
1043 -0.0002652510528650969
1044 -0.000266581161120836
1045 -0.0002664210054586557
1046 -0.0002661663008645267
1047 -0.00026591208281212476
1048 -0.0002656583499086778
1049 -0.0002654051007667246
1050 -0.00026515233400408936
1051 -0.00026494804128064273
1052 -0.0002646961895303757
1053 -0.00026465959329274326
1054 -0.0002644084931093533
1055 -0.00026423066268737634
1056 -0.0002639804442568009
1057 -0.0002637784198834848
1058 -0.0002635584044398374
1059 -0.00026330952964810926
1060 -0.00026308599129161523
1061 -0.00026283803088511954
1062 -0.00026263803338114273
1063 -0.0002624157575941091
1064 -0.0002621982635366941
1065 -0.00026249186615555993
1066 -0.0002636721675810605
1067 -0.000263425052147526
1068 -0.0002631783994769756
1069 -0.00026340961117037043
1070 -0.0002658800721027962
1071 -0.00026577844491781205
1072 -0.000265645425729546
1073 -0.0002653978531053803
1074 -0.0002651507415103099
1075 -0.00026499638593136297
1076 -0.00026583787064824577
1077 -0.0002655910388277736
1078 -0.00026610301919583905
1079 -0.0002658563991595127
1080 -0.0002656569401618296
1081 -0.00026543557284601326
1082 -0.0002651902534626063
1083 -0.0002649453871159185
1084 -0.0002647475045463113
1085 -0.0002645499867372011
1086 -0.00026445098799893923
1087 -0.00026486910051477303
1088 -0.0002646801820242134
1089 -0.00026456761787395285
1090 -0.0002645241857837074
1091 -0.00026428172548509696
1092 -0.00026407310044478013
1093 -0.00026522279860149967
1094 -0.0002653602813995614
1095 -0.0002651179432430319
1096 -0.00026501831555587126
1097 -0.00026480499173175883
1098 -0.00026463799285300225
1099 -0.0002644430908409993
1100 -0.00026420268803114356
1101 -0.0002639627219203067
1102 -0.00026374711044103636
1103 -0.00026350799248052746
1104 -0.00026330815393368803
1105 -0.0002632745360127557
1106 -0.00026303649393679454
1107 -0.0002628268874205956
1108 -0.00026263520311936914
1109 -0.0002660288049386407
1110 -0.0002657891393486056
1111 -0.0002655953063533879
1112 -0.0002653564616534296
1113 -0.00026511804614430675
1114 -0.00026591063732442214
1115 -0.0002670360028386955
1116 -0.0002674476958919641
1117 -0.0002674013590019387
1118 -0.00026720729757319074
1119 -0.0002669962115883215
1120 -0.00026677783199594815
1121 -0.0002666687707652712
1122 -0.00026647605410831616
1123 -0.00026627695364764075
1124 -0.00026616862912696407
1125 -0.00026728376206617497
1126 -0.0002670990746955886
1127 -0.00026695149297201675
1128 -0.0002667317261533754
1129 -0.00026665906439793835
1130 -0.00026642308292501956
1131 -0.0002662197585205404
1132 -0.0002661477415998199
1133 -0.0002659128362674279
1134 -0.00026567834523015483
1135 -0.0002654965368050938
1136 -0.0002652628250649482
1137 -0.00026515450052433745
1138 -0.00026494874268600724
1139 -0.00026541421674089656
1140 -0.00026525762609461346
1141 -0.0002650251478947056
1142 -0.0002647930768370042
1143 -0.000264613315424886
1144 -0.00026457532202055797
1145 -0.00026484633488571807
1146 -0.00026474610273422917
1147 -0.0002645152866028129
1148 -0.0002653711952700396
1149 -0.00026514023687554845
1150 -0.00026495354161014514
1151 -0.0002647233473950188
1152 -0.00026453733813656976
1153 -0.00026779978590981774
1154 -0.0002680620898417004
1155 -0.00026786157130630423
1156 -0.0002677527791359618
1157 -0.00026772847233270307
1158 -0.00026761777754058524
1159 -0.0002675068142571738
1160 -0.00026746346927894037
1161 -0.0002672330959203881
1162 -0.0002670031190736405
1163 -0.00026677353771588136
1164 -0.00026721635992327247
1165 -0.00026700622662559597
1166 -0.0002669011785688048
1167 -0.0002668094662848437
1168 -0.0002665810335226133
1169 -0.0002663529915777691
1170 -0.0002661253394482152
1171 -0.0002665660680969521
1172 -0.00026646193339073206
1173 -0.0002662849606628167
1174 -0.0002667354195474352
1175 -0.0002671741286262196
1176 -0.00026694693974133315
1177 -0.00026689284766352804
1178 -0.0002668697041661614
1179 -0.0002667612577097581
1180 -0.000266535188847292
1181 -0.0002663522129732991
1182 -0.0002661268726915956
1183 -0.00026593273601261633
1184 -0.0002658363682220288
1185 -0.00026561203373407747
1186 -0.0002654528308371041
1187 -0.00026522919744970954
1188 -0.00026518879125615453
1189 -0.00026496575610791535
1190 -0.00026481509758464995
1191 -0.00026482493505886935
1192 -0.0002646248796366425
1193 -0.0002644218504568382
1194 -0.00026436189305363843
1195 -0.00026419031471868636
1196 -0.0002640882306950006
1197 -0.00026390974485620915
1198 -0.0002636894529155944
1199 -0.0002639489988703177
1200 -0.00026375942735580837
1201 -0.0002635818097490689
1202 -0.00026347360507249354
1203 -0.00026325459126944056
1204 -0.00026303594127669163
1205 -0.0002628433820561338
1206 -0.0002626672604140157
1207 -0.0002624798502408965
1208 -0.0002627384638190322
1209 -0.00026252114499039755
1210 -0.0002624216215832902
1211 -0.0002622049232995713
1212 -0.00026264462525328857
1213 -0.00026242810041796
1214 -0.0002622534814568758
1215 -0.00026208609005118783
1216 -0.00026187055872713236
1217 -0.00026165538160410244
1218 -0.00026148926534891504
1219 -0.000262026676036234
1220 -0.00026194061921733935
1221 -0.0002620726353091474
1222 -0.0002618581732507927
1223 -0.00026187830079070506
1224 -0.00026168588295653325
1225 -0.0002614722618275889
1226 -0.0002620399532986245
1227 -0.00026247441437271275
1228 -0.0002622606729929302
1229 -0.00026204727944289505
1230 -0.00026198439271510804
1231 -0.0002617929828686818
1232 -0.00026158048856440505
1233 -0.00026141645392873715
1234 -0.00026120460915245755
1235 -0.00026099310744464156
1236 -0.00026142525192988453
1237 -0.00026132672214098426
1238 -0.00026111563432019166
1239 -0.00026098496673328464
1240 -0.00026088217223471384
1241 -0.000260701335014105
1242 -0.00026053204302267793
1243 -0.00026066285575340384
1244 -0.0002605675462410542
1245 -0.00026039876964299854
1246 -0.0002602930259764664
1247 -0.0002601913633962972
1248 -0.0002599828767269089
1249 -0.0002598090603618512
1250 -0.00026022698798325707
1251 -0.0002601814672607802
1252 -0.00026114805765389793
1253 -0.00026113773822218097
1254 -0.0002610098568298428
1255 -0.00026094486309737535
1256 -0.00026076178763352755
1257 -0.0002605543399106685
1258 -0.0002603472219934102
1259 -0.00026019229627778883
1260 -0.0002603156587249343
1261 -0.00026010922283379613
1262 -0.0002600157114229853
1263 -0.0002608429434032999
1264 -0.00026078270104638656
1265 -0.0002606479517808541
1266 -0.00026050639749260467
1267 -0.000260752691157948
1268 -0.0002605470502343216
1269 -0.000260494208790449
1270 -0.000260412746702413
1271 -0.0002614043127441415
1272 -0.0002613085105352705
1273 -0.00026130312410771873
1274 -0.0002610980196146983
1275 -0.0002613616880004717
1276 -0.0002611568590913802
1277 -0.00026095235097932726
1278 -0.00026092512719241335
1279 -0.00026074962918949446
1280 -0.0002605459185416899
1281 -0.00026078787998178417
1282 -0.00026063073326010246
1283 -0.00026045601186353115
1284 -0.00026027730942477807
1285 -0.00026007475898942784
1286 -0.0002598725235625307
1287 -0.0002596989343301271
1288 -0.00025949730472272776
1289 -0.00025929598796188753
1290 -0.0002590949833200564
1291 -0.000260033215431694
1292 -0.00025983195133306243
1293 -0.00025973426211200475
1294 -0.0002595335401165548
1295 -0.00025945658212664716
1296 -0.00025930216021357563
1297 -0.00025922245615644484
1298 -0.0002590684525560053
1299 -0.0002590174627626876
1300 -0.00025883849461576583
1301 -0.0002586395411225944
1302 -0.0002584891424691589
1303 -0.0002583362926152193
1304 -0.0002581381819613731
1305 -0.00025794037492538714
1306 -0.0002578291321286933
1307 -0.0002581819325576004
1308 -0.00025809123070018655
1309 -0.00025828393694084034
1310 -0.0002581146081198619
1311 -0.00025791772436080764
1312 -0.00025775958637094554
1313 -0.0002595214850102096
1314 -0.0002593440400990636
1315 -0.0002593646713648161
1316 -0.0002593146155795541
1317 -0.0002592641357735228
1318 -0.000259938491224979
1319 -0.00025974141882829574
1320 -0.0002595722686484706
1321 -0.0002593757718516131
1322 -0.00025922444810799305
1323 -0.0002591335840747041
1324 -0.00025893786384504025
1325 -0.00025878050748112826
1326 -0.00025858534872737156
1327 -0.00025840737263046337
1328 -0.00025853141246079804
1329 -0.00025892545849139125
1330 -0.00025873077769553285
1331 -0.0002587025418451783
1332 -0.0002585528595936323
1333 -0.0002584344962122643
1334 -0.0002583545852495542
1335 -0.000258208117765734
1336 -0.0002580148482165079
1337 -0.00025782186777655524
1338 -0.0002576932132516266
1339 -0.0002575760222575852
1340 -0.0002574834429786657
1341 -0.00025742916494830495
1342 -0.0002576657192610326
1343 -0.0002575477391976531
1344 -0.00025745182730922033
1345 -0.00025756943113998
1346 -0.00025740110472791805
1347 -0.0002572100125937472
1348 -0.0002570192039790632
1349 -0.00025691218995272085
1350 -0.00025681313046023484
1351 -0.00025665478338866534
1352 -0.0002575897230353743
1353 -0.0002573993389089622
1354 -0.00025720923599987117
1355 -0.00025704229344969014
1356 -0.00025688993237905
1357 -0.0002567377958641515
1358 -0.0002565487400498183
1359 -0.0002563599624633208
1360 -0.00025617146249092113
1361 -0.00025602030100610907
1362 -0.000255848781745554
1363 -0.0002562349664890416
1364 -0.0002563518242699742
1365 -0.0002572973446181815
1366 -0.0002571089863863964
1367 -0.0002572249483419887
1368 -0.00025703691840898995
1369 -0.00025686553356583523
1370 -0.00025683547798639565
1371 -0.00025666736959381944
1372 -0.0002564802942515497
1373 -0.0002563302289838222
1374 -0.0002562579634292378
1375 -0.00025609811267871403
1376 -0.0002559431621875012
1377 -0.0002566072804003623
1378 -0.00025725420154723637
1379 -0.00025706765027707864
1380 -0.0002579833209549498
1381 -0.0002577965118883638
1382 -0.00025760997316774973
1383 -0.0002575334896527745
1384 -0.00025776111030438565
1385 -0.00025799008065985454
1386 -0.0002578039406305182
1387 -0.0002576544357574333
1388 -0.000257541409847111
1389 -0.0002573749717347404
1390 -0.00025743562780896565
1391 -0.00025729320520291024
1392 -0.0002571732566935316
1393 -0.0002570108940401296
1394 -0.00025692230644648926
1395 -0.00025673813275011164
1396 -0.0002565849437128765
1397 -0.00025640127517764875
1398 -0.0002562400454246637
1399 -0.00025687751831627784
1400 -0.0002566940343746232
1401 -0.00025651081236579025
1402 -0.0002563278517292952
1403 -0.0002561711413442131
1404 -0.0002563950212458927
1405 -0.00025635024988412335
1406 -0.00025666471384285216
1407 -0.0002565810938131605
1408 -0.00025649759256192017
1409 -0.00025631555026769574
1410 -0.0002561641819602505
1411 -0.00025598263399287944
1412 -0.0002558013431756038
1413 -0.0002556203089624574
1414 -0.0002554395308090184
1415 -0.00025575836519586826
1416 -0.0002556780964509492
1417 -0.0002555233929117877
1418 -0.0002554373536985252
1419 -0.00025545922600357456
1420 -0.0002553862499795981
1421 -0.00025670194488234464
1422 -0.00025832953317688915
1423 -0.0002581736186640868
1424 -0.00025799231696558656
1425 -0.0002578112697256105
1426 -0.000257700054595468
1427 -0.0002575194659096966
1428 -0.0002573744527554613
1429 -0.000258276910870799
1430 -0.0002581656812087512
1431 -0.0002579852719276827
1432 -0.00025782352164823905
1433 -0.0002578218896860018
1434 -0.0002580399347582587
1435 -0.00025793034210144463
1436 -0.00025790199690465144
1437 -0.0002578510536947421
1438 -0.00025780629723039244
1439 -0.0002576524799157494
1440 -0.00025749887623626567
1441 -0.00025734994310686493
1442 -0.0002571714757399391
1443 -0.00025699325572903106
1444 -0.00025681528256024346
1445 -0.00025663755572110123
1446 -0.00025663173293686295
1447 -0.00025657838876937594
1448 -0.00025649932760474963
1449 -0.0002563571201196268
1450 -0.0002567197832003161
1451 -0.0002565428570919766
1452 -0.0002563661746835109
1453 -0.0002564809483191829
1454 -0.0002565904036364882
1455 -0.0002565787468695666
1456 -0.00025643716852807765
1457 -0.00025711710076421426
1458 -0.0002575694161225315
1459 -0.000257540711512258
1460 -0.00025790007992020796
1461 -0.0002581170443094678
1462 -0.00025794049366356506
1463 -0.0002577641843719288
1464 -0.0002584399591343654
1465 -0.00025829798010537386
1466 -0.00025816225555058567
1467 -0.00025800740880549633
1468 -0.000258373291831654
1469 -0.00025829203794481604
1470 -0.0002581342602807477
1471 -0.0002589925600261308
1472 -0.0002588345208357356
1473 -0.00025867669622672585
1474 -0.00025860774145112077
1475 -0.00025987308447846403
1476 -0.0002597550689154177
1477 -0.000259687443914924
1478 -0.0002595458696508826
1479 -0.0002593703822474673
1480 -0.0002591951319891918
1481 -0.0002591143411526429
1482 -0.0002590295944909377
1483 -0.00025894496212007767
1484 -0.0002588313367279131
1485 -0.0002586570395314631
1486 -0.000258712914279361
1487 -0.00025853893114938145
1488 -0.00025864450241855596
1489 -0.00025849161966374465
1490 -0.0002583181353552453
1491 -0.00025819950496456915
1492 -0.00025813170191632534
1493 -0.0002579588072733805
1494 -0.00025781055049572705
1495 -0.0002576381019669672
1496 -0.00025848239012456897
1497 -0.00025934311471337887
1498 -0.0002591699884685767
1499 -0.0002589970932127602
1500 -0.0002588756267492342
1501 -0.0002589800593627797
1502 -0.00025897773237236655
1503 -0.00025882605196526887
1504 -0.0002586539601753982
1505 -0.00025894620776056854
1506 -0.0002587948504383534
1507 -0.0002586473178112935
1508 -0.0002584758010222938
1509 -0.0002587727621801329
1510 -0.0002586297909712519
1511 -0.0002585331844136556
1512 -0.0002583621968578263
1513 -0.0002582247735166524
1514 -0.00025805421554207054
1515 -0.00025790434614600616
1516 -0.00025775467446682317
1517 -0.0002583415630273545
1518 -0.00025824559182802375
1519 -0.00025807558156348896
1520 -0.0002579231363596738
1521 -0.000257753561648063
1522 -0.000257658229007324
1523 -0.00025748905091867814
1524 -0.00025732009484852135
1525 -0.0002576727529444928
1526 -0.0002575242138406658
1527 -0.0002573702432147912
1528 -0.00025720180719174474
1529 -0.00025713815195040686
1530 -0.000257096122250463
1531 -0.0002569281953254136
1532 -0.00025681641589858374
1533 -0.0002571178659160734
1534 -0.0002569502532264278
1535 -0.00025678285892465145
1536 -0.00025668129096456383
1537 -0.0002565380130793944
1538 -0.00025649659220680464
1539 -0.00025632992775442837
1540 -0.00025616347974939283
1541 -0.00025603545213342694
1542 -0.00025588951609475713
1543 -0.00025623062372341843
1544 -0.00025606467124691343
1545 -0.00025589893359562074
1546 -0.0002557334103526739
1547 -0.00025565830401311836
1548 -0.0002555167050967398
1549 -0.0002554919858807357
1550 -0.0002554101472841313
1551 -0.00025533509969211495
1552 -0.0002552088050291599
1553 -0.0002550939232473791
1554 -0.00025509350990440263
1555 -0.000254929462631152
1556 -0.00025480375332533886
1557 -0.0002546635217441788
1558 -0.0002546640489572841
1559 -0.0002545902066571577
1560 -0.00025445934157703246
1561 -0.000254296331108373
1562 -0.00025413352935990403
1563 -0.00025402007054260635
1564 -0.00025397574607567686
1565 -0.0002538134612539031
1566 -0.0002537516629753149
1567 -0.0002535897282829246
1568 -0.0002535274427407257
1569 -0.0002543518274805805
1570 -0.00025418981994715324
1571 -0.0002543911622153615
1572 -0.0002543142720285232
1573 -0.0002541693544186922
1574 -0.00025403512118003346
1575 -0.0002539058548692282
1576 -0.0002537447470932958
1577 -0.0002535838436392098
1578 -0.00025344625133111087
1579 -0.00025328574072228793
1580 -0.0002531485112543999
1581 -0.00025298839201894465
1582 -0.0002529452240115148
1583 -0.00025280846972057833
1584 -0.0002528861124770924
1585 -0.00025281774281143304
1586 -0.00025283269475756705
1587 -0.00025293527590748737
1588 -0.00025279010952979384
1589 -0.00025265053241901647
1590 -0.0002525289445261654
1591 -0.0002526314586903106
1592 -0.00025252101015967824
1593 -0.00025244630757232473
1594 -0.00025237169871469183
1595 -0.00025266421758240066
1596 -0.0002529960185658197
1597 -0.00025333548486052167
1598 -0.00025317695201642856
1599 -0.0002530186174623218
1600 -0.0002528920062524464
1601 -0.0002527340474727758
1602 -0.000252595638005255
1603 -0.0002524888660681694
1604 -0.0002523314540569048
1605 -0.00025217423819767917
1606 -0.0002520973190961513
1607 -0.0002519543905018974
1608 -0.0002518203785559753
1609 -0.0002516831390916798
1610 -0.0002517849688063316
1611 -0.00025167634834023436
1612 -0.00025152022157327376
1613 -0.00025140106817042975
1614 -0.00025124530542682954
1615 -0.00025108973557826786
1616 -0.00025101396356438525
1617 -0.00025094660664343665
1618 -0.0002508444654238931
1619 -0.00025071204955980124
1620 -0.00025055728903538145
1621 -0.00025089323376219794
1622 -0.0002507385523603715
1623 -0.0002515210259484053
1624 -0.0002514517465802516
1625 -0.0002512970070438943
1626 -0.0002520776935006565
1627 -0.00025197281490775943
1628 -0.0002524061620763156
1629 -0.0002522512166115663
1630 -0.0002521928032007523
1631 -0.00025206910478166035
1632 -0.000252090186307262
1633 -0.00025201757736800805
1634 -0.00025189421329474836
1635 -0.00025174014955573
1636 -0.0002515862741586909
1637 -0.00025273068615174144
1638 -0.0002525763939135534
1639 -0.00025242228995143393
1640 -0.00025229452406534756
1641 -0.0002526174515870135
1642 -0.00025249432322530505
1643 -0.00025268787416874816
1644 -0.00025261538749863673
1645 -0.000252461821913531
1646 -0.00025239322050475015
1647 -0.00025225358349662957
1648 -0.00025212654020371285
1649 -0.00025223024288843765
1650 -0.0002520994749724199
1651 -0.00025194677995426563
1652 -0.00025210319455460566
1653 -0.0002519642398501747
1654 -0.000251811903550386
1655 -0.00025170895993667405
1656 -0.0002516486485308892
1657 -0.00025153618449799556
1658 -0.00025140317237254715
1659 -0.00025145759295273716
1660 -0.00025130611247505463
1661 -0.00025128795639341617
1662 -0.00025160740923982155
1663 -0.00025148644307771805
1664 -0.00025135394045597937
1665 -0.000251218808282591
1666 -0.0002510937587198583
1667 -0.00025096173011864936
1668 -0.0002508573150513862
1669 -0.00025070701108790406
1670 -0.0002505754512492314
1671 -0.0002504254958624872
1672 -0.0002503591791203806
1673 -0.0002502396821105428
1674 -0.00025013607262178123
1675 -0.00025001685149284985
1676 -0.00025021068693505507
1677 -0.0002500748493567576
1678 -0.0002502299559421922
1679 -0.00025009938543865576
1680 -0.000250855691272168
1681 -0.0002510617707012005
1682 -0.0002509954699475495
1683 -0.0002517655184500008
1684 -0.00025161601398536286
1685 -0.00025159469254663777
1686 -0.000251504315204761
1687 -0.00025139246943069155
1688 -0.0002515827348347507
1689 -0.00025211351155823093
1690 -0.00025199417852278923
1691 -0.0002518584108643666
1692 -0.0002526083132135834
1693 -0.0002524591057043018
1694 -0.0002523827909282642
1695 -0.00025223389252653644
1696 -0.00025208516971254657
1697 -0.0002519366221758861
1698 -0.0002519152751603135
1699 -0.0002517966909381248
1700 -0.0002516834727568588
1701 -0.0002515651642376964
1702 -0.00025150962498549144
1703 -0.0002516995107327864
1704 -0.0002521136906005002
1705 -0.0002519789676547698
1706 -0.000251849438412595
1707 -0.0002518152508434957
1708 -0.000251692927064764
1709 -0.00025187947217666435
1710 -0.00025174758878461034
1711 -0.0002516480520423967
1712 -0.0002515357142682983
1713 -0.0002514183207875005
1714 -0.0002513632560478257
1715 -0.0002512347655664593
1716 -0.0002510883583604181
1717 -0.0002509421216927648
1718 -0.00025168120845879885
1719 -0.0002515597454153498
1720 -0.00025141348974941043
1721 -0.0002513018757418779
1722 -0.0002511852316105886
1723 -0.00025114664273807224
1724 -0.00025100096603114747
1725 -0.0002509328610006978
1726 -0.000250800461352453
1727 -0.000250689590085188
1728 -0.00025062526966445606
1729 -0.0002505610236455988
1730 -0.00025041619068395376
1731 -0.000250730868616086
1732 -0.00025060132358326173
1733 -0.00025078591515840257
1734 -0.00025073185024596106
1735 -0.000250587336211237
1736 -0.0002505732653673961
1737 -0.0002528516758109587
1738 -0.0002527240293234406
1739 -0.00025298036201264895
1740 -0.0002530313427901749
1741 -0.0002529106391106687
1742 -0.00025300404803177683
1743 -0.00025285889367260755
1744 -0.00025276060315035094
1745 -0.00025263352090241635
1746 -0.0002528180864990523
1747 -0.0002527073295993883
1748 -0.0002525627601888621
1749 -0.00025248276849203785
1750 -0.0002523901068415555
1751 -0.00025312945406755856
1752 -0.00025300578610374096
1753 -0.0002528742431955986
1754 -0.0002527638962968473
1755 -0.00025264430788686043
1756 -0.00025252915775803063
1757 -0.00025242913968185856
1758 -0.000252285550865202
1759 -0.00025216285480527816
1760 -0.0002520345570876413
1761 -0.00025234295523307983
1762 -0.0002524398844680866
1763 -0.00025233034725783007
1764 -0.0002521873028432847
1765 -0.0002520571180077532
1766 -0.00025220337315028335
1767 -0.00025351572692876344
1768 -0.0002533723356805004
1769 -0.00025322910654783744
1770 -0.00025308603925600233
1771 -0.00025294313353084355
1772 -0.00025283584084507534
1773 -0.0002527567779243749
1774 -0.0002526427327742832
1775 -0.0002525152489089255
1776 -0.0002523730668994046
1777 -0.0002522458782696156
1778 -0.0002525512088730663
1779 -0.0002524266731066984
1780 -0.0002523629566229681
1781 -0.0002522212592862902
1782 -0.00025216388500458043
1783 -0.0002528471092078556
1784 -0.00025275340685595776
1785 -0.0002526265751836375
1786 -0.0002524998855400657
1787 -0.0002524668644837814
1788 -0.0002524003392735027
1789 -0.00025225925467916297
1790 -0.00025213305334792567
1791 -0.0002520485426940352
1792 -0.00025190789060547814
1793 -0.00025187531021917276
1794 -0.00025258256656004237
1795 -0.00025244185203828173
1796 -0.0002524213885292034
1797 -0.00025231393410196727
1798 -0.00025217360377154335
1799 -0.00025203342945038056
1800 -0.00025198003643297205
1801 -0.00025185733906710395
1802 -0.0002519482223304857
1803 -0.0002518084839930865
1804 -0.00025181052192865697
1805 -0.00025181255760612715
1806 -0.00025176164973546273
1807 -0.00025169621428375826
1808 -0.0002515570017758578
1809 -0.00025145073797320995
1810 -0.00025131181491355606
1811 -0.0002512798874939241
1812 -0.0002511412120593246
1813 -0.0002510026896036933
1814 -0.0002508970242746868
1815 -0.0002507914753813045
1816 -0.0002507934908619656
1817 -0.0002520150176972796
1818 -0.0002519109503026989
1819 -0.00025217184887333315
1820 -0.00025203329291241354
1821 -0.00025191491284022615
1822 -0.0002519284236067134
1823 -0.00025201822094959565
1824 -0.00025190770694779306
1825 -0.00025219828825199657
1826 -0.0002525078761968763
1827 -0.00025236966717870595
1828 -0.0002522592027446157
1829 -0.00025220869084764555
1830 -0.0002523850167284003
1831 -0.0002522471767411099
1832 -0.00025220743631853464
1833 -0.0002520897362340505
1834 -0.0002519878856396078
1835 -0.0002519738106890158
1836 -0.0002518365700513855
1837 -0.0002517486486088686
1838 -0.00025162854710282707
1839 -0.000251567308812976
1840 -0.0002514628297227439
1841 -0.0002513262393752572
1842 -0.00025162146057603336
1843 -0.00025148493238255734
1844 -0.0002514209599617997
1845 -0.00025132631304470584
1846 -0.0002511901666129372
1847 -0.0002511839076205997
1848 -0.00025110251723348365
1849 -0.00025104356391015046
1850 -0.00025095483813505215
1851 -0.00025091904222264254
1852 -0.00025079778943081844
1853 -0.00025070388743863973
1854 -0.00025059587060704484
1855 -0.0002504879702356457
1856 -0.00025035300904478584
1857 -0.00025033998122693914
1858 -0.00025038914534625066
1859 -0.0002502544551120675
1860 -0.00025013951356709274
1861 -0.00025000510222181205
1862 -0.00024987083524961976
1863 -0.0002497717611276533
1864 -0.0002496727933083928
1865 -0.0002495800987264171
1866 -0.0002495067210113671
1867 -0.0002493730805609056
1868 -0.00024923958319443817
1869 -0.0002491379706741554
1870 -0.0002490047418128322
1871 -0.0002488716553661122
1872 -0.00024873871110576686
1873 -0.00024921886375375786
1874 -0.00024916005503887684
1875 -0.0002490735168121778
1876 -0.00024896018507691495
1877 -0.00024885891322740464
1878 -0.0002491026466006603
1879 -0.0002512096554134516
1880 -0.00025112225712864563
1881 -0.0002516517500470138
1882 -0.0002517428661560828
1883 -0.0002524307282025071
1884 -0.00025232351480200776
1885 -0.00025220610290052365
1886 -0.00025238906637272687
1887 -0.00025230318180133055
1888 -0.00025225213456420853
1889 -0.00025211859717163865
1890 -0.0002519852010884789
1891 -0.0002518683406333843
1892 -0.0002517352178317809
1893 -0.00025162888157389916
1894 -0.00025149602577581354
1895 -0.0002527201083478182
1896 -0.0002528060307483104
1897 -0.0002526727645222964
1898 -0.00025255885009497125
1899 -0.00025284456091177477
1900 -0.00025278464868606687
1901 -0.00025265167412074003
1902 -0.00025254138735031367
1903 -0.0002524817288872114
1904 -0.00025234912293716546
1905 -0.00025226163369332556
1906 -0.000252151783012883
1907 -0.0002520333808570107
1908 -0.00025190128789010435
1909 -0.000251851594893297
1910 -0.0002517197354195307
1911 -0.00025160423690832455
1912 -0.0002515482306088992
1913 -0.0002514896815615659
1914 -0.00025149176893784624
1915 -0.0002513604416433616
1916 -0.00025126333063312293
1917 -0.00025117232075690517
1918 -0.000251060376471557
1919 -0.0002509295477188359
1920 -0.00025079885524606553
1921 -0.0002510464797099074
1922 -0.0002509467290871582
1923 -0.0002508299387297361
1924 -0.00025083235815854713
1925 -0.00025072433419938417
1926 -0.00025063644006057716
1927 -0.00025129552503498225
1928 -0.00025116518503237064
1929 -0.00025151014496402346
1930 -0.00025141056757429386
1931 -0.00025132474237794366
1932 -0.00025119465710756155
1933 -0.0002510647064313547
1934 -0.0002509348901405421
1935 -0.0002511000393049668
1936 -0.0002511888989268728
1937 -0.0002510592195779171
1938 -0.00025095180317811935
1939 -0.0002508223798654951
1940 -0.00025069308997896636
1941 -0.00025061046854164994
1942 -0.000250492961126402
1943 -0.0002504358591922455
1944 -0.00025032579094238274
1945 -0.0002502106408554018
1946 -0.00025048402623374904
1947 -0.0002504360310261224
1948 -0.0002503760124211324
1949 -0.00025100196246065164
1950 -0.0002512809992446231
1951 -0.00025119394605324045
1952 -0.00025108114284343066
1953 -0.00025174468916024047
1954 -0.00025239409985449785
1955 -0.0002523042805696228
1956 -0.000252175290651131
1957 -0.0002520599015765849
1958 -0.00025193116822542203
1959 -0.0002518025663018765
1960 -0.0002517132779506631
1961 -0.00025169490778839025
1962 -0.0002516968394968377
1963 -0.000251568618997858
1964 -0.00025173324039991045
1965 -0.00025237902154257675
1966 -0.00025246205814386793
1967 -0.0002523522468186596
1968 -0.0002522240190509671
1969 -0.0002522694547522656
1970 -0.0002521599084206447
1971 -0.0002520477025211439
1972 -0.00025197020292257454
1973 -0.0002518424937472462
1974 -0.00025171491396317955
1975 -0.000251587463373831
1976 -0.00025148566844381475
1977 -0.0002513584627440453
1978 -0.0002512470591129839
1979 -0.0002511201025394047
1980 -0.0002510149339203292
1981 -0.00025090387240926616
1982 -0.00025084741804986025
1983 -0.00025112188919113867
1984 -0.00025099531565828006
1985 -0.00025088015986607446
1986 -0.0002507694458281281
1987 -0.00025122102870430563
1988 -0.0002510946599775931
1989 -0.000250968418318479
1990 -0.000250932475757808
1991 -0.0002508317767150676
1992 -0.00025070585714844347
1993 -0.0002509445824836858
1994 -0.0002508484847907581
1995 -0.0002507480297515957
1996 -0.00025065212682225417
1997 -0.00025052661248734057
1998 -0.00025041244054321783
1999 -0.0002503375841308551
2000 -0.00025021241533878955
