n: 7, k: 2000, t: 500
[[0.25 0.25 0.25 0.25]
 [0.25 0.25 0.25 0.25]
 [0.25 0.25 0.25 0.25]
 [0.25 0.25 0.25 0.25]
 [0.25 0.25 0.25 0.25]
 [0.25 0.25 0.25 0.25]
 [0.25 0.25 0.25 0.25]]
Exact value:  -0.0018764906798083697
Jensen value (simple): 0.00126135
Jensen value (full): -0.0018993042319302644
1 -0.001830031513236463
2 -0.000973399386566598
3 -0.0007007490300262967
4 -0.0005829883230035193
5 -0.0008240280963946134
6 -0.0007273575150369046
7 -0.0006319244104296169
8 -0.0005713032346648106
9 -0.0008442094723351249
10 -0.0007708230219577672
11 -0.0007416196686707818
12 -0.0006892783479391559
13 -0.0006421644287071943
14 -0.0006108549743138221
15 -0.0005701313093595489
16 -0.0005976976597139411
17 -0.0005638572719737192
18 -0.0005473158911020769
19 -0.0005185097915703742
20 -0.000547567334160676
21 -0.0006852768389459361
22 -0.0006568245182113886
23 -0.0006294129683658668
24 -0.0006056593356333677
25 -0.0006267545319860582
26 -0.000610047817574972
27 -0.000602859304678882
28 -0.0005878745749733947
29 -0.001416004054621646
30 -0.001389942437041688
31 -0.001394160203128705
32 -0.0013660195950251192
33 -0.0013279688487686475
34 -0.0012999387842736402
35 -0.0012696471541338177
36 -0.0012591373470058746
37 -0.0012278302422822052
38 -0.0011998291958757459
39 -0.001208056477667117
40 -0.0011778550657254323
41 -0.0011720973073728977
42 -0.0011602878496757448
43 -0.0011389789370844102
44 -0.0011219093306532304
45 -0.0011400387462344769
46 -0.0011152552952293738
47 -0.0011037580560251067
48 -0.001090562510853465
49 -0.001079863709622107
50 -0.0010633371352741742
51 -0.0010434764204974593
52 -0.001027254040659129
53 -0.0010124030857284146
54 -0.0009949371632737018
55 -0.0009807521083778292
56 -0.0009910481424932381
57 -0.000974301037913692
58 -0.0009582421620319017
59 -0.0009424475299934692
60 -0.0010382796011071877
61 -0.0010254299615523467
62 -0.0010100669655472244
63 -0.0010059408763885818
64 -0.0010063464758616023
65 -0.0009917769267373604
66 -0.0010203030815594365
67 -0.0010050746773570527
68 -0.0009902941673959156
69 -0.0009813671475822337
70 -0.0009680681980690835
71 -0.0009544334347159939
72 -0.000959785917302698
73 -0.0009466381650108764
74 -0.00093478147728335
75 -0.0009369979245093126
76 -0.0009638232208520428
77 -0.0009562998853274715
78 -0.0009580381459808845
79 -0.000948104847822483
80 -0.0009396329503260584
81 -0.0009311739211647722
82 -0.0009198181416383692
83 -0.0009472730154417093
84 -0.0009369729397933528
85 -0.0009327130822972995
86 -0.0009683428140707787
87 -0.0009578943424468145
88 -0.0013913471591008733
89 -0.0013799269287282615
90 -0.0013822946468482697
91 -0.0013694008862480166
92 -0.001372445116490042
93 -0.001358609894704096
94 -0.00135018129210636
95 -0.0013415918143053806
96 -0.001328063631206052
97 -0.0013143722535647498
98 -0.001380372385863972
99 -0.0013689852105678226
100 -0.0013731772303617342
101 -0.0013633146881516624
102 -0.001375316685541676
103 -0.0013638568056264719
104 -0.0016347780939877773
105 -0.0016226352218273554
106 -0.0016079122725334957
107 -0.00159288505503318
108 -0.0015794452355024438
109 -0.0015649549122409509
110 -0.0015571267736462883
111 -0.0015430986045143372
112 -0.0015293209384025996
113 -0.0015167917603626764
114 -0.0015040939666154066
115 -0.001508318422739892
116 -0.0014974191657184132
117 -0.0014860419693839672
118 -0.0014752818512024821
119 -0.0014658692680542794
120 -0.0014553432579153178
121 -0.0014444840950045602
122 -0.0014743392280624438
123 -0.0014773717634002147
124 -0.0014825950496184992
125 -0.001471137814674845
126 -0.001461052662971383
127 -0.0014598796366960905
128 -0.001451156709762783
129 -0.0014421788736532978
130 -0.0016191828916327007
131 -0.0016240282029615029
132 -0.001611724958999671
133 -0.0016264871798390413
134 -0.001622555638522156
135 -0.0016228523916921368
136 -0.0016113558725090026
137 -0.0016140846395381488
138 -0.0016037857125200195
139 -0.0016268336896520697
140 -0.0016164513603793204
141 -0.0016091209340532526
142 -0.0016067271927170678
143 -0.001605392948171633
144 -0.0015944000184491228
145 -0.001588845934271222
146 -0.0015793029851920153
147 -0.0015740660499827814
148 -0.0015692032593505876
149 -0.0015595677998147147
150 -0.0015491706811492814
151 -0.0015392453169142642
152 -0.0015295090041897354
153 -0.0015266995377791908
154 -0.0015288170809496676
155 -0.001521704163197625
156 -0.0015119496493309716
157 -0.0015023193967874605
158 -0.0014940286408413235
159 -0.0014849494712867348
160 -0.0014778754714597797
161 -0.001503644263517675
162 -0.0014943625088046013
163 -0.001515021925913302
164 -0.0015420697288679296
165 -0.001533981216484896
166 -0.0015276900007792768
167 -0.0015250381913715814
168 -0.0015171738692038935
169 -0.0015145184162178268
170 -0.0015156385123083979
171 -0.0015228607842917262
172 -0.0015149460346354775
173 -0.0015149792551620888
174 -0.001507544314471845
175 -0.0014991069302777462
176 -0.0014915318727782045
177 -0.0014837465165472047
178 -0.001513008456323999
179 -0.0015090095329972203
180 -0.0015006261467027898
181 -0.0014977290430774825
182 -0.0014906197190341995
183 -0.0014829429418285322
184 -0.0014748834693185929
185 -0.0014924381645254454
186 -0.0015198570558089348
187 -0.0015129792777697226
188 -0.0015080215563353938
189 -0.0015013889110016714
190 -0.001523218452539816
191 -0.0015265947340451565
192 -0.0015192051552806337
193 -0.001512286732393381
194 -0.0015073704961810046
195 -0.0015003251079365148
196 -0.0014926703879980618
197 -0.0015008628869864447
198 -0.0014940726813243166
199 -0.0014930544616686386
200 -0.0015039853503912735
201 -0.0015108038468818362
202 -0.00150409661486856
203 -0.001496797671288568
204 -0.001489802466538992
205 -0.0014825351374339224
206 -0.0014760157625097784
207 -0.0014694183190607532
208 -0.0014635771328549894
209 -0.0014565743714537681
210 -0.0014503264944106884
211 -0.0014443215672946437
212 -0.0015067370469501904
213 -0.0015018493184111587
214 -0.0014961979660366666
215 -0.001493716875500987
216 -0.0014870000669883426
217 -0.0014998115606481375
218 -0.001513556472473086
219 -0.0015161331746008368
220 -0.0015102725487353577
221 -0.001503707178753686
222 -0.001496933722993533
223 -0.0014914969095018056
224 -0.0014848384411558142
225 -0.0014799475176954814
226 -0.001476637024266716
227 -0.0014714503606612708
228 -0.0014653026656687876
229 -0.0014625527034167016
230 -0.001463606538408868
231 -0.0014603676875503963
232 -0.0014804634916282062
233 -0.0014764875121465691
234 -0.0014712628609565568
235 -0.0014710187029815841
236 -0.001465746570698592
237 -0.0014607511542796495
238 -0.0014553017396769482
239 -0.0014618798050912607
240 -0.0014563265349579226
241 -0.0014544541381271545
242 -0.0014500329490665465
243 -0.0014473111422237173
244 -0.0014413795391818157
245 -0.0014357385034414242
246 -0.001431064498149658
247 -0.0014252707147563383
248 -0.0014204660447874671
249 -0.0014156013693715473
250 -0.0014106747620462247
251 -0.0014341656486617684
252 -0.0014285791138328107
253 -0.0014271029651835587
254 -0.0014247075289851449
255 -0.0014201806486679816
256 -0.0014148648093481296
257 -0.0014114633170928975
258 -0.0014123452793125824
259 -0.0014093006010481414
260 -0.001404227617506217
261 -0.001399269300996108
262 -0.0013969713310718122
263 -0.0013928969632954523
264 -0.0013880508529037698
265 -0.0013834765352685162
266 -0.0013927202947896788
267 -0.0015326912619044832
268 -0.001620812007569077
269 -0.001618101007776669
270 -0.0016169611229189102
271 -0.0016114650281914612
272 -0.0016058945484607417
273 -0.0016003104666819736
274 -0.001600343183111129
275 -0.0015979311654783124
276 -0.001703703429009902
277 -0.0017012928438300975
278 -0.0016991158005739946
279 -0.0017433361724238045
280 -0.001737263136939326
281 -0.0017310807058470142
282 -0.001725052058239417
283 -0.0017189564679276157
284 -0.0017134016372155948
285 -0.0017090979108424248
286 -0.0017035462482759018
287 -0.001697610547062396
288 -0.001693488092731332
289 -0.0016986959978336998
290 -0.0016929453291532545
291 -0.0016994132157562877
292 -0.0016935933074831487
293 -0.0016883946846436833
294 -0.0017038107389638526
295 -0.0016981110790627214
296 -0.0016939353561155868
297 -0.0016885460903085308
298 -0.0016828798282605148
299 -0.0016772514676308802
300 -0.0016724268584645257
301 -0.0016684946734544437
302 -0.0016662449600378152
303 -0.0016734267145192012
304 -0.0016719120941148962
305 -0.0016761008656684092
306 -0.0016718765335847997
307 -0.0016678001787317426
308 -0.0016633330774547545
309 -0.0016589231143305798
310 -0.0016589234939777468
311 -0.0016577507319001812
312 -0.0016527120504307002
313 -0.001647568836968525
314 -0.0016464346908948812
315 -0.0016424618109643241
316 -0.0016420764672136117
317 -0.0016373918012507448
318 -0.0016322427704292008
319 -0.001629113970293758
320 -0.0016241198706381666
321 -0.0016283227997799334
322 -0.0016822841610897579
323 -0.0016789404023985783
324 -0.001676943361782107
325 -0.0016734061999718562
326 -0.001669271250296756
327 -0.0016732665077776735
328 -0.0016684404662300214
329 -0.0016666665980338638
330 -0.0016626606421898955
331 -0.0017853786367262841
332 -0.0017811687779207114
333 -0.0017767307542869587
334 -0.0017728898736933698
335 -0.001767774757004094
336 -0.0017629109029311813
337 -0.0017577717076124079
338 -0.001766537217869622
339 -0.0017615320222486943
340 -0.0017568096515894775
341 -0.0017570911516904836
342 -0.0017580547151599282
343 -0.001752929191209024
344 -0.0018267290454966644
345 -0.0018217217685362172
346 -0.0018380680924307356
347 -0.001871352437792795
348 -0.0018662920715019008
349 -0.0018745510057948452
350 -0.0018949260371975971
351 -0.0018897714961042195
352 -0.0018851416379871448
353 -0.0018908530602893148
354 -0.0018856328150251354
355 -0.0018829552152222092
356 -0.0018819376252517514
357 -0.001877423382738745
358 -0.001884022380684694
359 -0.001883405653486323
360 -0.001879531794156692
361 -0.001874865359974196
362 -0.0018706071384021956
363 -0.001875524879832664
364 -0.0018725961672766253
365 -0.0018715098060953102
366 -0.0018663963913245574
367 -0.0018617751390744082
368 -0.0018582827133731218
369 -0.0018548046709320803
370 -0.00185053636685402
371 -0.0018485124430710615
372 -0.0018437028015111552
373 -0.0018408915974620769
374 -0.001840528076483876
375 -0.0018370496821929047
376 -0.00183216391176154
377 -0.0018280023238057446
378 -0.0018235540758737966
379 -0.0018214121545950897
380 -0.0018166883301665878
381 -0.0018120326816274887
382 -0.001807768949143975
383 -0.0018202613329406081
384 -0.0018159300205032234
385 -0.0018134466905559317
386 -0.001810005342216389
387 -0.0018053283258282324
388 -0.0018038733385614938
389 -0.0017998178363551481
390 -0.0017975375895986651
391 -0.0017955279433624636
392 -0.0017971541271379905
393 -0.0018659082897525292
394 -0.0018621565060558886
395 -0.001857618833641507
396 -0.0018538961983244424
397 -0.0018508814149025695
398 -0.0018580965422083076
399 -0.001854296016826602
400 -0.0018557434011017642
401 -0.0018555749317472935
402 -0.0018510657558891406
403 -0.0018473494546969362
404 -0.0018431884094986474
405 -0.0018393926472200922
406 -0.0018389572400014948
407 -0.0018344939815939485
408 -0.0018299976728155315
409 -0.0018260947752352398
410 -0.0018217921113851008
411 -0.001820184164527029
412 -0.0018161798263012833
413 -0.0018121938583729816
414 -0.001822605453482231
415 -0.0018196648381818854
416 -0.0018153782957378401
417 -0.001817302200243004
418 -0.0018159458675993778
419 -0.0018252467015804233
420 -0.001821813864786384
421 -0.0018183301844818232
422 -0.0018140213451821028
423 -0.0018111651675862014
424 -0.0018072639227498773
425 -0.0018050001608335964
426 -0.0018028023233655746
427 -0.0017985803038729146
428 -0.001794806253800607
429 -0.0017906225562392998
430 -0.0017872886786493953
431 -0.0017842475033687094
432 -0.0017822705676524702
433 -0.001778347891334177
434 -0.0017778572374829492
435 -0.0017744090293302013
436 -0.0017770895007926401
437 -0.0017730229344292696
438 -0.0017698504054650109
439 -0.0018541781336267665
440 -0.001849964092413978
441 -0.0018462597475875715
442 -0.0018425377759892516
443 -0.0018390147401053237
444 -0.001834954939297562
445 -0.0018309974813746257
446 -0.0018347009423377123
447 -0.0018328534212601287
448 -0.0018291728322350858
449 -0.0018266546000382522
450 -0.0018231061869664437
451 -0.0018201362779014288
452 -0.0018165579853648747
453 -0.0018133240314505113
454 -0.0018093299256543643
455 -0.0018085547363115683
456 -0.001804588607503867
457 -0.0018006398359338364
458 -0.0018007844043403806
459 -0.0017969903768424405
460 -0.0017946746934205972
461 -0.0017911289577570526
462 -0.0017876187699718586
463 -0.0017863915889679482
464 -0.0017834809884200835
465 -0.0017887869672009251
466 -0.0017849483685588626
467 -0.0017811262093114127
468 -0.0017775036522197155
469 -0.0017841128940459625
470 -0.001781895122579191
471 -0.001778177727585402
472 -0.0017750979708217888
473 -0.001771470545477104
474 -0.001770457837511634
475 -0.0017668554542385273
476 -0.0017632336701682149
477 -0.0017595371635221596
478 -0.00175988019584496
479 -0.0017565743848520468
480 -0.0017834906949966687
481 -0.001785965659951331
482 -0.0017824340957643603
483 -0.0017788665837292082
484 -0.0017753138134793253
485 -0.0017739207141595256
486 -0.0017706478050211834
487 -0.0017670119779061497
488 -0.0017639892750526932
489 -0.0017621918871206879
490 -0.0017587463652359333
491 -0.0017551643970786296
492 -0.0017515969897674937
493 -0.0017483656261370482
494 -0.0017449918793137214
495 -0.0017760535064286855
496 -0.0017725352575860965
497 -0.0017693567816373043
498 -0.0017661732329553837
499 -0.001762719752001104
500 -0.0017593873569530568
501 -0.0017594932358010345
502 -0.0017601274210652764
503 -0.0017660168339112428
504 -0.0017627127816063199
505 -0.0017648890921648371
506 -0.0017616562974631085
507 -0.0017584649708381611
508 -0.0017560165259478044
509 -0.0017550553324137083
510 -0.0017572355830969472
511 -0.0017544883439430017
512 -0.0017545744689719542
513 -0.0017512982734448957
514 -0.00175100412893041
515 -0.0017485631046723477
516 -0.0017451744164849977
517 -0.0017449978394160843
518 -0.0017423675469031032
519 -0.0017403675180445244
520 -0.0017371347454767192
521 -0.0017367697787859253
522 -0.0017381035377985363
523 -0.0017396963029156314
524 -0.0017366759614157634
525 -0.0017336550059795968
526 -0.0017318601969665169
527 -0.0017375350392542204
528 -0.0017345724872697753
529 -0.0017318049254214326
530 -0.0017295528370767342
531 -0.00172720920881763
532 -0.0017244018842944321
533 -0.0017213106938884831
534 -0.0017188600898812552
535 -0.001717602250237067
536 -0.0017145857805019793
537 -0.0017146205959007634
538 -0.0017115438397425574
539 -0.0017108774746316024
540 -0.0017079026547670742
541 -0.0017078189480419401
542 -0.001710153710361319
543 -0.0017076520599531725
544 -0.0017057782565877524
545 -0.0017092357477173753
546 -0.0017064845850864447
547 -0.001704010407598122
548 -0.0017043820896543794
549 -0.0017101333927652508
550 -0.0017075783710374867
551 -0.0017058981796463024
552 -0.0017029631639049088
553 -0.001705081681049736
554 -0.0017025254585528366
555 -0.0017003075542552973
556 -0.0017073083138633039
557 -0.0017042431283806046
558 -0.0017045964240550806
559 -0.001701671879293578
560 -0.001699232687077945
561 -0.0016967250707199983
562 -0.0016943040555068053
563 -0.0016913497003114195
564 -0.0016887325089342702
565 -0.001685743601838811
566 -0.0016881994346213075
567 -0.0016891971757872412
568 -0.0016862232370974746
569 -0.0016835818726613197
570 -0.0016879785276359158
571 -0.0016931128027388538
572 -0.0016901988972651222
573 -0.0016872491609697202
574 -0.0016909145099654793
575 -0.0016883914472165503
576 -0.0016859024391603719
577 -0.0016832647489824807
578 -0.0016806549430278938
579 -0.0016777522574613513
580 -0.0016749798844353406
581 -0.0016722382093519402
582 -0.0016693649478238437
583 -0.0016682460151265447
584 -0.0016678263480272057
585 -0.0016675748383480809
586 -0.0016663968013533696
587 -0.0016636590313047026
588 -0.0016615498095920716
589 -0.001659415535589388
590 -0.0016566029668849988
591 -0.00165462705521587
592 -0.001652141683286325
593 -0.001652199739784761
594 -0.0016509804674985959
595 -0.0016487436676669131
596 -0.0017116053833900091
597 -0.001718203120882598
598 -0.0017162912177584278
599 -0.0017150152034476473
600 -0.0017125188891744117
601 -0.0017106259876160997
602 -0.0017087393747672835
603 -0.00170695731200187
604 -0.0017042022274402276
605 -0.0017016190577183654
606 -0.0016999267821843293
607 -0.0016971773180958947
608 -0.0016944368982972247
609 -0.0016920269780770249
610 -0.0016900106995665885
611 -0.001687327278915353
612 -0.001685010838812183
613 -0.0016829352716265656
614 -0.0016827800120942057
615 -0.0016801639245356639
616 -0.0016782019515630712
617 -0.0016757710430399821
618 -0.001673095703274756
619 -0.0016712022180033694
620 -0.0016693312621628474
621 -0.001666817186167837
622 -0.0016642063647057824
623 -0.0016700795666834778
624 -0.0016674982304913342
625 -0.0016651124680909313
626 -0.001667891455582433
627 -0.0016653117892763392
628 -0.0016636250665226242
629 -0.0016713511160302678
630 -0.0017168655988637855
631 -0.0017184103122567236
632 -0.0017170500814331414
633 -0.0017143864984932857
634 -0.0017318721437522477
635 -0.001730617360667577
636 -0.0017280474147947347
637 -0.0017485188897266885
638 -0.0017462020153667854
639 -0.0017438691247633354
640 -0.0017516011601884187
641 -0.0017498578752695956
642 -0.0017506430167032968
643 -0.0017479870963612542
644 -0.001745584024317275
645 -0.0017430846999206676
646 -0.0017407565241025463
647 -0.0017394611461331762
648 -0.0017377061908209934
649 -0.001738990341057077
650 -0.0017385520342745034
651 -0.0017360636991280679
652 -0.0017346425485303785
653 -0.0017322562609066558
654 -0.0017303549765548402
655 -0.0017277132132318552
656 -0.001725283040328309
657 -0.0017239181764691477
658 -0.0017252693595043113
659 -0.0017325501498644423
660 -0.0017308433313039553
661 -0.0017284623842928825
662 -0.0017266089535701043
663 -0.0017246388580046837
664 -0.0017234894076584633
665 -0.0017217621830644338
666 -0.0017194127463886384
667 -0.0017170687137556722
668 -0.0017148635279689846
669 -0.001717555977087976
670 -0.0017149924607042623
671 -0.0017129375010324311
672 -0.0017108135564799535
673 -0.0017082714858165358
674 -0.001705736958389508
675 -0.001703297830721947
676 -0.0017007781593747248
677 -0.0016983292791345405
678 -0.0016997183018671246
679 -0.001697781347645612
680 -0.0016989257382112096
681 -0.001697487577007526
682 -0.0016977073035435977
683 -0.001695221641312933
684 -0.0016939057086373366
685 -0.0016926714913687978
686 -0.0016962652063219413
687 -0.0017123840617549622
688 -0.0017098951314326435
689 -0.001708881881475911
690 -0.0017064052410679744
691 -0.001717728937957147
692 -0.001719838805977112
693 -0.00171915113145661
694 -0.0017167633093603876
695 -0.001714692353308088
696 -0.0017131926907709711
697 -0.001710834847459069
698 -0.0017126444663569632
699 -0.0017106127287946067
700 -0.0017085317379444483
701 -0.0017116597578769857
702 -0.001709253420712104
703 -0.0017073688221941367
704 -0.0017053278611817819
705 -0.0017031068910284182
706 -0.0017010255959454832
707 -0.0017054629227586482
708 -0.001703780990617092
709 -0.0017035227567597185
710 -0.0017018422228765584
711 -0.001700627002484164
712 -0.0017174601709862567
713 -0.0017165166691266954
714 -0.0017192326783823473
715 -0.001716925745828491
716 -0.0017147372745204615
717 -0.0017157989616302686
718 -0.0017140997466731924
719 -0.0017121501551527999
720 -0.0017119271950983969
721 -0.0017102214574372242
722 -0.0017081887338228734
723 -0.0017062306026699645
724 -0.0017049276677114172
725 -0.0017052352149691595
726 -0.001702988177708308
727 -0.0017008401672103787
728 -0.0016986585973137204
729 -0.0016963284757810539
730 -0.001694792251913722
731 -0.0016939781183863112
732 -0.0016917328486640098
733 -0.0016908251845229483
734 -0.0016908046577195494
735 -0.0016885042432192503
736 -0.0016866989066349081
737 -0.0016844908019892516
738 -0.0016843950780222933
739 -0.0016822102076898882
740 -0.001681626619781128
741 -0.0016869023084921404
742 -0.0016873746891568142
743 -0.001687624815981747
744 -0.001685398172520084
745 -0.0016858065662098242
746 -0.001684368639634995
747 -0.0016822072035744063
748 -0.001680581839176968
749 -0.00167850405407165
750 -0.0016813891374234183
751 -0.0016791502703962231
752 -0.001678059305185261
753 -0.001678903660463154
754 -0.0016809191365995632
755 -0.0016789910405494702
756 -0.0016772761136673833
757 -0.0016755272632866215
758 -0.001674462875603468
759 -0.0016755188756781038
760 -0.0016734636190257528
761 -0.0016712645866748645
762 -0.0016702413432060146
763 -0.0016688057517373683
764 -0.001668138310659628
765 -0.0016664864467528984
766 -0.0016645912413968248
767 -0.0016629008110669312
768 -0.0016609574464893958
769 -0.0016613538226717876
770 -0.0016602315465135524
771 -0.001658078198204196
772 -0.0016744526756297252
773 -0.0016723926678488068
774 -0.0016702319538076582
775 -0.0016687744690927497
776 -0.0016666239865294856
777 -0.0016645078823874014
778 -0.0016625132158064964
779 -0.0016605591620777696
780 -0.0016608318027931596
781 -0.0016589655400036224
782 -0.0016570607531250978
783 -0.0016550202231502074
784 -0.001672578588496337
785 -0.001670745638144719
786 -0.001668854040052984
787 -0.0016688628132051758
788 -0.0016675497328930155
789 -0.0016663682514039334
790 -0.0016643132108790802
791 -0.0016638060629649393
792 -0.0016700377461480642
793 -0.0016685825304017998
794 -0.0016665200865102416
795 -0.0016644238348290964
796 -0.0016632566702602246
797 -0.001661383571320776
798 -0.001697226595446531
799 -0.0016953318023019488
800 -0.0016935214113277413
801 -0.0017097297532040745
802 -0.0017078960292242868
803 -0.0017061289537430204
804 -0.001704729449631544
805 -0.0017033089942759374
806 -0.0017016321314278749
807 -0.0016996484168563784
808 -0.0016975448915879914
809 -0.0016954465666292916
810 -0.001693385964536866
811 -0.0016915775915648048
812 -0.0016896799836480139
813 -0.0016883816755835304
814 -0.0016866387815542819
815 -0.001685884905810461
816 -0.0016840093707750875
817 -0.001682045279597786
818 -0.0016826317494005934
819 -0.0016805772539800797
820 -0.0016805348761497313
821 -0.001678639365698019
822 -0.001676933638403228
823 -0.001674980834349731
824 -0.00167403193605527
825 -0.0016758399220469
826 -0.0016744404743213477
827 -0.0016734635763936674
828 -0.001671526755531326
829 -0.0016705476496631292
830 -0.0016742247031967714
831 -0.0016722099923625995
832 -0.0016702001245833171
833 -0.0016683553702783018
834 -0.0016663549441748502
835 -0.0016654921169629534
836 -0.0016657096396395625
837 -0.0016639987709691165
838 -0.001662378133637034
839 -0.0016606656411939686
840 -0.0016607183425158983
841 -0.0016588379959480077
842 -0.0016743064313238265
843 -0.0016723711760515203
844 -0.0016705090946488883
845 -0.0016692124981494564
846 -0.0016675414253617645
847 -0.0016659568576882432
848 -0.0016640883239207535
849 -0.0016633447145588591
850 -0.0016626815568280564
851 -0.0016608284434985545
852 -0.0016634930508859565
853 -0.001661662704863919
854 -0.0016600920410039805
855 -0.0016583065763811752
856 -0.0016563693023433465
857 -0.001654618513169317
858 -0.0016535141421627245
859 -0.0016549589047798058
860 -0.0016530705828911136
861 -0.0016513244510320037
862 -0.0016494087614136368
863 -0.0016477589215671614
864 -0.0016550858220196016
865 -0.0016543653751070495
866 -0.0016530884684924404
867 -0.0016518448659366576
868 -0.0016501671361011396
869 -0.001655006603851153
870 -0.0016540795466969428
871 -0.0016543077001290158
872 -0.0016535929790825916
873 -0.0016549915016094091
874 -0.0016530979186556226
875 -0.0016517372353866988
876 -0.0016500309569866965
877 -0.0016568284173634675
878 -0.0016566733658468112
879 -0.0016549405403890852
880 -0.0016533832492231183
881 -0.001651583113217669
882 -0.0016517356834274475
883 -0.001649900198033424
884 -0.001648033795094472
885 -0.0016464473214370186
886 -0.0016447325152485418
887 -0.0016472100620948207
888 -0.001645531939679156
889 -0.0016439850567865008
890 -0.0016423865337733246
891 -0.0016420237516326442
892 -0.0016405172075266148
893 -0.0016388853706457622
894 -0.001638265630667069
895 -0.0016369813297331607
896 -0.0016353589028840448
897 -0.0016342894950593049
898 -0.0016326736792217392
899 -0.00163092654787297
900 -0.001629173753952047
901 -0.001627538647654875
902 -0.0016258559680137764
903 -0.001624427682911774
904 -0.0016260984215823802
905 -0.0016351831739519563
906 -0.0016334730043233085
907 -0.0016318381656828507
908 -0.0016304035129565174
909 -0.0016289250428152711
910 -0.0016271690835160287
911 -0.001625416979231713
912 -0.0016263024781397583
913 -0.001625101328002915
914 -0.0016233882256558505
915 -0.001622123795501353
916 -0.0016210910185238325
917 -0.0016206867264155263
918 -0.0016191336352694046
919 -0.0016210605376197774
920 -0.001620485345966162
921 -0.0016192510265879629
922 -0.0016360636581222718
923 -0.0016344450602504064
924 -0.0016328752599016948
925 -0.0016311099893504496
926 -0.0016294030030570492
927 -0.0016279208907773353
928 -0.0016332704932045736
929 -0.0016318624861076966
930 -0.0016301077952624193
931 -0.001628742009632722
932 -0.0016278294065256924
933 -0.0016265300278800133
934 -0.001626503162171335
935 -0.0016259062628690756
936 -0.0016257366424553502
937 -0.0016243826601182372
938 -0.0016231680583819624
939 -0.001621616118820702
940 -0.001621883781375235
941 -0.0016213240919399844
942 -0.0016213586566745032
943 -0.0016223083856088643
944 -0.0016213688225287777
945 -0.0016196530883250434
946 -0.0016180036937103086
947 -0.001616357782505531
948 -0.0016148733986275962
949 -0.001613364877525697
950 -0.001612008211902154
951 -0.0016139298299071478
952 -0.0016126923751853533
953 -0.001611140252848858
954 -0.001609790296824383
955 -0.0016081046525345144
956 -0.0016076368923882624
957 -0.0016258001379282436
958 -0.0016244702395992348
959 -0.001623375781635762
960 -0.0016220669737359833
961 -0.0016203790788621682
962 -0.0016195212250288448
963 -0.0016178773433636632
964 -0.0016162605886327736
965 -0.0016148882284221897
966 -0.0016138116205797535
967 -0.0016161161758510235
968 -0.0016466311394125325
969 -0.0016450922510508536
970 -0.0016433962796580175
971 -0.0016490242554361798
972 -0.001647732828802509
973 -0.0016479020989268538
974 -0.001649820178895691
975 -0.001650307603588585
976 -0.0016497207287392863
977 -0.0016489560677865544
978 -0.0016472700186374882
979 -0.0016468989849659635
980 -0.0016469567701389853
981 -0.001647969008490621
982 -0.0016467388522017137
983 -0.0016457465616877857
984 -0.0016441176385933569
985 -0.0016791780986796317
986 -0.0016781555318731358
987 -0.0016784666174087274
988 -0.001676767764557099
989 -0.0016764496724119037
990 -0.0016753646549154098
991 -0.0016738596951607434
992 -0.001672500191335184
993 -0.0016708861688891014
994 -0.001672996831739835
995 -0.0016713661220412641
996 -0.001669731102076132
997 -0.0016683167132533344
998 -0.0016688336111114546
999 -0.0016672060361621636
1000 -0.0016784642742968341
1001 -0.0016770628644335545
1002 -0.001675517986298481
1003 -0.0016743297103387067
1004 -0.0016971421601190881
1005 -0.0016971339641156926
1006 -0.0016963442156204683
1007 -0.0016962527501879088
1008 -0.0016949605922685835
1009 -0.001693280750254442
1010 -0.0016917871025851454
1011 -0.0016901137226617178
1012 -0.001694138547934709
1013 -0.0016934649323012531
1014 -0.001691794848541587
1015 -0.0016912010839382776
1016 -0.0016905323485320823
1017 -0.0016891410012494054
1018 -0.0016881360893573163
1019 -0.0016866525374837954
1020 -0.0016852220643889873
1021 -0.001690581579599911
1022 -0.0016889273901873863
1023 -0.0016875306847819972
1024 -0.0016868261039881581
1025 -0.0016852943392622153
1026 -0.0016871289192254956
1027 -0.0016859740014076388
1028 -0.0016867424770213007
1029 -0.001685171080933209
1030 -0.00168405992580585
1031 -0.0016824265020174835
1032 -0.0016812907628679665
1033 -0.0016797592311460637
1034 -0.0016781920808091584
1035 -0.0016766996438117635
1036 -0.0016756833059401522
1037 -0.001702599328323563
1038 -0.0017045607325979159
1039 -0.0017031805319597047
1040 -0.0017018369974930933
1041 -0.0017006717518613219
1042 -0.0016995815631388963
1043 -0.0016981389624592576
1044 -0.0017009373443069148
1045 -0.0017005242753921862
1046 -0.0016988985351671455
1047 -0.0016972759004630698
1048 -0.0016973626478767108
1049 -0.0016957445709959893
1050 -0.0017003422525539269
1051 -0.0016989473240722494
1052 -0.0016976682832465445
1053 -0.0016965448138099733
1054 -0.0016958473365939431
1055 -0.0016944859509154151
1056 -0.0016934818501354032
1057 -0.0016923912157452595
1058 -0.00169085755287818
1059 -0.0016896238636522148
1060 -0.0016907416742949902
1061 -0.0016891481383154471
1062 -0.0016876644995975337
1063 -0.0016862736222378214
1064 -0.001684801758747722
1065 -0.0016899711739090189
1066 -0.0016908414134029046
1067 -0.0016894603311405835
1068 -0.0016880402734195743
1069 -0.0016877924905904754
1070 -0.0017108483458558846
1071 -0.0017110863686242254
1072 -0.0017098852028552454
1073 -0.0017082916472141872
1074 -0.00170836603784989
1075 -0.001707470627125264
1076 -0.0017110814628772918
1077 -0.001709517189347939
1078 -0.001719476390881105
1079 -0.001717977532218646
1080 -0.0017164335166162785
1081 -0.0017156413961131268
1082 -0.0017141316227904527
1083 -0.001712548860442539
1084 -0.0017112842276514552
1085 -0.0017101540912494654
1086 -0.0017095919425865987
1087 -0.001708810209420278
1088 -0.0017074374553340457
1089 -0.001707338897517393
1090 -0.0017062999490358437
1091 -0.001704760131366484
1092 -0.0017039663534921031
1093 -0.0017038191282084704
1094 -0.0017082876225549477
1095 -0.0017069136905409248
1096 -0.001707119086792756
1097 -0.001705678804159806
1098 -0.0017043562688119605
1099 -0.001702908741560895
1100 -0.0017013606427049306
1101 -0.0016998153560176415
1102 -0.00169914331976154
1103 -0.001697769016545913
1104 -0.0016962700285207536
1105 -0.0016991730570052547
1106 -0.0016992535399464426
1107 -0.001697994868895618
1108 -0.001696673819752491
1109 -0.001720316615111132
1110 -0.0017187905270540627
1111 -0.0017177037888507275
1112 -0.0017161869707676824
1113 -0.0017146450238038297
1114 -0.0017167537307515906
1115 -0.0017167722338699003
1116 -0.0017160427309523825
1117 -0.0017149483871859203
1118 -0.0017138362585510656
1119 -0.0017126655453073194
1120 -0.0017111563895241255
1121 -0.0017116889440873394
1122 -0.0017104084676760089
1123 -0.0017089617722376481
1124 -0.0017094948578983682
1125 -0.0017093504065576347
1126 -0.0017078850205684945
1127 -0.001706647957439516
1128 -0.0017057512249401662
1129 -0.0017050513736151737
1130 -0.0017037047702067843
1131 -0.0017023604573002578
1132 -0.0017010721570802473
1133 -0.0016996432025382345
1134 -0.0016988455662848541
1135 -0.0016974283674424427
1136 -0.0016961489451192086
1137 -0.0016954063022426155
1138 -0.001693977804527442
1139 -0.00169463140771796
1140 -0.001693409380823118
1141 -0.0016919524068526371
1142 -0.001690470837319491
1143 -0.0016956333643005682
1144 -0.0016947758460185498
1145 -0.0016937977754566374
1146 -0.0017005421514446643
1147 -0.001699082532194725
1148 -0.0017098519416489958
1149 -0.0017085233384560247
1150 -0.0017071084835728952
1151 -0.0017089635731335597
1152 -0.0017076919073654303
1153 -0.0017587727129667573
1154 -0.0017584032543590878
1155 -0.0017569791163205876
1156 -0.0017576010780990749
1157 -0.0017567565311934629
1158 -0.0017555982864602279
1159 -0.0017542851840236582
1160 -0.0017532684597724559
1161 -0.0017525903990421529
1162 -0.0017510821456866946
1163 -0.0017502554073542897
1164 -0.0017496163976051388
1165 -0.001748133817923186
1166 -0.0017495248407261724
1167 -0.0017483339681267013
1168 -0.0017468371068526199
1169 -0.0017454130089519589
1170 -0.0017446882661039263
1171 -0.0017441343690522864
1172 -0.0017430249900971969
1173 -0.001743978719529047
1174 -0.001744380214244762
1175 -0.001743752186878888
1176 -0.0017422957667204062
1177 -0.0017412178079775106
1178 -0.00173997559140965
1179 -0.0017387752551667403
1180 -0.0017405579172961735
1181 -0.001739290725671239
1182 -0.001737838204810375
1183 -0.00173646515799303
1184 -0.0017353874781172625
1185 -0.0017339452598840533
1186 -0.0017327450675723043
1187 -0.0017312852991918724
1188 -0.0017316167587501851
1189 -0.0017301603947815136
1190 -0.001728826704902889
1191 -0.001729209034097477
1192 -0.001729455012982641
1193 -0.0017281506144734074
1194 -0.0017279634754060803
1195 -0.0017280633729786343
1196 -0.0017272778968191699
1197 -0.001725899049284587
1198 -0.0017245425179180974
1199 -0.001725419840733025
1200 -0.0017240765940489903
1201 -0.0017230449617737559
1202 -0.001722411316903823
1203 -0.0017209795535481252
1204 -0.0017195720612875076
1205 -0.0017191302879863344
1206 -0.001717746631596347
1207 -0.0017165923531403105
1208 -0.0017156962961652133
1209 -0.001714295729392645
1210 -0.0017135828932480501
1211 -0.0017127517498097882
1212 -0.0017152350421635644
1213 -0.0017138209984354819
1214 -0.0017125608077761783
1215 -0.0017113021461014038
1216 -0.001710004627715223
1217 -0.001708599529418004
1218 -0.001707245445882181
1219 -0.001712050338572976
1220 -0.001712177225316876
1221 -0.0017118326468930657
1222 -0.0017105374442140126
1223 -0.0017095070400865737
1224 -0.0017081938871895159
1225 -0.0017067994431999732
1226 -0.0017173782391306995
1227 -0.0017173264916431087
1228 -0.0017189050101984987
1229 -0.001717541284589525
1230 -0.0017164035895410811
1231 -0.0017151791852166964
1232 -0.001714253621797388
1233 -0.0017132578969321314
1234 -0.0017118695193819428
1235 -0.001713736421542419
1236 -0.0017141422444341956
1237 -0.0017130673730849845
1238 -0.001713175833263921
1239 -0.0017124460174038415
1240 -0.0017126050821095438
1241 -0.0017113800820089703
1242 -0.0017100639928913494
1243 -0.0017100258217920558
1244 -0.001709958597281603
1245 -0.0017088246437167618
1246 -0.0017077526317150545
1247 -0.0017071668197886167
1248 -0.0017058168552440188
1249 -0.0017045600200422959
1250 -0.0017049092318207595
1251 -0.0017042248894429057
1252 -0.001704530324721498
1253 -0.0017043773691108794
1254 -0.0017031309633505946
1255 -0.0017037794271581056
1256 -0.0017024630746537296
1257 -0.001701108688755039
1258 -0.0016998625926499121
1259 -0.0016986362728766515
1260 -0.0017025256878537335
1261 -0.0017017117103725588
1262 -0.0017009649425401721
1263 -0.001723644681541444
1264 -0.0017229618884492504
1265 -0.0017217626112857299
1266 -0.0017207220898092098
1267 -0.0017221797467087982
1268 -0.0017228762109768197
1269 -0.0017220279894052772
1270 -0.0017214632075485152
1271 -0.001721305245296895
1272 -0.0017201303162394253
1273 -0.0017196006898168024
1274 -0.0017182716146064002
1275 -0.0017188266654414174
1276 -0.001717479622600162
1277 -0.0017161989546584076
1278 -0.001716750457145514
1279 -0.0017154417282789183
1280 -0.0017141015394287
1281 -0.0017142541310973486
1282 -0.0017129632353498358
1283 -0.0017117709700634565
1284 -0.00171056701822568
1285 -0.0017098503010637143
1286 -0.0017088828053926977
1287 -0.0017076166547116776
1288 -0.001706290865383485
1289 -0.00170496713313726
1290 -0.0017036454531890912
1291 -0.001707842849457566
1292 -0.0017065845087544098
1293 -0.0017067099292645274
1294 -0.0017053909880518033
1295 -0.0017043519035182834
1296 -0.0017030825932399405
1297 -0.0017032591124298464
1298 -0.001701992599849227
1299 -0.0017195505105819364
1300 -0.0017183556926465566
1301 -0.001718220945087629
1302 -0.0017172430254221965
1303 -0.0017159908681604926
1304 -0.0017146986988448056
1305 -0.0017135512106767302
1306 -0.0017150563262935134
1307 -0.0017147534122308767
1308 -0.0017136755208167053
1309 -0.0017134535841538299
1310 -0.001712609634280667
1311 -0.001711741804698934
1312 -0.0017125355115733692
1313 -0.0017407740397964479
1314 -0.0017396320149787423
1315 -0.0017400521052694054
1316 -0.001739187514082908
1317 -0.0017385156731735195
1318 -0.0017401792226912672
1319 -0.0017389124024111175
1320 -0.0017377432076886145
1321 -0.0017365288069170906
1322 -0.0017352601208171425
1323 -0.0017343890710269586
1324 -0.0017335133127049057
1325 -0.0017323813876103935
1326 -0.0017311196563850357
1327 -0.001729832008616946
1328 -0.001729501899401003
1329 -0.0017309019061901912
1330 -0.0017298199746708146
1331 -0.001729037467574266
1332 -0.0017306682755645656
1333 -0.0017296180446477569
1334 -0.0017285743992976861
1335 -0.0017273854930403198
1336 -0.0017261122695214008
1337 -0.0017248533121296643
1338 -0.0017251198996378785
1339 -0.0017249026777674556
1340 -0.0017248002174995378
1341 -0.0017236517435150226
1342 -0.001722815355706421
1343 -0.0017224039146411809
1344 -0.001721399966557065
1345 -0.0017256745386955668
1346 -0.001725464163113212
1347 -0.0017253041622836373
1348 -0.0017240242630534562
1349 -0.0017228695283844678
1350 -0.0017218548913256451
1351 -0.0017207065137713848
1352 -0.001720819318805638
1353 -0.001719547464172374
1354 -0.0017182774882017885
1355 -0.001717060881865385
1356 -0.0017161346904149236
1357 -0.0017152275065837354
1358 -0.0017139644524551757
1359 -0.001712703257125922
1360 -0.0017133030601117114
1361 -0.0017121541607671748
1362 -0.0017109135270721404
1363 -0.0017117812649056078
1364 -0.0017118910575184088
1365 -0.0017132289639551586
1366 -0.0017119940663766879
1367 -0.0017155136831582928
1368 -0.0017142596526881475
1369 -0.0017131270966809515
1370 -0.0017128807990186936
1371 -0.0017117059828954762
1372 -0.0017104583837825784
1373 -0.0017092685360142908
1374 -0.0017127622383709266
1375 -0.001711547783097035
1376 -0.0017104134274097756
1377 -0.0017104965450356491
1378 -0.0017136391013381552
1379 -0.0017129091731932493
1380 -0.0017129237450374507
1381 -0.0017116833947513988
1382 -0.0017104448394729965
1383 -0.0017096831491912668
1384 -0.0017092391700537042
1385 -0.0017101056921892965
1386 -0.0017089434359136495
1387 -0.0017080437977298902
1388 -0.0017070582188633179
1389 -0.0017059798197613452
1390 -0.001705695181111288
1391 -0.0017045115941966042
1392 -0.00170343720543082
1393 -0.0017023056130639972
1394 -0.001703312992601763
1395 -0.0017021345071466978
1396 -0.0017010042680980927
1397 -0.0017011090188543633
1398 -0.0016999282832769723
1399 -0.0017078410714153071
1400 -0.0017066400127012707
1401 -0.0017055331625710057
1402 -0.0017043387752086188
1403 -0.0017031545609973297
1404 -0.0017028905032471294
1405 -0.001702795193564098
1406 -0.0017025459601724719
1407 -0.0017016882605721002
1408 -0.0017006456641956117
1409 -0.0016994386764992342
1410 -0.0016983542496474757
1411 -0.0016971505967419845
1412 -0.0016959486487272944
1413 -0.0016947484019836797
1414 -0.001693549852901654
1415 -0.001694397676281071
1416 -0.001693638503216134
1417 -0.0016925233905250084
1418 -0.001692676537818344
1419 -0.001691748397878216
1420 -0.0016907946279836913
1421 -0.001693577983540531
1422 -0.0017196478784286477
1423 -0.0017185993345792809
1424 -0.001717544999821505
1425 -0.0017163397050847877
1426 -0.0017157033756861487
1427 -0.0017149039234625628
1428 -0.0017138708897132052
1429 -0.0017151474904507618
1430 -0.0017148356952325552
1431 -0.0017136373474371442
1432 -0.001712517563680811
1433 -0.0017115700024394036
1434 -0.0017137668486702847
1435 -0.0017135062530830292
1436 -0.0017138143646643757
1437 -0.0017127502604469785
1438 -0.0017120087672454782
1439 -0.0017109955013430726
1440 -0.0017103892230036278
1441 -0.0017092320384191491
1442 -0.0017080467180041563
1443 -0.0017069646135796169
1444 -0.0017057825051214589
1445 -0.001704671772918766
1446 -0.001703890097206145
1447 -0.0017034050022443918
1448 -0.0017033336645308247
1449 -0.0017024253195796564
1450 -0.0017019453352622516
1451 -0.0017007723887872256
1452 -0.001699601057940953
1453 -0.001699169197964906
1454 -0.0017024870390989263
1455 -0.0017015760930013631
1456 -0.0017005683294885263
1457 -0.001708794324441502
1458 -0.0017167868818008434
1459 -0.0017160499262935838
1460 -0.0017168870669094516
1461 -0.0017161054091310254
1462 -0.0017149316024216332
1463 -0.0017143028888801316
1464 -0.0017184628983479466
1465 -0.0017176117895937285
1466 -0.0017164806258783071
1467 -0.0017157113130152643
1468 -0.0017160151728689967
1469 -0.0017152060173894741
1470 -0.0017140683848856514
1471 -0.0017139369265585633
1472 -0.0017129373736246758
1473 -0.0017123584285324046
1474 -0.001712530350040014
1475 -0.0017141329964696062
1476 -0.001713099307662802
1477 -0.0017125067018511713
1478 -0.0017115792189100728
1479 -0.001710421964536232
1480 -0.0017092662740196532
1481 -0.001708399756086007
1482 -0.001707989000949226
1483 -0.0017079025860205258
1484 -0.001707199906197142
1485 -0.0017062468644996488
1486 -0.0017059071420310657
1487 -0.0017058667387298305
1488 -0.0017091042679422638
1489 -0.0017080033086638439
1490 -0.0017068569977184316
1491 -0.0017059834936435107
1492 -0.0017055947463968228
1493 -0.0017045188078487622
1494 -0.001703406603985925
1495 -0.0017023565124705535
1496 -0.0017025610237569266
1497 -0.0017026344183033748
1498 -0.0017015440370315928
1499 -0.0017004979901679997
1500 -0.0016994808561127085
1501 -0.001702694599850695
1502 -0.0017029604900242106
1503 -0.0017019236035986504
1504 -0.0017007920054579594
1505 -0.0017024283522104548
1506 -0.0017014309952037008
1507 -0.0017004236002984064
1508 -0.0016993165568502673
1509 -0.0016994797042389897
1510 -0.0016985548606588974
1511 -0.0016975407854331723
1512 -0.001696492582058179
1513 -0.0016956191214328518
1514 -0.0016945533668354588
1515 -0.0016935302426279153
1516 -0.0016925098167459242
1517 -0.0016939854687701953
1518 -0.0016929902786543554
1519 -0.001691875736008763
1520 -0.0016908787103470727
1521 -0.001689767021517127
1522 -0.0016888297536005103
1523 -0.0016877208699802866
1524 -0.0016866805071352126
1525 -0.0016902250744992293
1526 -0.0016892452081688075
1527 -0.001688201911886798
1528 -0.0016870970677036255
1529 -0.0016865412069675032
1530 -0.0016859973062024382
1531 -0.0016849163165057054
1532 -0.0016851106579831522
1533 -0.0016846746212944587
1534 -0.0016835763979428976
1535 -0.0016824796055012407
1536 -0.0016814762884050248
1537 -0.001680410192079953
1538 -0.0016813558131781715
1539 -0.001680584221770017
1540 -0.001679810346492776
1541 -0.001680577341474713
1542 -0.0016796309875405917
1543 -0.0016792147649416491
1544 -0.0016781271906120235
1545 -0.001677106250341226
1546 -0.0016764587689917768
1547 -0.00167563039938901
1548 -0.0016753315309860522
1549 -0.0016756218652168341
1550 -0.0016747686314321614
1551 -0.0016738342847799842
1552 -0.001672933960839649
1553 -0.001672056680232637
1554 -0.00167165375822492
1555 -0.0016706444682801373
1556 -0.0016718684116364072
1557 -0.001670867548057894
1558 -0.0016699789772019926
1559 -0.0016691544405812472
1560 -0.0016687330376778259
1561 -0.0016676640222789288
1562 -0.0016665963756577512
1563 -0.0016658350987868672
1564 -0.0016656460905072382
1565 -0.0016645817799062748
1566 -0.001664710943626725
1567 -0.0016636485882064141
1568 -0.0016636774596846017
1569 -0.0016637555174147214
1570 -0.001662695800524648
1571 -0.0016640506469180348
1572 -0.0016636916201982247
1573 -0.00166280314009402
1574 -0.001661837987971098
1575 -0.0016609346515478872
1576 -0.0016599201007516501
1577 -0.0016589521867933458
1578 -0.001658012671294896
1579 -0.001657106263956644
1580 -0.0016564522559470655
1581 -0.0016554045315600018
1582 -0.0016545019812750587
1583 -0.0016535426817065795
1584 -0.0016531497071269963
1585 -0.0016522877691047514
1586 -0.0016516458193936026
1587 -0.00165245958673296
1588 -0.0016515115359883618
1589 -0.001650535615872718
1590 -0.0016495348549714053
1591 -0.0016526295660928977
1592 -0.0016517339589362835
1593 -0.0016519460854349905
1594 -0.0016521154670389089
1595 -0.001651618747618067
1596 -0.0016519254243069791
1597 -0.0016554664148381254
1598 -0.0016544304533770249
1599 -0.001653395787677602
1600 -0.0016526282837855566
1601 -0.001651596036262892
1602 -0.0016506086329333741
1603 -0.0016496529481055584
1604 -0.0016487223897569795
1605 -0.0016476951483926445
1606 -0.0016468890552111884
1607 -0.0016458781790524572
1608 -0.0016452326573306027
1609 -0.001644296865687178
1610 -0.0016444062667670559
1611 -0.0016434940325277413
1612 -0.0016427633605895333
1613 -0.0016420007597175179
1614 -0.001641020168034165
1615 -0.0016400040564750105
1616 -0.001639239252613524
1617 -0.0016397729450882887
1618 -0.00163998485764383
1619 -0.0016390851059546894
1620 -0.0016380733250250874
1621 -0.0016385763491873638
1622 -0.0016375661294899607
1623 -0.0016375487151104428
1624 -0.0016368456448563413
1625 -0.0016358383552287372
1626 -0.0016359843457360269
1627 -0.0016350517467859404
1628 -0.001643050806332798
1629 -0.0016420846875279122
1630 -0.0016417428182899773
1631 -0.0016409661192327415
1632 -0.0016401599095397104
1633 -0.0016396424348193584
1634 -0.001639258177460989
1635 -0.001638281803185337
1636 -0.0016373216452545529
1637 -0.0016397704059320105
1638 -0.001638769325098108
1639 -0.0016383588739857177
1640 -0.0016374121731420662
1641 -0.0016370398409422636
1642 -0.0016360735807965385
1643 -0.0016378143773623877
1644 -0.0016395573697692424
1645 -0.0016386105669067563
1646 -0.0016379805590053473
1647 -0.001638085326937836
1648 -0.0016377035148587827
1649 -0.0016376054983768165
1650 -0.0016367240931492702
1651 -0.0016357928359724036
1652 -0.0016367388286063886
1653 -0.0016358566974575739
1654 -0.001635407623662082
1655 -0.0016345829255628884
1656 -0.0016338299802656137
1657 -0.0016330632384003816
1658 -0.0016330258116185133
1659 -0.0016328313006387443
1660 -0.0016318834057484715
1661 -0.0016312311967425156
1662 -0.0016308552742771727
1663 -0.0016300462457786724
1664 -0.00163029105498294
1665 -0.0016298880161521956
1666 -0.0016289354340517262
1667 -0.0016280480409012435
1668 -0.0016271279422025138
1669 -0.0016262464652929858
1670 -0.0016253403683750727
1671 -0.001624386246120213
1672 -0.0016236447031413494
1673 -0.0016229641541445478
1674 -0.0016220503902600052
1675 -0.0016211918225870385
1676 -0.0016215171396667164
1677 -0.0016206432033867213
1678 -0.0016205439469677686
1679 -0.0016196678940226998
1680 -0.001619818817252497
1681 -0.0016192543368302617
1682 -0.0016184728963461144
1683 -0.001618464438609149
1684 -0.0016175288220997431
1685 -0.0016168870425123663
1686 -0.0016173868157028052
1687 -0.0016167253482636298
1688 -0.001616708097416766
1689 -0.0016180783554630349
1690 -0.0016173693930596263
1691 -0.001616426188846185
1692 -0.0016163696090571147
1693 -0.0016154304414627303
1694 -0.0016146752372593316
1695 -0.0016145927065107917
1696 -0.0016136407060942167
1697 -0.0016127150994534835
1698 -0.0016120560568412105
1699 -0.0016113279171114266
1700 -0.0016104149746794703
1701 -0.0016095763706602826
1702 -0.0016125176624701503
1703 -0.0016148537718607382
1704 -0.0016161000648145182
1705 -0.0016151870007194867
1706 -0.0016142993028716033
1707 -0.001613696240513405
1708 -0.001612829626665625
1709 -0.0016130213458070944
1710 -0.0016121270360854713
1711 -0.0016112541657277036
1712 -0.0016103630605569642
1713 -0.001609530361477854
1714 -0.0016092482390975197
1715 -0.0016086857595914075
1716 -0.0016077663635080237
1717 -0.0016078714426148676
1718 -0.0016078861117230282
1719 -0.0016069756987649403
1720 -0.0016060414105679836
1721 -0.0016051426798138976
1722 -0.0016043969237942944
1723 -0.0016036131293717113
1724 -0.001602682959343073
1725 -0.0016035547910702422
1726 -0.0016026788333845941
1727 -0.001601870033657365
1728 -0.0016011485720965485
1729 -0.0016004449155397893
1730 -0.0015995350392139075
1731 -0.0015994894922159442
1732 -0.001599676569075993
1733 -0.0015998732228961667
1734 -0.0015995762013314597
1735 -0.0015986542553940925
1736 -0.001599726721521759
1737 -0.0016046324782027347
1738 -0.0016038623285698703
1739 -0.001605352292559601
1740 -0.001605113096326805
1741 -0.0016042157804970767
1742 -0.0016070792340922302
1743 -0.001606219059896685
1744 -0.0016054709530662387
1745 -0.0016045908985959285
1746 -0.001604077547774311
1747 -0.0016034660678190952
1748 -0.0016030621764054425
1749 -0.001602546465166566
1750 -0.0016020329298532295
1751 -0.0016020812095621985
1752 -0.0016011912580937099
1753 -0.0016003116999218285
1754 -0.0015994481710811788
1755 -0.0015985916732865091
1756 -0.0015979498719767892
1757 -0.0015971694924097925
1758 -0.001596260977340162
1759 -0.0015954180341011348
1760 -0.0015961447870050515
1761 -0.0015979375882947575
1762 -0.0015977636435623793
1763 -0.0015969059682758562
1764 -0.0015960182676592056
1765 -0.0015951473637815213
1766 -0.0015948856944047766
1767 -0.0016159213949254545
1768 -0.001615908442529868
1769 -0.001615028520167096
1770 -0.0016141335899751963
1771 -0.0016146181622143324
1772 -0.0016138156908851128
1773 -0.0016130088500402398
1774 -0.001612317831427076
1775 -0.0016115085575387012
1776 -0.0016106011765941407
1777 -0.0016108329237458675
1778 -0.001615213546831073
1779 -0.00161447756658366
1780 -0.0016138604652348226
1781 -0.0016129921906493018
1782 -0.0016139768572189404
1783 -0.0016143165776533967
1784 -0.0016150560599273276
1785 -0.0016157616325240037
1786 -0.0016150252903289089
1787 -0.001614508732086461
1788 -0.001614062981048159
1789 -0.0016131780951339368
1790 -0.0016123792732220883
1791 -0.0016115579472994147
1792 -0.001610930314304751
1793 -0.0016103580563812277
1794 -0.0016104211081671318
1795 -0.0016096374931025262
1796 -0.0016090984793517503
1797 -0.001608354492874059
1798 -0.0016074772112209057
1799 -0.0016066404856416212
1800 -0.0016068656800426434
1801 -0.0016060190398321699
1802 -0.0016087861502114276
1803 -0.0016078938672662185
1804 -0.00160714419490064
1805 -0.001606395353196962
1806 -0.001605948892089317
1807 -0.0016185923632121096
1808 -0.0016176971240731645
1809 -0.0016169094709979645
1810 -0.0016160161508482415
1811 -0.0016154087712284251
1812 -0.0016145441797318686
1813 -0.0016136536424016248
1814 -0.0016127967913213514
1815 -0.001612926016821785
1816 -0.001612630259338402
1817 -0.0016139424441240257
1818 -0.0016131870193916477
1819 -0.0016128739577285773
1820 -0.0016119877632463087
1821 -0.0016111771882881133
1822 -0.0016106409524697459
1823 -0.001611389761846645
1824 -0.0016106200663553187
1825 -0.0016102999540084204
1826 -0.0016162338184597307
1827 -0.0016154351340254259
1828 -0.0016145934284805125
1829 -0.0016141277855915787
1830 -0.0016136327870005733
1831 -0.001612751502026788
1832 -0.0016121736138010128
1833 -0.0016114711363985899
1834 -0.001610652072957198
1835 -0.0016099833008455505
1836 -0.0016112945810126118
1837 -0.0016105945908247384
1838 -0.001609783718288257
1839 -0.0016090849664898508
1840 -0.0016082427060639247
1841 -0.0016073691358813804
1842 -0.0016103467561861464
1843 -0.0016094729923466528
1844 -0.001609031371250589
1845 -0.0016082098493211416
1846 -0.0016073386630539035
1847 -0.0016068909758017388
1848 -0.0016067464526443563
1849 -0.0016068148870397078
1850 -0.001606092572111306
1851 -0.0016053246650514213
1852 -0.001604587531554812
1853 -0.0016038891665502762
1854 -0.00160322630651219
1855 -0.001602653505969463
1856 -0.0016018219716358512
1857 -0.0016028228512704164
1858 -0.001602643296272055
1859 -0.001602298358419361
1860 -0.0016019406917396123
1861 -0.0016010798960965494
1862 -0.001604313500869898
1863 -0.00160349145922393
1864 -0.001602689859076753
1865 -0.0016019696958524475
1866 -0.0016015589732447778
1867 -0.0016007343581528836
1868 -0.0016001851882891127
1869 -0.0015993748602661768
1870 -0.0015988523230321806
1871 -0.0015980143485572861
1872 -0.001597160708413826
1873 -0.0016031258756217242
1874 -0.0016023951321248481
1875 -0.0016030842895105072
1876 -0.0016022902807313925
1877 -0.001601561448625681
1878 -0.0016017972582067002
1879 -0.0016175927563703298
1880 -0.0016169541295495732
1881 -0.001629464547928343
1882 -0.0016313016073226778
1883 -0.001631371383680047
1884 -0.0016306514383652353
1885 -0.0016298131302714932
1886 -0.0016292907457305832
1887 -0.0016286108227722253
1888 -0.0016283564434895054
1889 -0.001627508377014267
1890 -0.0016270053031682767
1891 -0.0016262995678996894
1892 -0.0016255943001499643
1893 -0.0016250211818190628
1894 -0.001624198817640923
1895 -0.0016440420147019851
1896 -0.0016466518828077618
1897 -0.0016458001960379658
1898 -0.0016450194557905893
1899 -0.0016452915769714757
1900 -0.0016449152189172557
1901 -0.0016443183901328259
1902 -0.0016435158560601977
1903 -0.001642923381708959
1904 -0.0016420796526121892
1905 -0.0016413450150034037
1906 -0.0016405927170866483
1907 -0.0016397860129319555
1908 -0.0016389383321432753
1909 -0.0016386480752011857
1910 -0.0016377901442717608
1911 -0.0016369960159224675
1912 -0.001637902433490607
1913 -0.0016372472447566651
1914 -0.0016365253208669086
1915 -0.0016357225496780184
1916 -0.001635524003850194
1917 -0.00163483281614769
1918 -0.0016346128731317684
1919 -0.0016337919835588942
1920 -0.0016329927265331563
1921 -0.001632612536138251
1922 -0.0016318056277924006
1923 -0.0016310435277231317
1924 -0.0016303285804216967
1925 -0.001629556281781797
1926 -0.001628841836667801
1927 -0.0016287993588592412
1928 -0.0016279545459137745
1929 -0.0016310320239283143
1930 -0.0016302337300714332
1931 -0.0016309086752937401
1932 -0.0016301228308875028
1933 -0.0016292795185073228
1934 -0.0016284830080358081
1935 -0.0016299650335295814
1936 -0.0016299818993782073
1937 -0.0016299199278481597
1938 -0.0016291668199470615
1939 -0.0016283266101379085
1940 -0.0016275060619787957
1941 -0.0016267700239551417
1942 -0.001625962895097691
1943 -0.0016253239674035903
1944 -0.001624557818636599
1945 -0.001623877148535544
1946 -0.0016236158139956885
1947 -0.0016233467050225919
1948 -0.0016233283575963777
1949 -0.0016260396707754375
1950 -0.0016263144081639087
1951 -0.0016256881385656758
1952 -0.0016249686772114207
1953 -0.0016250512073501973
1954 -0.0016252159103903449
1955 -0.0016244975511281548
1956 -0.001623760735853
1957 -0.001622996982269575
1958 -0.0016221680767627975
1959 -0.0016213558429719562
1960 -0.0016205762345885113
1961 -0.001620001570901222
1962 -0.0016211686045067243
1963 -0.0016203729637417111
1964 -0.0016198540463998729
1965 -0.001619860773587677
1966 -0.0016223935499714065
1967 -0.0016216090829296924
1968 -0.0016208425461052254
1969 -0.001620629532763468
1970 -0.0016222725610767633
1971 -0.0016215336591230757
1972 -0.0016215011014961576
1973 -0.0016206792560316383
1974 -0.0016199731345666758
1975 -0.0016191528950048695
1976 -0.001618523235977002
1977 -0.0016185370469011888
1978 -0.0016183980021377308
1979 -0.00161760188704659
1980 -0.0016168222326408044
1981 -0.0016163314570999028
1982 -0.0016156569155365344
1983 -0.0016156090266158097
1984 -0.0016147947075499747
1985 -0.001614027381161104
1986 -0.0016132400766799865
1987 -0.0016188549125190038
1988 -0.0016180405991827265
1989 -0.001617227104663278
1990 -0.0016167772831108648
1991 -0.0016160877940727622
1992 -0.0016152765050195124
1993 -0.0016149054649418596
1994 -0.0016141253347100864
1995 -0.001613357071496125
1996 -0.0016128341573333161
1997 -0.0016120420531386098
1998 -0.001611246442035002
1999 -0.0016106197861730604
2000 -0.0016098867363761775
