n: 8, k: 2000
[[0.25 0.25 0.25 0.25]
 [0.25 0.25 0.25 0.25]
 [0.25 0.25 0.25 0.25]
 [0.25 0.25 0.25 0.25]
 [0.25 0.25 0.25 0.25]
 [0.25 0.25 0.25 0.25]
 [0.25 0.25 0.25 0.25]
 [0.25 0.25 0.25 0.25]]
Exact value (full):  -0.009318093009703718
Jensen value (full):  -0.010576842551987393
Second Order Approximation (full):  -0.008534097855634254
1 -0.03384925425052643
2 -0.01828997174743563
3 -0.01379056298173964
4 -0.010625574097502977
5 -0.0087256537983194
6 -0.0073546642864433425
7 -0.006328577485484337
8 -0.00598652222288365
9 -0.005617162039723351
10 -0.00507577389216749
11 -0.004617158272925404
12 -0.004825337006271487
13 -0.004557725357489499
14 -0.0043064145322984715
15 -0.004330784022022272
16 -0.004062790410443995
17 -0.0038744977085597757
18 -0.0037272119221193455
19 -0.003590896806456026
20 -0.003824320977946627
21 -0.003811746587286637
22 -0.003806100910548015
23 -0.003644545430965398
24 -0.0037250558477050313
25 -0.003609579817857593
26 -0.003508651711924288
27 -0.0035205409987139756
28 -0.0034229880277832437
29 -0.0033247775803641254
30 -0.0032288405374856664
31 -0.003374959277402189
32 -0.003284811117737263
33 -0.00324683253579265
34 -0.0031627198100870695
35 -0.0037812517764645496
36 -0.0036872435278686075
37 -0.003606728190788999
38 -0.0035947258162961683
39 -0.003502553359468047
40 -0.0034160616814005924
41 -0.0034849178506502826
42 -0.003402681760884908
43 -0.0035656694768519057
44 -0.0035372192348652413
45 -0.003459112386715573
46 -0.00339454029472107
47 -0.003393658255206773
48 -0.0033662394627071873
49 -0.0033215524963081146
50 -0.005096042490731622
51 -0.005033502233488299
52 -0.007218363754558445
53 -0.007208946360134287
54 -0.007098612019136545
55 -0.007190316159176281
56 -0.007307858361562976
57 -0.007192425038036217
58 -0.007074025156349486
59 -0.006986333692481612
60 -0.0069713124266551465
61 -0.006903588489220673
62 -0.006811240789213635
63 -0.007127269876917348
64 -0.007025887242747322
65 -0.006928925021734
66 -0.006839729659297896
67 -0.006742530571310486
68 -0.006678924008450413
69 -0.012414853685265324
70 -0.01226300094721019
71 -0.012402283373196777
72 -0.012239942103481848
73 -0.012085485026795108
74 -0.011977017778745724
75 -0.01181732420836244
76 -0.01233983181725162
77 -0.012205071269806465
78 -0.012170445001104837
79 -0.012178033278164361
80 -0.01202901520871363
81 -0.011928407501110062
82 -0.011813632627020445
83 -0.011672848648231579
84 -0.011582015523539914
85 -0.011497898348363152
86 -0.01136478837549453
87 -0.011257630500688382
88 -0.01116145699128619
89 -0.011039254826980302
90 -0.010929098706987526
91 -0.01089426485420946
92 -0.010792716840094951
93 -0.010723525126029192
94 -0.01062046407522311
95 -0.010509533576125813
96 -0.010408980656184959
97 -0.012139265877456475
98 -0.012025564435691406
99 -0.01191707643879958
100 -0.012020333482159902
101 -0.012053487793111495
102 -0.012028617381011086
103 -0.011927248337688236
104 -0.011861792977767356
105 -0.011752487011783929
106 -0.011642174170000928
107 -0.011534921722575685
108 -0.011430034493211364
109 -0.011326000460063993
110 -0.011401482762895192
111 -0.01129915306446163
112 -0.011198718132472345
113 -0.011364784123116771
114 -0.011644120081495703
115 -0.01155598717082086
116 -0.01146256773036556
117 -0.011387788749316227
118 -0.011378286046284153
119 -0.011362397427921455
120 -0.011273779158348882
121 -0.011585894753671918
122 -0.011498560632285477
123 -0.011489995785054104
124 -0.0114710457212588
125 -0.01143646018904109
126 -0.01134664445968761
127 -0.011259210999437125
128 -0.011172680342198751
129 -0.011105129157452787
130 -0.011025141812835771
131 -0.011021373583021533
132 -0.010937878328604699
133 -0.010856159268037551
134 -0.010799774015982038
135 -0.010720485211843161
136 -0.0106537295609595
137 -0.01077823089042422
138 -0.01072386287477706
139 -0.010734177385634298
140 -0.010680131088819107
141 -0.010652806028759931
142 -0.010582704693597011
143 -0.010511475673550952
144 -0.010442915295887652
145 -0.010400084757127143
146 -0.010331716773329728
147 -0.010261432985756054
148 -0.010199378677731822
149 -0.01016875014117839
150 -0.010142359176861633
151 -0.010081712364441057
152 -0.010015385309411836
153 -0.009951204440464288
154 -0.009892859216512511
155 -0.00983354023082937
156 -0.009771555711442753
157 -0.009711082220434068
158 -0.009673907594897387
159 -0.009614174822163691
160 -0.009576696126657664
161 -0.00951962193713646
162 -0.009463564379344716
163 -0.009407364388663457
164 -0.009624481027558194
165 -0.009595481164797078
166 -0.00955272680360404
167 -0.009501554843187397
168 -0.00946483603386348
169 -0.009410438018579475
170 -0.009355214330635657
171 -0.009301549779226185
172 -0.009249538010302517
173 -0.009223428918567715
174 -0.00919476178531676
175 -0.009230042683047926
176 -0.009203894990212727
177 -0.009158101925018163
178 -0.00912640535234151
179 -0.00912893110889548
180 -0.009082280247194919
181 -0.00987895522866791
182 -0.009862887036333718
183 -0.009811786676476641
184 -0.009758461748887092
185 -0.009711261496370222
186 -0.009663292659360992
187 -0.009618655711252576
188 -0.009595023629156036
189 -0.009552589519136163
190 -0.009506938904604252
191 -0.009509487647194606
192 -0.009460859267183711
193 -0.00941739342246071
194 -0.009404975091925232
195 -0.009363714730660326
196 -0.009316296675413973
197 -0.00972019101675586
198 -0.010549320601792775
199 -0.010501497910086996
200 -0.010452171998022081
201 -0.010400679639296041
202 -0.010355791679607538
203 -0.010308314374073257
204 -0.010270432625065046
205 -0.010233438317149313
206 -0.010185490643830354
207 -0.010151335879637152
208 -0.010104033524892364
209 -0.010056897397589625
210 -0.010049804310238813
211 -0.010002174905924883
212 -0.010059834889737948
213 -0.010035634201706318
214 -0.010011529546879325
215 -0.009969840773437455
216 -0.009927849907718915
217 -0.009910830304539327
218 -0.009882341736498133
219 -0.009847257287821853
220 -0.009839924917452484
221 -0.009888271697318431
222 -0.009920382907276258
223 -0.010166899757816691
224 -0.010232299576062216
225 -0.010188025054699701
226 -0.010144333416732933
227 -0.0101046299976203
228 -0.010179781480362343
229 -0.010137384898645263
230 -0.010093309312129413
231 -0.010054569186370484
232 -0.010014008956628004
233 -0.009971853611985673
234 -0.009930507654473284
235 -0.009897585295836123
236 -0.009859665170120395
237 -0.009820904416143993
238 -0.009781386045160753
239 -0.009746313830405907
240 -0.009717899321109735
241 -0.009681896248411955
242 -0.009648172268814134
243 -0.009609752041984162
244 -0.009598798313715216
245 -0.009562748601248507
246 -0.009528362679687893
247 -0.009491280265675485
248 -0.009587253280114363
249 -0.00956149296474772
250 -0.009531951321798246
251 -0.009501661325243554
252 -0.009467799641098514
253 -0.00948645910685004
254 -0.009619789358957059
255 -0.009585313245185578
256 -0.009548246130108837
257 -0.009517651920476693
258 -0.00949107021828126
259 -0.009474860575666676
260 -0.009462830921690427
261 -0.00943127765903822
262 -0.00939687537851123
263 -0.009361814470910662
264 -0.009332356113480425
265 -0.009307870584886555
266 -0.00927287859020653
267 -0.00925851082545649
268 -0.00923743513702453
269 -0.00921303856243206
270 -0.00919084749679043
271 -0.009157767470423319
272 -0.009133740375372151
273 -0.009100397011654687
274 -0.009068763151612537
275 -0.009054622492218502
276 -0.009026289217744938
277 -0.00902396839467487
278 -0.008998707658333795
279 -0.008978028380699854
280 -0.008948361555329534
281 -0.00891713193657428
282 -0.008887146168270965
283 -0.008861303159241203
284 -0.008832125630696793
285 -0.008821738210354566
286 -0.008793214112238323
287 -0.008802189086948204
288 -0.008772622381583346
289 -0.008744460042334626
290 -0.008714480665228858
291 -0.008688153759485855
292 -0.008664107891889527
293 -0.008963868248475755
294 -0.008935483569137443
295 -0.009823018038421914
296 -0.009793138211964977
297 -0.01011109442915521
298 -0.010107479328771585
299 -0.010096351881072992
300 -0.010062697374802747
301 -0.010029852522163003
302 -0.009997004539014727
303 -0.009969131979202739
304 -0.00995080676168406
305 -0.009919417429570816
306 -0.009887495952081686
307 -0.009855800647211662
308 -0.009826406056293164
309 -0.009795109721857676
310 -0.00977034893103042
311 -0.009739362342147702
312 -0.009710327674896768
313 -0.009682093100690067
314 -0.009654224348578615
315 -0.009631193402218192
316 -0.00961087849555041
317 -0.010458953446844577
318 -0.010562543461794176
319 -0.010534481555962908
320 -0.010517412348747243
321 -0.010590389794839124
322 -0.010558048201470802
323 -0.01052808676620026
324 -0.01051318358545189
325 -0.010483109035558286
326 -0.01045563492214099
327 -0.010424411612494201
328 -0.010452253390867097
329 -0.010422411148120458
330 -0.010398774743479201
331 -0.010387708455316861
332 -0.01035642017683699
333 -0.01032588087587468
334 -0.010297304897293838
335 -0.010308689476347447
336 -0.010285665091563093
337 -0.010265372133538205
338 -0.010249601092540245
339 -0.010241956718901386
340 -0.01021607914313147
341 -0.01018626788664622
342 -0.010161593138079086
343 -0.010159054791111703
344 -0.010131262663636257
345 -0.01026870013213381
346 -0.010239300774029311
347 -0.01038837223353587
348 -0.01036096818687178
349 -0.010335287449204778
350 -0.01030740058521456
351 -0.010283524644201405
352 -0.01031094099088972
353 -0.010408879040140036
354 -0.010403737745514634
355 -0.010384574688665233
356 -0.010355824903169537
357 -0.010328426602809625
358 -0.010300033764474506
359 -0.010272138248745587
360 -0.01024513387639873
361 -0.010280276658515712
362 -0.010289684300276648
363 -0.010261959541801795
364 -0.010239033576558877
365 -0.010211228895198847
366 -0.01019927883686756
367 -0.010175288899589763
368 -0.010149442141403623
369 -0.010132185924075138
370 -0.010106098164200165
371 -0.010089186283777331
372 -0.01006911848784393
373 -0.010042445813261969
374 -0.010016199060689887
375 -0.009991022223335057
376 -0.010394268088698179
377 -0.010371591421858572
378 -0.01034652883321367
379 -0.010389968792830783
380 -0.010362759508327705
381 -0.01033888584600549
382 -0.010318284086403147
383 -0.010293852259379793
384 -0.01026719984668033
385 -0.010247060903400933
386 -0.01022064478883684
387 -0.010216818822380302
388 -0.010191751015291926
389 -0.010168575108507149
390 -0.010142688633650544
391 -0.010118496969745728
392 -0.010093013801386913
393 -0.010068947780771366
394 -0.010075257069623363
395 -0.01005087330355492
396 -0.010026456626540234
397 -0.010041291812030185
398 -0.010018389238892932
399 -0.010015213840808033
400 -0.009995152049568775
401 -0.009970400488104452
402 -0.009947310693430472
403 -0.00992290809769585
404 -0.009898828991152733
405 -0.009878443073965295
406 -0.009860164091276526
407 -0.00984137050553585
408 -0.009848913957900055
409 -0.009841261947856481
410 -0.009836182093044387
411 -0.009829484054846991
412 -0.009805950160996647
413 -0.009782310781034838
414 -0.009761870617698893
415 -0.009742248106024816
416 -0.0097602023681702
417 -0.009882177079417612
418 -0.00986108101619828
419 -0.009842657682787739
420 -0.009824575729120006
421 -0.009801302054874506
422 -0.009779946025864503
423 -0.009761294047306046
424 -0.009741221078220908
425 -0.009722127293468516
426 -0.009705768274801066
427 -0.009686799559905474
428 -0.00966779181760025
429 -0.009651422487868933
430 -0.009722809333551012
431 -0.00970041250424434
432 -0.009700916639467816
433 -0.010046282315199884
434 -0.010023393778258047
435 -0.010008371328638457
436 -0.009986215987616523
437 -0.009965700141516484
438 -0.00994997775571025
439 -0.009931912481727496
440 -0.00991183918209488
441 -0.00989244867090655
442 -0.009871336891349546
443 -0.00986844788819261
444 -0.009846978029661436
445 -0.009825890133296503
446 -0.009803858989499871
447 -0.009882482938394445
448 -0.0098608175673941
449 -0.00983910029354998
450 -0.009835126668165469
451 -0.009935528893973979
452 -0.009914178328629125
453 -0.009899051075677212
454 -0.009877377671948375
455 -0.009877427426029456
456 -0.009879484948505851
457 -0.009864798320241085
458 -0.009850265573295143
459 -0.009837547402544633
460 -0.009844375122516465
461 -0.009845660797572599
462 -0.00982447825425055
463 -0.009804249751017702
464 -0.009785021264315989
465 -0.009768308020115945
466 -0.009748957263601773
467 -0.009738477703598902
468 -0.009721020103354832
469 -0.009712483065757064
470 -0.009703866806588874
471 -0.009685818429797252
472 -0.009759304231654472
473 -0.00973899112947194
474 -0.009722337487194926
475 -0.009716059117448522
476 -0.00969715499968514
477 -0.00969075140353694
478 -0.00971200842223083
479 -0.009720253575287933
480 -0.009718765155332662
481 -0.009700912711559026
482 -0.009694931365342776
483 -0.009675321290504933
484 -0.009685590970815042
485 -0.009667971339532054
486 -0.00964870782790068
487 -0.009631534576168083
488 -0.009615276097001982
489 -0.009694874115610798
490 -0.009678530639252935
491 -0.009720912498509888
492 -0.009703380595103983
493 -0.009686767524256306
494 -0.009674446448635387
495 -0.009660127723360666
496 -0.009652143108764303
497 -0.009638266354155314
498 -0.009630717124065004
499 -0.009612319690749924
500 -0.009593474713426973
501 -0.009580482709997602
502 -0.009579354639073228
503 -0.009575338052693994
504 -0.009570959797270356
505 -0.009552940004141407
506 -0.009534570879446902
507 -0.009541849390341339
508 -0.009523505720712056
509 -0.00950595908943438
510 -0.009518743504429258
511 -0.009516104562706256
512 -0.009502390569092955
513 -0.009484487617447556
514 -0.009469592606273017
515 -0.009458714200011233
516 -0.009445375109915518
517 -0.009470687938152639
518 -0.009452653974899623
519 -0.009440243325184502
520 -0.00943022999007412
521 -0.009420869032972973
522 -0.009408381761587809
523 -0.009391758913955082
524 -0.009375984512595598
525 -0.009359333409766317
526 -0.009386541496424015
527 -0.009386927312816077
528 -0.00936978632239859
529 -0.009416129786767192
530 -0.009398363504150648
531 -0.00938153523660003
532 -0.00936596780315412
533 -0.009350774771096162
534 -0.009334488440959845
535 -0.009328015959449942
536 -0.009312426114758026
537 -0.00932696628456522
538 -0.009312617543647648
539 -0.009296594320160534
540 -0.009299375740654243
541 -0.00928672484860557
542 -0.009273388066835923
543 -0.009256310004097733
544 -0.009239351717473481
545 -0.00922292534357329
546 -0.009210128262363051
547 -0.009193670011765801
548 -0.009177600405587811
549 -0.009161654628729837
550 -0.009145269167681597
551 -0.00913024320958461
552 -0.009121292125757739
553 -0.009106331936889707
554 -0.009089985562782796
555 -0.009076347198139476
556 -0.009060063140351689
557 -0.009080512347758687
558 -0.00907537888372229
559 -0.009073432946219921
560 -0.009058362807971712
561 -0.009044162311373356
562 -0.009035434516593836
563 -0.009039872728635183
564 -0.009026120419587221
565 -0.009086960167872584
566 -0.009077103499878916
567 -0.009062184839665918
568 -0.009046680086285805
569 -0.009031401403355555
570 -0.009017959063937271
571 -0.009002308933694672
572 -0.008997447687735997
573 -0.009085821644428168
574 -0.009070264334939819
575 -0.00905640944858136
576 -0.009041626845518937
577 -0.009027708182992806
578 -0.009015126051302415
579 -0.009005488074034113
580 -0.009002436861060375
581 -0.009012704357464906
582 -0.008997218611146237
583 -0.008987554988584346
584 -0.008972470552174067
585 -0.008996447366054114
586 -0.008981095066794634
587 -0.008967774023617562
588 -0.008954667171323923
589 -0.008940886061845664
590 -0.008932100264107647
591 -0.008917245001739885
592 -0.008904039622756163
593 -0.008900984152460219
594 -0.008896677994454387
595 -0.008882163073117936
596 -0.008868009528125791
597 -0.008858010814292097
598 -0.00884831165666487
599 -0.00883390904765687
600 -0.008879680550835458
601 -0.008906988248394579
602 -0.008892441176640098
603 -0.008878895153102454
604 -0.008869436182964579
605 -0.008856388238014027
606 -0.008847016243722184
607 -0.008833497689027449
608 -0.008820000087559093
609 -0.008815749844091296
610 -0.008801792091474095
611 -0.008787597824504563
612 -0.008773706487279468
613 -0.00900927356083918
614 -0.009004649433792667
615 -0.008990370760272133
616 -0.008980462026161075
617 -0.009037275568612432
618 -0.009024698127501297
619 -0.009010818026640303
620 -0.009009550882388603
621 -0.00900029773280058
622 -0.008986092294564025
623 -0.008972030504322197
624 -0.00895781867391702
625 -0.00894442082754684
626 -0.008933556802823858
627 -0.008924555220595274
628 -0.008959861718420847
629 -0.00894657610463426
630 -0.008932622553223298
631 -0.008919344281397621
632 -0.008913867259546139
633 -0.008903221743620465
634 -0.008891368822616902
635 -0.008881535024470845
636 -0.008868107727984617
637 -0.008894888839695697
638 -0.008881156286323926
639 -0.008867336700088147
640 -0.008857229136538065
641 -0.00884372153454357
642 -0.00883809032495824
643 -0.008830117607012326
644 -0.00883122724085945
645 -0.00881762739363763
646 -0.008809584965010981
647 -0.008799015078035741
648 -0.00878589465415687
649 -0.008792174969029514
650 -0.008778648546000236
651 -0.009005460239117389
652 -0.008996833006291735
653 -0.00899032103856784
654 -0.008977396084391166
655 -0.008966132611024509
656 -0.008954328648115252
657 -0.008961676612875861
658 -0.008956656804024804
659 -0.008943905500458685
660 -0.008934951941393411
661 -0.008922439764774697
662 -0.008909695007894522
663 -0.008897404055937723
664 -0.008902543402671704
665 -0.008905431663387052
666 -0.008898731040169059
667 -0.008885712805726594
668 -0.008873536354933546
669 -0.008860964348644059
670 -0.008847827574665167
671 -0.008838830337204817
672 -0.008830909625376497
673 -0.008819309232419083
674 -0.008808352100653458
675 -0.008797024779217906
676 -0.008786509422431308
677 -0.008776688790749698
678 -0.008764839958052934
679 -0.008751931504506464
680 -0.00875445895113335
681 -0.008745581425408691
682 -0.008733047260432109
683 -0.008797738445359984
684 -0.009190190584073797
685 -0.00931701003260489
686 -0.009306559024803998
687 -0.009309296475125958
688 -0.009307260756972814
689 -0.009293853667198362
690 -0.00928424664071179
691 -0.009278843494727868
692 -0.009266297875821434
693 -0.00925406340904758
694 -0.009241805390319945
695 -0.009230122262890026
696 -0.009217096160797536
697 -0.009204110782079875
698 -0.009192460378550042
699 -0.009179758364966727
700 -0.009167552756989591
701 -0.00915451253746716
702 -0.009142396298026084
703 -0.009132064729465176
704 -0.009119459755287983
705 -0.00910659589844596
706 -0.009131125451157863
707 -0.00912393615686734
708 -0.009111515123054036
709 -0.009099975369562224
710 -0.009097043450466857
711 -0.009089081322898979
712 -0.009077023148525813
713 -0.00907935232438138
714 -0.009069283426301906
715 -0.009071156248360001
716 -0.009059447176048426
717 -0.00904717472219128
718 -0.009035282995386366
719 -0.00902647087073868
720 -0.009027742191637505
721 -0.009016222406882619
722 -0.009023195296274345
723 -0.009011627175479943
724 -0.009000703793498148
725 -0.008991397953964052
726 -0.008979242154020007
727 -0.008969164388376069
728 -0.008961302132907427
729 -0.008960755223118426
730 -0.008950001963720524
731 -0.008944910969215793
732 -0.008934639795159221
733 -0.008928902290410878
734 -0.00891828761406236
735 -0.008910231168648045
736 -0.008902997479453998
737 -0.008899006852886521
738 -0.008895450009753742
739 -0.008900379417319292
740 -0.008889652909324084
741 -0.008880430637873344
742 -0.008883028828549706
743 -0.008871108680559415
744 -0.008864952593382904
745 -0.008860271951928251
746 -0.008848813740320734
747 -0.008845961934091586
748 -0.00883432827308775
749 -0.008835889969548899
750 -0.008824475281212153
751 -0.008832895181124107
752 -0.008830112224576938
753 -0.008818385647917471
754 -0.008807793432429468
755 -0.008803398794200045
756 -0.008793732738585833
757 -0.008782898346501936
758 -0.008859541174968857
759 -0.008847976649917488
760 -0.00904542292440676
761 -0.00904146115416133
762 -0.009030433873990608
763 -0.009018928647699822
764 -0.00900900270675578
765 -0.0089972262326293
766 -0.00898554635593091
767 -0.008976328838078721
768 -0.008965914759855292
769 -0.008955547792823723
770 -0.008950728671754695
771 -0.008939496239155355
772 -0.008928179897607441
773 -0.008919079667571134
774 -0.008924083272860952
775 -0.008915779696981173
776 -0.008930688839760443
777 -0.00892811765695266
778 -0.008919983449867877
779 -0.008908532893449561
780 -0.008902412875674278
781 -0.008901104499774952
782 -0.008890284902125001
783 -0.009035468011425463
784 -0.009023943179778235
785 -0.009016801140169709
786 -0.009005329382993919
787 -0.009001273633177933
788 -0.008990686040186118
789 -0.008985351045424765
790 -0.008981676521966887
791 -0.00898041295420672
792 -0.009039239844696546
793 -0.009028652825322921
794 -0.009296370059408391
795 -0.009286863563031138
796 -0.00928007075816907
797 -0.009268427005649409
798 -0.009257698437323304
799 -0.009252697685598825
800 -0.009243834035464695
801 -0.009232904280912608
802 -0.00922214130223254
803 -0.009210939128112943
804 -0.009200363681888986
805 -0.009190881585486983
806 -0.00918470365434835
807 -0.009263611284967341
808 -0.009254786845515492
809 -0.009244891697181576
810 -0.009238071694836628
811 -0.009228555815047359
812 -0.009217803609138112
813 -0.009207101380840722
814 -0.009197015767516463
815 -0.00918599241513609
816 -0.009179859604335984
817 -0.009179629336031324
818 -0.009172039530455055
819 -0.009161603925026308
820 -0.009338805175152275
821 -0.009340546090766007
822 -0.009346119234956892
823 -0.00933532168568475
824 -0.00933023813788996
825 -0.00932124397855437
826 -0.00931099352947188
827 -0.009340584466212607
828 -0.009330005911139675
829 -0.0093195611721359
830 -0.009308404262028249
831 -0.009297593642171439
832 -0.009287733540584368
833 -0.009276699204743978
834 -0.009453697703349214
835 -0.009443543871573966
836 -0.009432551900517932
837 -0.009421342687592177
838 -0.00941508213366394
839 -0.00940829393575322
840 -0.009408390155022041
841 -0.00941292621753876
842 -0.00940735564255663
843 -0.009397221076864987
844 -0.009386229358608954
845 -0.009385789076653158
846 -0.009375444356145558
847 -0.00936538097909513
848 -0.009355635305704484
849 -0.009354431696969331
850 -0.009344720201612164
851 -0.009335899709897228
852 -0.009325241946059042
853 -0.009478333639292303
854 -0.009471005684651576
855 -0.009462589737915784
856 -0.009473313982245034
857 -0.009464128341242307
858 -0.009461363792752819
859 -0.009450649281892569
860 -0.009443633924689302
861 -0.009432902447502904
862 -0.009424801198303228
863 -0.009419659452994182
864 -0.009408757069368032
865 -0.009402255103015757
866 -0.009391808166375394
867 -0.00938246665468023
868 -0.009372076865755601
869 -0.009362164376363584
870 -0.009352318213767674
871 -0.00934178266665607
872 -0.009370114863507218
873 -0.009361189673925584
874 -0.009351049087883452
875 -0.009341112059279092
876 -0.009339092569520202
877 -0.00936564675067033
878 -0.009356232187905758
879 -0.00934667587497888
880 -0.00933780359615327
881 -0.009327364271041944
882 -0.009317679994819195
883 -0.009317119642692823
884 -0.009306859710091675
885 -0.009301955133350448
886 -0.009291907148565936
887 -0.009281952973014873
888 -0.009274917846330196
889 -0.009280416976969155
890 -0.00926998954216357
891 -0.0092611059290881
892 -0.009251375464214189
893 -0.0092458145358014
894 -0.009236291002766716
895 -0.009227015912132324
896 -0.009225421862185236
897 -0.009215915724585948
898 -0.009206737210971129
899 -0.009205362962354925
900 -0.009198123320921776
901 -0.009188440399560868
902 -0.009185196620323516
903 -0.009193984328718752
904 -0.009183879617937853
905 -0.009181571973842107
906 -0.009171580277373286
907 -0.009163000438031962
908 -0.009160645786547933
909 -0.009155618243450403
910 -0.009146007451684205
911 -0.009152374130522386
912 -0.009145134106291676
913 -0.009228215660101144
914 -0.009219869495297128
915 -0.00921066212283364
916 -0.009215668286540014
917 -0.009208925422765966
918 -0.00919889391359084
919 -0.009189062641874763
920 -0.009180086265247215
921 -0.009171728018456879
922 -0.009171775036133855
923 -0.009215380170080844
924 -0.009219490952217264
925 -0.009221358373761158
926 -0.009211913651907919
927 -0.009581612247811408
928 -0.009571287234613335
929 -0.009563499484504419
930 -0.009553394535392433
931 -0.00954345147315862
932 -0.009533335893341386
933 -0.009524953176539374
934 -0.009514788346672099
935 -0.009506551009845772
936 -0.00951725311075728
937 -0.009668677994461465
938 -0.00965873939316929
939 -0.00965440326440856
940 -0.009653975630239868
941 -0.009644271206675237
942 -0.00963627314695933
943 -0.009626145266754094
944 -0.009617645760280041
945 -0.009607633266053002
946 -0.009598908134414207
947 -0.009603560632426174
948 -0.009598411836487524
949 -0.00958846307518141
950 -0.009578496493911504
951 -0.009569377011860064
952 -0.009560725476542532
953 -0.009562664160992232
954 -0.009553920016943883
955 -0.009544558723123283
956 -0.009535911546313438
957 -0.009571127927044292
958 -0.009564468660413874
959 -0.009556671122559679
960 -0.009548574802317926
961 -0.009540925847468826
962 -0.00953258880727992
963 -0.009598365980236868
964 -0.009592689814539352
965 -0.009746894712528646
966 -0.00973875062259392
967 -0.009730308200085943
968 -0.009722227240743899
969 -0.009712964878691601
970 -0.009703297758407869
971 -0.009693523738104776
972 -0.009683663900525845
973 -0.009676435022139256
974 -0.009668480767553946
975 -0.009659587416841886
976 -0.009656332733561966
977 -0.009650208146766114
978 -0.009641396691557091
979 -0.00963287993021834
980 -0.00962322990649318
981 -0.009618234261412745
982 -0.009609384179182584
983 -0.009599608610332957
984 -0.009592784480450105
985 -0.00958314802639671
986 -0.009573601625574319
987 -0.009568933649554592
988 -0.00955998915800929
989 -0.009557150592085626
990 -0.009547741950081375
991 -0.00953881395962726
992 -0.009529776289886884
993 -0.009520972101682396
994 -0.009515322575314318
995 -0.009507077584453653
996 -0.009500738961796578
997 -0.009491246207754113
998 -0.009481809975244932
999 -0.009473469836565227
1000 -0.009464810132238181
1001 -0.009455910236828804
1002 -0.009446671660003693
1003 -0.009437965289087774
1004 -0.009433637655650752
1005 -0.009425612324567852
1006 -0.009424116153768862
1007 -0.009426723677863704
1008 -0.009418230885193396
1009 -0.009409290076414225
1010 -0.009413619434255236
1011 -0.009404469552264705
1012 -0.009404030112225707
1013 -0.009394746765619364
1014 -0.009388087113218868
1015 -0.009383425474157677
1016 -0.009375272162316357
1017 -0.009366763229864187
1018 -0.009358089986030353
1019 -0.009349119560763893
1020 -0.009340343423237363
1021 -0.00933244050673746
1022 -0.009326811312248894
1023 -0.009323667013937002
1024 -0.009316813083486846
1025 -0.009308408221965297
1026 -0.0093004553164277
1027 -0.009291661947994736
1028 -0.009285071681338868
1029 -0.009276048288062543
1030 -0.00927255511770161
1031 -0.009266049619726246
1032 -0.009257167031426261
1033 -0.00924845291515166
1034 -0.00924806313170276
1035 -0.009241677497166017
1036 -0.0092420438335726
1037 -0.009271749128669926
1038 -0.009263234954974005
1039 -0.009254319425662192
1040 -0.009247653007416638
1041 -0.009241273596686653
1042 -0.009233823869235023
1043 -0.009286434569994098
1044 -0.009287440482056656
1045 -0.009279086100384264
1046 -0.00927068216375712
1047 -0.009261827644020962
1048 -0.00925424622463657
1049 -0.009246930222286008
1050 -0.009238983472847984
1051 -0.0092328781312494
1052 -0.009224170880092728
1053 -0.009218315307199293
1054 -0.009212148061548554
1055 -0.009203805927224706
1056 -0.009195499974036146
1057 -0.009187630424353074
1058 -0.009182743716662353
1059 -0.009174369819033778
1060 -0.009170818427233843
1061 -0.009162174866039466
1062 -0.009154105113746657
1063 -0.009147985087321469
1064 -0.00914081657989517
1065 -0.009132233653529071
1066 -0.009123666830214316
1067 -0.009115530283673848
1068 -0.009107085153993947
1069 -0.009188379503308907
1070 -0.00918542474677467
1071 -0.009176888296251788
1072 -0.009173265267015672
1073 -0.00916639761421172
1074 -0.009158257560570636
1075 -0.009150608097616605
1076 -0.009145076466175805
1077 -0.00914275093850022
1078 -0.009146078075379318
1079 -0.009146848139704672
1080 -0.009141269175001458
1081 -0.009133063711413866
1082 -0.009211787488953706
1083 -0.00920741877901793
1084 -0.009199713017262764
1085 -0.00919168140223312
1086 -0.009184462886250343
1087 -0.009177611042135232
1088 -0.009169175737868563
1089 -0.009162567850493799
1090 -0.009154474006165652
1091 -0.009148802557616626
1092 -0.009142011732118517
1093 -0.009134915929417677
1094 -0.009129517655988701
1095 -0.009121356122939248
1096 -0.009113280478580413
1097 -0.00910941849831074
1098 -0.009102788912165632
1099 -0.00909536878181701
1100 -0.009088543542850594
1101 -0.009080400616721843
1102 -0.009072224006273253
1103 -0.009064554851865369
1104 -0.00905745287459993
1105 -0.009068002792239743
1106 -0.009064079195191225
1107 -0.009056528301822606
1108 -0.00905743463232407
1109 -0.009050306851253099
1110 -0.009042951520005994
1111 -0.009058242075249724
1112 -0.009054199781115265
1113 -0.00904645431719741
1114 -0.009038600120826277
1115 -0.009032373685464001
1116 -0.009024280160656237
1117 -0.009017202894781074
1118 -0.009011413091930178
1119 -0.009004950651863098
1120 -0.009001114849632213
1121 -0.008996436922493514
1122 -0.008988418707767584
1123 -0.008981850748770476
1124 -0.008974068867599164
1125 -0.008966254839159455
1126 -0.008958681164857247
1127 -0.008951942005808212
1128 -0.008944005887008737
1129 -0.00893726026072744
1130 -0.008930002736441896
1131 -0.008922297666530847
1132 -0.008915781478770765
1133 -0.008908208334007489
1134 -0.008903291743657192
1135 -0.008898285789047132
1136 -0.008891574545054601
1137 -0.008884376298173312
1138 -0.008878157131097995
1139 -0.008878954152188959
1140 -0.008877149523594407
1141 -0.008869726303401763
1142 -0.0088625197584441
1143 -0.008858623417978119
1144 -0.008989493541480268
1145 -0.009334140758752104
1146 -0.009327339467283428
1147 -0.009319647133225441
1148 -0.009312037550868702
1149 -0.009306808005259836
1150 -0.00930099742257088
1151 -0.009298877877278039
1152 -0.009301111390846634
1153 -0.009293081707278484
1154 -0.009289916968656053
1155 -0.009284159432400156
1156 -0.009289145033938875
1157 -0.00928279799600887
1158 -0.009275091838755908
1159 -0.009269677715880638
1160 -0.00926265728043728
1161 -0.009259796007592488
1162 -0.009255029134778532
1163 -0.009248668118019637
1164 -0.009241868887529486
1165 -0.00923611981836206
1166 -0.009250537434526532
1167 -0.009242884751818078
1168 -0.00923773605322758
1169 -0.009231953706335973
1170 -0.009224113853409863
1171 -0.00922213392815788
1172 -0.009217973745654062
1173 -0.009211425108538515
1174 -0.009203767292313928
1175 -0.009195970797798571
1176 -0.009214582750073084
1177 -0.00920766556636907
1178 -0.009201696961815978
1179 -0.009194679212147654
1180 -0.009187498386961371
1181 -0.009179970061239742
1182 -0.009197195211222569
1183 -0.009190074411142944
1184 -0.009184895687735032
1185 -0.009177262479477923
1186 -0.009177797221535501
1187 -0.009170115274240852
1188 -0.00916383128497858
1189 -0.009160456987036969
1190 -0.00915309563574163
1191 -0.009146005110744409
1192 -0.009138358296121725
1193 -0.009132856350901076
1194 -0.009125265831262445
1195 -0.009269165157511666
1196 -0.009261415019420101
1197 -0.009253916313779868
1198 -0.009246556405743516
1199 -0.009239024406564192
1200 -0.009233945656275546
1201 -0.009230546693224862
1202 -0.009223100070691428
1203 -0.00921582416000213
1204 -0.009211898307884095
1205 -0.009206688464482743
1206 -0.009221576430808896
1207 -0.009222306170813637
1208 -0.009218938036285516
1209 -0.00921136184749023
1210 -0.009226926621067066
1211 -0.00922443452181419
1212 -0.009217162996872776
1213 -0.009213751590376447
1214 -0.009207051193325032
1215 -0.009199473373412832
1216 -0.009192077171031815
1217 -0.009185852767128641
1218 -0.009195891604563444
1219 -0.009188868031079163
1220 -0.009187066463575724
1221 -0.00917986722616003
1222 -0.009172373399516797
1223 -0.009165040168664535
1224 -0.009157840878901716
1225 -0.009167609307168059
1226 -0.009160595119772843
1227 -0.009157823877524517
1228 -0.009155466163884407
1229 -0.00914877873440933
1230 -0.009142721290770222
1231 -0.009136187529074531
1232 -0.009174108188332922
1233 -0.00916742609319639
1234 -0.009160747034718648
1235 -0.009186639216070594
1236 -0.009180757556667123
1237 -0.009181752307530652
1238 -0.009174335706312937
1239 -0.009175228287706075
1240 -0.00916784698349674
1241 -0.00916128299469866
1242 -0.009154565080706183
1243 -0.009159232952311877
1244 -0.009152554595910134
1245 -0.00914536287033757
1246 -0.009141109271156609
1247 -0.009135099648630176
1248 -0.009128394871647903
1249 -0.009121474132866953
1250 -0.00911477321942801
1251 -0.009111772672876033
1252 -0.009104777624617285
1253 -0.009097970048741796
1254 -0.00909805872123052
1255 -0.00909148704024509
1256 -0.009084715063372802
1257 -0.009077770600732374
1258 -0.009070873489765886
1259 -0.009074651276442334
1260 -0.009072620133150517
1261 -0.009067917120553212
1262 -0.009061834372669702
1263 -0.00906584660871239
1264 -0.00907211462576405
1265 -0.009065615846462562
1266 -0.009058591535908567
1267 -0.009052404912865627
1268 -0.00904532082058606
1269 -0.009038645930303981
1270 -0.009031830422893496
1271 -0.009038194440893753
1272 -0.009033623863421006
1273 -0.009029628486821853
1274 -0.00902608496286616
1275 -0.009019229636321005
1276 -0.009012236612926975
1277 -0.009007222098601702
1278 -0.009020348580843376
1279 -0.00901360882486923
1280 -0.009007140774741615
1281 -0.009000203280669819
1282 -0.008993517256814014
1283 -0.008986921529079397
1284 -0.008984820607142185
1285 -0.008980157774942597
1286 -0.008973828967551615
1287 -0.008967151932836731
1288 -0.009192799252158684
1289 -0.009185877954179782
1290 -0.009179482570606362
1291 -0.009177445319889807
1292 -0.009173324004758088
1293 -0.009166779613073666
1294 -0.00916852421728835
1295 -0.009161597832763855
1296 -0.009154842938821744
1297 -0.009378846211448603
1298 -0.009372017766214786
1299 -0.009365444360674373
1300 -0.009358240172704623
1301 -0.00935265671535619
1302 -0.009348815047875212
1303 -0.009342705125264273
1304 -0.009442782028588876
1305 -0.009441416401038481
1306 -0.009435253019098014
1307 -0.00943020026739353
1308 -0.00942655066739255
1309 -0.009422396338905447
1310 -0.009416284211279184
1311 -0.009429825029026128
1312 -0.009426289907396038
1313 -0.009420439145363162
1314 -0.009413480854611056
1315 -0.009407301794310634
1316 -0.009400254847497713
1317 -0.009398446728006844
1318 -0.009462824633219525
1319 -0.009455751619690554
1320 -0.009458106403210615
1321 -0.009486847973564501
1322 -0.009479925673979251
1323 -0.009474955854308223
1324 -0.00948194343085466
1325 -0.009476505825817704
1326 -0.009469589837024993
1327 -0.009464043021073246
1328 -0.009458250690079363
1329 -0.009451629532755074
1330 -0.009444938480819665
1331 -0.009438518827363993
1332 -0.009440830754953751
1333 -0.009434897630201527
1334 -0.009428257777728363
1335 -0.009421725881307534
1336 -0.009417344030634092
1337 -0.009410458316660736
1338 -0.009403441838896513
1339 -0.009396419104140056
1340 -0.009409699480356573
1341 -0.00940279213734466
1342 -0.00939648992702017
1343 -0.009389636868780419
1344 -0.009383406159165412
1345 -0.009377177937529856
1346 -0.009374066767880837
1347 -0.009367295064948943
1348 -0.009362736102602664
1349 -0.009361407705684227
1350 -0.009355728787016186
1351 -0.009350060991662376
1352 -0.009348137181597417
1353 -0.009373405887732993
1354 -0.009367353795070203
1355 -0.0093631070439969
1356 -0.009356716119779809
1357 -0.009354837443162841
1358 -0.009348080893294962
1359 -0.009374498847402822
1360 -0.009388651617298217
1361 -0.009381920477227301
1362 -0.009377325366581845
1363 -0.009370664369164476
1364 -0.009363874851013611
1365 -0.009357097643876515
1366 -0.009350353443692424
1367 -0.00936223928926851
1368 -0.009356481289065582
1369 -0.009354769533966096
1370 -0.00934849972309696
1371 -0.009342566695685207
1372 -0.00934059881882027
1373 -0.00933659072891992
1374 -0.009329832249991786
1375 -0.009323046917446336
1376 -0.009328748852325586
1377 -0.009321974161801022
1378 -0.00935057903210642
1379 -0.009343917352165422
1380 -0.009339079639156122
1381 -0.00933990570177437
1382 -0.009340804091526465
1383 -0.00934266816495761
1384 -0.009336746553551042
1385 -0.009330373247460475
1386 -0.00932410122509917
1387 -0.009322205545557766
1388 -0.00932049262628974
1389 -0.00932516455016419
1390 -0.009318621231122032
1391 -0.009315317047693897
1392 -0.009319282663027624
1393 -0.009313470091762636
1394 -0.009306838652151024
1395 -0.009308735164121295
1396 -0.009303925638539327
1397 -0.009298176744560717
1398 -0.009292009824749599
1399 -0.00929306492630019
1400 -0.009303295344804728
1401 -0.009298706266237902
1402 -0.00929227104887923
1403 -0.009306346474077729
1404 -0.009300587974221824
1405 -0.009312383425658405
1406 -0.009306827160848153
1407 -0.00930128898541534
1408 -0.009294849946478856
1409 -0.009288253175757438
1410 -0.009285117052400777
1411 -0.009283276048772484
1412 -0.009276831297231516
1413 -0.00927356676295291
1414 -0.009275096547557945
1415 -0.009269922540018204
1416 -0.009291118021459776
1417 -0.00928474939265625
1418 -0.009278870168751762
1419 -0.009272733415925818
1420 -0.009266269042683208
1421 -0.009260537700518425
1422 -0.009257722787767873
1423 -0.009252265408608877
1424 -0.009263975668776948
1425 -0.009258074193245468
1426 -0.009251880343313191
1427 -0.009246731451813135
1428 -0.009243058176144531
1429 -0.00923748772383719
1430 -0.009235589697601522
1431 -0.009233662227957552
1432 -0.009228774180239166
1433 -0.009222371275730307
1434 -0.009225181300809323
1435 -0.009218752603038725
1436 -0.009221258990391928
1437 -0.00921589478724171
1438 -0.009209982591169131
1439 -0.00920417605221517
1440 -0.009200203165585195
1441 -0.009194061686436961
1442 -0.009204063465335904
1443 -0.009198742835348349
1444 -0.009471133573128052
1445 -0.009494471029156355
1446 -0.009488184263672015
1447 -0.009481683403934064
1448 -0.009475293864808595
1449 -0.009470210132030298
1450 -0.009463700333374073
1451 -0.009457574340761566
1452 -0.009459319163263539
1453 -0.009454756550763525
1454 -0.009454221878381014
1455 -0.009448202142778313
1456 -0.009446314929005472
1457 -0.009446401440101507
1458 -0.009442569799815398
1459 -0.009443318459891152
1460 -0.009437940090928127
1461 -0.009454984309505176
1462 -0.009448608478779458
1463 -0.009442197793491416
1464 -0.009444338633929713
1465 -0.009439631543124355
1466 -0.00943500677948791
1467 -0.009428687044264344
1468 -0.009444295168348566
1469 -0.009442354488498356
1470 -0.009439967511634109
1471 -0.009434194972550485
1472 -0.009428356122442751
1473 -0.009423083238674383
1474 -0.00967881736729639
1475 -0.00967279828931337
1476 -0.009674584964108755
1477 -0.00966820551580049
1478 -0.009662753387174629
1479 -0.00966012111225894
1480 -0.009654284241641269
1481 -0.009648551947958441
1482 -0.009642266927489549
1483 -0.009649829385312524
1484 -0.00964373865144316
1485 -0.009637580118663133
1486 -0.009635749944548296
1487 -0.009649868079708449
1488 -0.00964387274531153
1489 -0.009637522534144516
1490 -0.009673218073879015
1491 -0.009667379910798407
1492 -0.009662277476936957
1493 -0.009662003199979691
1494 -0.009659189573844432
1495 -0.009652897529258997
1496 -0.009650500048589243
1497 -0.009644068459423939
1498 -0.009637664168517556
1499 -0.009634376101796243
1500 -0.00962840226907185
1501 -0.009623147044913094
1502 -0.009617143523726146
1503 -0.00962066419927692
1504 -0.009637236231486535
1505 -0.009630832752262956
1506 -0.00962456041750333
1507 -0.009642624908176743
1508 -0.009636347568536202
1509 -0.009632834462765286
1510 -0.009631279110431464
1511 -0.009643513045624766
1512 -0.00963735016126933
1513 -0.009644054962422014
1514 -0.009639011921473225
1515 -0.009635885226469753
1516 -0.009632317185946392
1517 -0.009643331437796073
1518 -0.00963730805986352
1519 -0.009632081698842276
1520 -0.00963098123033647
1521 -0.009625182342149355
1522 -0.009622071084790552
1523 -0.009615935203977976
1524 -0.009609992029242552
1525 -0.009605095996010891
1526 -0.0096034251295908
1527 -0.009597795818923843
1528 -0.009591531789508162
1529 -0.009588083915877838
1530 -0.009585559351949283
1531 -0.009579847715233625
1532 -0.00958368736054017
1533 -0.009577468673861188
1534 -0.009573288129876118
1535 -0.009567159790504595
1536 -0.009561029612841061
1537 -0.009555542705593391
1538 -0.009589306105264404
1539 -0.009590964996502908
1540 -0.009586852416165803
1541 -0.009581156518108223
1542 -0.009579278391396735
1543 -0.009573835129500516
1544 -0.009568704533035195
1545 -0.009562511196767858
1546 -0.009557027578807267
1547 -0.00955468528463742
1548 -0.009557706882997046
1549 -0.00955201300205532
1550 -0.009554188185923716
1551 -0.009552399781204804
1552 -0.009546244884438565
1553 -0.009540306670530439
1554 -0.009534601250538817
1555 -0.009528531746344243
1556 -0.009522758125057137
1557 -0.009521825536985192
1558 -0.009535731417821708
1559 -0.009529733319801465
1560 -0.009525100315515643
1561 -0.009519507761624349
1562 -0.009513483596355309
1563 -0.009514831370735631
1564 -0.009509082028486467
1565 -0.009503379657770135
1566 -0.009497690432654322
1567 -0.009494046909328563
1568 -0.009682111093911528
1569 -0.009677837157788662
1570 -0.009672101342206066
1571 -0.009680290576175067
1572 -0.009674638023974886
1573 -0.009669049686785006
1574 -0.009666632349965176
1575 -0.009905846048256653
1576 -0.009900316592108115
1577 -0.009894142065887266
1578 -0.009887956627181702
1579 -0.009889781809108
1580 -0.009883612388863242
1581 -0.009877757451233517
1582 -0.009875767764558667
1583 -0.009870466314852569
1584 -0.009864665238932941
1585 -0.009858564961293661
1586 -0.009856775286370025
1587 -0.009861030646584973
1588 -0.009869410123489377
1589 -0.009866975684711598
1590 -0.009861028796951131
1591 -0.009855358678770975
1592 -0.009849358464626852
1593 -0.009843758083922002
1594 -0.009838029830356896
1595 -0.009832187253854499
1596 -0.009924794600946198
1597 -0.009919177733487355
1598 -0.009913450484018028
1599 -0.009908650413159886
1600 -0.009912636274494832
1601 -0.009906481801982834
1602 -0.009900372041715644
1603 -0.009897571381579616
1604 -0.009891860854099991
1605 -0.009885785790979502
1606 -0.009880815448358197
1607 -0.009875331485889
1608 -0.009871649160696673
1609 -0.009868253981663773
1610 -0.009863297564539675
1611 -0.009858119039164876
1612 -0.00985454779423162
1613 -0.009877965225335671
1614 -0.009871845048616133
1615 -0.009867680256578932
1616 -0.009864891524664528
1617 -0.009862478680621149
1618 -0.009857430252355795
1619 -0.009886371651216707
1620 -0.009891182310173137
1621 -0.009947245332185353
1622 -0.009941486058592365
1623 -0.009936338874279466
1624 -0.009932129340327053
1625 -0.009946232224150791
1626 -0.009940129013107729
1627 -0.0099340505322648
1628 -0.009933748227395095
1629 -0.00992846779522849
1630 -0.009930974046486858
1631 -0.0099251437148894
1632 -0.009921566308334781
1633 -0.009915865758626123
1634 -0.00991004289568468
1635 -0.009963562118390775
1636 -0.009958603276904152
1637 -0.009952556070127048
1638 -0.009946601430437145
1639 -0.00994514460670614
1640 -0.009942851113158579
1641 -0.009937960369229495
1642 -0.009939611431335703
1643 -0.009934657921550604
1644 -0.009928786373471443
1645 -0.009922750637074196
1646 -0.009943910543770328
1647 -0.0099378729538834
1648 -0.009934776647186762
1649 -0.010275937480490238
1650 -0.010289833515546905
1651 -0.01028489268817843
1652 -0.010279126205383467
1653 -0.010279101354496483
1654 -0.010272886662020971
1655 -0.010272373924734115
1656 -0.010266382081345385
1657 -0.010260257919470068
1658 -0.010254307620326803
1659 -0.010249272183593765
1660 -0.010244180178351697
1661 -0.010241895684889464
1662 -0.010236523639342411
1663 -0.010245344619630187
1664 -0.010239370312107726
1665 -0.010233324347166582
1666 -0.010232697744086585
1667 -0.010253670900781643
1668 -0.010247565448144709
1669 -0.01024221763175404
1670 -0.010238673444691366
1671 -0.010234312873738471
1672 -0.010229117307765333
1673 -0.010223701321184936
1674 -0.010217837255451726
1675 -0.010215425680596944
1676 -0.010210688177938802
1677 -0.010204776831280023
1678 -0.010203463605015641
1679 -0.010197854479207394
1680 -0.010193570827281975
1681 -0.01018771374732055
1682 -0.010181754045954684
1683 -0.010176374983023602
1684 -0.010170907111039528
1685 -0.010165346478589524
1686 -0.010160232423215794
1687 -0.010156544656608087
1688 -0.010152731273823105
1689 -0.010146738538954354
1690 -0.010155990685619742
1691 -0.010157795649923092
1692 -0.01015272566714249
1693 -0.010150042575942103
1694 -0.010146323656198383
1695 -0.010140378790266923
1696 -0.010154161083353333
1697 -0.010148507077954338
1698 -0.010142693171710829
1699 -0.010137303188428818
1700 -0.010131619823227715
1701 -0.010125693204096871
1702 -0.010120629034361095
1703 -0.01011626747537368
1704 -0.01011058048987746
1705 -0.01010957556761808
1706 -0.010104457805958587
1707 -0.010098807225827584
1708 -0.010116287380799258
1709 -0.01011903372090224
1710 -0.010113116157322764
1711 -0.010109335640009804
1712 -0.010107189105224056
1713 -0.010101487151140679
1714 -0.010097201114867815
1715 -0.010093807247169927
1716 -0.010088045975572314
1717 -0.010082546412501208
1718 -0.01007676565609074
1719 -0.010071331447354217
1720 -0.010069066932562204
1721 -0.010067337170101252
1722 -0.010069036464961654
1723 -0.01006567475473722
1724 -0.010059876669556036
1725 -0.010054181007066464
1726 -0.010049078727728164
1727 -0.010043841713427985
1728 -0.01003802930502901
1729 -0.01003244448137413
1730 -0.010031879785377876
1731 -0.010027518390920323
1732 -0.010021769116966199
1733 -0.010016035706910474
1734 -0.010010390239654008
1735 -0.010005110538469753
1736 -0.010000248190209364
1737 -0.009995271055269258
1738 -0.01004806038830765
1739 -0.010060974085336245
1740 -0.010055292517316183
1741 -0.010051510540778207
1742 -0.010045976491300082
1743 -0.01004133417093089
1744 -0.010036158962527107
1745 -0.010030461062497819
1746 -0.010025352383429767
1747 -0.010019690020775743
1748 -0.01001417558744077
1749 -0.01000855663781555
1750 -0.010005350757367384
1751 -0.01000229290512464
1752 -0.009996911964569562
1753 -0.0099914621045239
1754 -0.009987754673559938
1755 -0.009982303931985848
1756 -0.009976619248653281
1757 -0.009972686769375447
1758 -0.009970118667834352
1759 -0.009964474988226014
1760 -0.009959533795228532
1761 -0.00995505125334924
1762 -0.009949435064092394
1763 -0.009943859780941334
1764 -0.009939705485061786
1765 -0.009934693492093446
1766 -0.010012414750999874
1767 -0.01000807707566834
1768 -0.01001066661074712
1769 -0.010005488848568802
1770 -0.00999983603001029
1771 -0.00999435163809152
1772 -0.00999624842664183
1773 -0.009990991715788728
1774 -0.009985982836953775
1775 -0.00999161027652058
1776 -0.009986126340448665
1777 -0.009980751362160862
1778 -0.00997522374058752
1779 -0.009984137152570932
1780 -0.00997896387103087
1781 -0.009973375659352449
1782 -0.009969904613677085
1783 -0.009964755512835233
1784 -0.009965419948972461
1785 -0.009966991096837914
1786 -0.00996230242408466
1787 -0.00995948902612839
1788 -0.009957722835676244
1789 -0.009954958557578785
1790 -0.01001767558907926
1791 -0.01001357792600657
1792 -0.01000880240498957
1793 -0.010003358197972443
1794 -0.009998111401848886
1795 -0.009995766311177521
1796 -0.009991288708069958
1797 -0.009986649182044916
1798 -0.009989985890737013
1799 -0.009985089602246786
1800 -0.009987410545894202
1801 -0.010000391653779507
1802 -0.009998393842934699
1803 -0.009993080457066573
1804 -0.009988697723918664
1805 -0.009983773049635816
1806 -0.009992626518306062
1807 -0.009987520651896722
1808 -0.009982024479346813
1809 -0.009977593818550245
1810 -0.009972582745637492
1811 -0.009967076073773527
1812 -0.009961815904151605
1813 -0.009956650139009867
1814 -0.00995333878376729
1815 -0.009949176714269679
1816 -0.009944287570174962
1817 -0.009940452512350598
1818 -0.009936260710837185
1819 -0.00993163423061448
1820 -0.009933015495565847
1821 -0.00992773832187553
1822 -0.009933909201946504
1823 -0.009928775343389555
1824 -0.00992484519181707
1825 -0.0099196176966706
1826 -0.009914339948034612
1827 -0.009910030455978604
1828 -0.009906560840511213
1829 -0.009901704295070046
1830 -0.009897626860621603
1831 -0.009892407054845934
1832 -0.009887089935993888
1833 -0.009884576924623155
1834 -0.009879287766512142
1835 -0.009890161838918514
1836 -0.009888663319889168
1837 -0.009883605267941345
1838 -0.009878260175729616
1839 -0.009877861867904094
1840 -0.00987282216907042
1841 -0.009869126984199707
1842 -0.009865305440343324
1843 -0.009861764141052392
1844 -0.009857185959092423
1845 -0.009852083474533507
1846 -0.009848427054389085
1847 -0.00984453487555837
1848 -0.009840807498309286
1849 -0.009836568403495017
1850 -0.00983256398378953
1851 -0.009861885550930082
1852 -0.009856697664095717
1853 -0.009851696566271412
1854 -0.009847721445356545
1855 -0.009842508757599148
1856 -0.00983734534727886
1857 -0.009832112641582303
1858 -0.009829188073881518
1859 -0.00982728200007807
1860 -0.009829898230546722
1861 -0.009825207076550393
1862 -0.009820273442937871
1863 -0.009815209902460039
1864 -0.00980998808099703
1865 -0.009805073661589588
1866 -0.00980221630120472
1867 -0.009800307864311004
1868 -0.009796057606376904
1869 -0.009792287966381694
1870 -0.009787051448752613
1871 -0.009782204223162536
1872 -0.009780597110239072
1873 -0.009777045036526339
1874 -0.009771986304065294
1875 -0.009770217851193341
1876 -0.009765061088898215
1877 -0.009760691491765377
1878 -0.00976702986061778
1879 -0.009761929411981436
1880 -0.00975750200873141
1881 -0.009753229430445513
1882 -0.009755292091043668
1883 -0.009750225931086171
1884 -0.009745139684501572
1885 -0.009741144702177578
1886 -0.009741799669602124
1887 -0.009736637083661688
1888 -0.009732384554740545
1889 -0.009727383874427155
1890 -0.009722237110472431
1891 -0.009717966762044738
1892 -0.00971422787694385
1893 -0.009736352383524549
1894 -0.009733456674578615
1895 -0.009729791221006786
1896 -0.009725107826519848
1897 -0.009726381037750914
1898 -0.00972309079083965
1899 -0.009747200561054114
1900 -0.009742203635512267
1901 -0.009737544772442413
1902 -0.009734554373223797
1903 -0.009729733621271325
1904 -0.00972464599134249
1905 -0.009720054306747378
1906 -0.00971511057254063
1907 -0.009710210809533769
1908 -0.009763802021852988
1909 -0.009759710364320159
1910 -0.00975484932888982
1911 -0.009749744750486424
1912 -0.009744718494813084
1913 -0.009740040191204297
1914 -0.009741948362397976
1915 -0.009737500010016898
1916 -0.009734111670975765
1917 -0.009730867535309662
1918 -0.009726534234512767
1919 -0.009750405699351912
1920 -0.00974815280244361
1921 -0.009743094421016259
1922 -0.009792045762815425
1923 -0.009787020008103497
1924 -0.009782786940206133
1925 -0.009787856515784408
1926 -0.009783292678109432
1927 -0.009783359793010534
1928 -0.009780703927870489
1929 -0.009776244794188088
1930 -0.009771205517445846
1931 -0.009766344396340271
1932 -0.009761529678967951
1933 -0.009756868692934326
1934 -0.009754150885155676
1935 -0.009749572962686704
1936 -0.009744992968079675
1937 -0.009740082652950299
1938 -0.009735319145497787
1939 -0.009730758777104285
1940 -0.009727642036533625
1941 -0.009723145650258678
1942 -0.00973755067829502
1943 -0.009733274665190356
1944 -0.009730757293280264
1945 -0.009725803959056459
1946 -0.009721070076179771
1947 -0.009716145807927243
1948 -0.009713692403726737
1949 -0.009709149796671316
1950 -0.009730689770859047
1951 -0.009729022262333275
1952 -0.009728477115569982
1953 -0.009723526193228567
1954 -0.009718671251855803
1955 -0.009714683955365759
1956 -0.009727790706277767
1957 -0.009723143641787507
1958 -0.009719082225321548
1959 -0.009714682316397636
1960 -0.009712029508566446
1961 -0.009707945622256381
1962 -0.009704112995849367
1963 -0.009699324326434146
1964 -0.009697025456385224
1965 -0.009692838453417157
1966 -0.009687969365123847
1967 -0.009683768137611732
1968 -0.00967937656782684
1969 -0.009674619313827695
1970 -0.00966980981806885
1971 -0.009664982841355333
1972 -0.009660450552168449
1973 -0.009655579791970525
1974 -0.00965096201830009
1975 -0.009646936117912173
1976 -0.009642550884986636
1977 -0.009637823517674915
1978 -0.009637180343760814
1979 -0.009632989363479802
1980 -0.009631184759449504
1981 -0.009631550258714159
1982 -0.009628703655832363
1983 -0.00962441479792715
1984 -0.009619708428544056
1985 -0.009615036674234113
1986 -0.00961103272204927
1987 -0.009606476861045314
1988 -0.009601731570212345
1989 -0.009596939234532186
1990 -0.009592116652002271
1991 -0.009587298913854604
1992 -0.009582972035395203
1993 -0.009578193487350742
1994 -0.00957486804727723
1995 -0.009570147330139238
1996 -0.009565743947822655
1997 -0.009561299252759064
1998 -0.009558192759469012
1999 -0.009554474333503529
2000 -0.009550472905794768
