n: 9, k: 2000
[[0.25 0.25 0.25 0.25]
 [0.25 0.25 0.25 0.25]
 [0.25 0.25 0.25 0.25]
 [0.25 0.25 0.25 0.25]
 [0.25 0.25 0.25 0.25]
 [0.25 0.25 0.25 0.25]
 [0.25 0.25 0.25 0.25]
 [0.25 0.25 0.25 0.25]
 [0.25 0.25 0.25 0.25]]
Exact value (full):  -0.03173434341888347
Jensen value (full):  -0.05433887970455121
Second Order Approximation (full):  0.0
1 -0.01488060038536787
2 -0.007781699998304248
3 -0.006942948171248038
4 -0.00584135006647557
5 -0.004881341056898236
6 -0.007052350207231939
7 -0.006555981867547546
8 -0.012919641041662544
9 -0.011517973070213985
10 -0.010564740558038466
11 -0.009826775997432625
12 -0.009635102059595132
13 -0.029605353159310583
14 -0.02799020130312004
15 -0.02621326799465654
16 -0.024593528713012347
17 -0.02432171639178277
18 -0.024801049281247996
19 -0.023500304628549584
20 -0.022406368891097372
21 -0.028069027302470722
22 -0.02696995631016431
23 -0.032061263181790506
24 -0.03254398291452768
25 -0.03369635499257129
26 -0.032678359127133336
27 -0.03152605050612086
28 -0.031294071191950934
29 -0.030406894123659406
30 -0.029615129989785296
31 -0.028708957767981526
32 -0.027989383788280975
33 -0.02809994938830972
34 -0.02765111000788987
35 -0.026984477124226813
36 -0.026365820151517658
37 -0.037189622423407065
38 -0.03961846647948014
39 -0.04009021105929815
40 -0.03909227674994327
41 -0.04389998293304305
42 -0.04310206746664508
43 -0.042705330579084086
44 -0.04176226639372709
45 -0.04084010059887078
46 -0.03999374188456188
47 -0.039179676872160424
48 -0.03836951554118665
49 -0.052443831797026344
50 -0.05142232079204405
51 -0.05041626594945282
52 -0.05197559041600751
53 -0.051026213775363635
54 -0.050169222041370594
55 -0.04940983529628614
56 -0.048717481484995266
57 -0.04799771630943021
58 -0.04964182482681594
59 -0.0488272148409663
60 -0.05055666076526298
61 -0.049746779178781626
62 -0.04894736801255813
63 -0.04903275982325708
64 -0.04829582222021145
65 -0.04763898323659445
66 -0.04701810580632865
67 -0.04634367129706809
68 -0.04578123378632881
69 -0.04956853524724821
70 -0.0488731785528736
71 -0.04820572256783276
72 -0.047558288913023716
73 -0.04690962572622333
74 -0.046549958599801336
75 -0.04597239786264254
76 -0.045514778897038345
77 -0.0450732136012377
78 -0.044529289408390654
79 -0.04399202688410363
80 -0.043469039037609035
81 -0.04295382448473879
82 -0.04255946552802925
83 -0.042083395320760136
84 -0.04237079892109683
85 -0.041932113393062645
86 -0.04144534202689186
87 -0.040971798084317654
88 -0.04051659509092464
89 -0.04019849112171031
90 -0.03988662640395988
91 -0.03947030997433403
92 -0.04270764560699362
93 -0.04225272951386018
94 -0.04180886086226352
95 -0.04139384740602078
96 -0.040999764453166186
97 -0.04057852360050881
98 -0.04028609039381322
99 -0.040318614509423506
100 -0.03992477965031867
101 -0.03973041191229731
102 -0.03935289355842328
103 -0.0389794585933893
104 -0.03864425622039282
105 -0.03832431998605552
106 -0.03799206331465064
107 -0.037702012160998576
108 -0.03741662681797472
109 -0.03708551202298872
110 -0.03674919213987199
111 -0.03646304811499667
112 -0.04271682256090311
113 -0.04497530592281724
114 -0.044585797648196285
115 -0.04419979571533116
116 -0.043862547133389385
117 -0.04478327833066553
118 -0.044407069828162476
119 -0.044079335918124206
120 -0.04380432491798274
121 -0.04345516425809748
122 -0.04324685980106149
123 -0.04289848631825459
124 -0.04259919382603848
125 -0.04231328030588338
126 -0.04201638605359005
127 -0.04168968122021898
128 -0.04138264410090642
129 -0.04107714828033616
130 -0.040903165917720447
131 -0.040680228713919846
132 -0.040938424414862035
133 -0.04063568446445813
134 -0.0403729209919315
135 -0.04013249177827405
136 -0.03985068710271127
137 -0.04004639788344035
138 -0.039764751970020974
139 -0.039481426969268145
140 -0.03920027542569317
141 -0.038950972481399976
142 -0.038679503513392284
143 -0.038421901626607254
144 -0.03816837439712294
145 -0.04217512725741032
146 -0.04190280544397155
147 -0.04165992552089247
148 -0.04139075545906569
149 -0.04116774000987862
150 -0.04118246334900808
151 -0.04091083304334967
152 -0.040644906653812395
153 -0.04045898835223246
154 -0.0427177606732868
155 -0.042465004339511885
156 -0.0422296319689989
157 -0.042105046586920644
158 -0.04184375876958498
159 -0.041827015148550084
160 -0.043599086991480365
161 -0.04333640042556304
162 -0.043289312079897724
163 -0.04304396532552904
164 -0.042846441263552665
165 -0.042620039943237015
166 -0.04251078545169011
167 -0.04229849181865575
168 -0.04207782152449605
169 -0.04183877595887518
170 -0.04173723927331808
171 -0.04151028536265404
172 -0.041796246954660554
173 -0.041574168345657775
174 -0.04134223689006517
175 -0.04116298140321825
176 -0.04095092562283753
177 -0.04073394098516263
178 -0.04097475802287651
179 -0.040797559577246865
180 -0.040698635352075345
181 -0.04063004910979177
182 -0.04043227954984964
183 -0.040541881165119545
184 -0.04032752127097964
185 -0.04011005641128774
186 -0.03989929871096793
187 -0.03970156209348025
188 -0.039497083359550586
189 -0.03931859449952965
190 -0.039127619761252154
191 -0.038945207399773564
192 -0.03882477011275872
193 -0.04006757805130108
194 -0.03986285378579344
195 -0.03966025994685389
196 -0.04058642208277591
197 -0.04044352519506297
198 -0.0402815708780095
199 -0.040105956425691716
200 -0.03990792212822271
201 -0.03973629046741911
202 -0.03957459920059024
203 -0.039433096946577546
204 -0.039452678252785645
205 -0.03927227973688831
206 -0.039113176725947496
207 -0.03893090339742656
208 -0.03883193706122676
209 -0.03879077218932631
210 -0.03860806890273428
211 -0.03846199289977388
212 -0.03829061031264812
213 -0.038158877603820376
214 -0.03802894806970378
215 -0.03858211559414739
216 -0.038415795798755425
217 -0.04172771137660666
218 -0.04160669361700548
219 -0.04154512581613354
220 -0.041364675537261066
221 -0.0411906039336819
222 -0.04101147130528294
223 -0.040838024368899356
224 -0.040669722212084834
225 -0.04050036275943664
226 -0.04032408022062273
227 -0.04017626408861036
228 -0.040400735870813755
229 -0.040335444107482174
230 -0.040180406098174304
231 -0.04016934150809879
232 -0.04000700349096688
233 -0.039836030930128045
234 -0.0397110507897468
235 -0.039993589328870705
236 -0.040055443742935265
237 -0.04002803427814766
238 -0.03987558787308184
239 -0.039750562850260476
240 -0.039618056638119015
241 -0.03950651932734908
242 -0.039850676014726215
243 -0.0396891766512652
244 -0.03968059373154142
245 -0.039523158259054274
246 -0.03938950380035113
247 -0.0392642439657227
248 -0.039107532424138974
249 -0.03902025716384545
250 -0.03932027221811586
251 -0.0391706875118715
252 -0.03903889707267115
253 -0.0389648002367653
254 -0.0388166843493266
255 -0.03867028794064775
256 -0.03854449658697945
257 -0.03839777568428245
258 -0.038250779376286057
259 -0.038106075658524294
260 -0.03829561026485373
261 -0.03816817233208375
262 -0.038022964114481216
263 -0.037887763684015044
264 -0.037750644552970974
265 -0.0376084505858774
266 -0.037467567387391036
267 -0.037335968352969796
268 -0.0372093314226867
269 -0.0370757796416569
270 -0.03917954249713889
271 -0.03920122267828947
272 -0.03911348128108597
273 -0.03898596187957329
274 -0.03886353083484488
275 -0.03872677682671399
276 -0.03859610411877772
277 -0.03846320434708177
278 -0.0383454138213009
279 -0.03823419444632882
280 -0.03812862005958907
281 -0.03801822967379266
282 -0.03791234637752005
283 -0.03778464664679799
284 -0.03765485275986245
285 -0.037575404682215055
286 -0.03745777322549472
287 -0.037354154825076306
288 -0.037235505374105235
289 -0.037139133769008945
290 -0.03703632785197034
291 -0.03705570499995392
292 -0.036961361582118664
293 -0.036840668573163836
294 -0.03752060980441209
295 -0.03764405145306906
296 -0.037542359853555474
297 -0.03743606776526074
298 -0.037347545524273495
299 -0.037242432170515226
300 -0.03712087441958526
301 -0.03699821994171564
302 -0.036885462198364055
303 -0.03676680337859351
304 -0.03664640111468256
305 -0.03653866594039919
306 -0.03649806419070361
307 -0.03638622751907887
308 -0.036269146364472135
309 -0.036152308632530765
310 -0.03604308466348166
311 -0.03592738125872058
312 -0.03581829788241427
313 -0.0357243850933195
314 -0.03704239845288253
315 -0.03693295723303833
316 -0.03683435632202314
317 -0.036719907596866636
318 -0.036620233250624384
319 -0.036507431361719814
320 -0.036418121578242334
321 -0.03631362083064589
322 -0.03705188082133176
323 -0.04014077188321467
324 -0.04004190373471368
325 -0.03992840140649395
326 -0.039812056001550654
327 -0.03969626041116193
328 -0.03957624429759984
329 -0.03945595176174087
330 -0.0393468237656965
331 -0.03924381038584608
332 -0.03914687891984252
333 -0.039030931562472566
334 -0.038947472507431656
335 -0.03884029148893436
336 -0.03872469538331253
337 -0.03861248300577096
338 -0.03852599121622399
339 -0.038444745436804505
340 -0.038392450948113575
341 -0.03831889729709711
342 -0.03821581674808266
343 -0.03811359686682429
344 -0.03801971302387164
345 -0.03791697748426974
346 -0.03780946870336928
347 -0.037729916833634254
348 -0.03766954535786817
349 -0.037593260065738404
350 -0.03753317068716569
351 -0.03748703249146228
352 -0.037392498808778575
353 -0.03729013857027843
354 -0.037196314545598796
355 -0.037153015919814694
356 -0.03706189941305965
357 -0.03696056232915946
358 -0.036871226496020815
359 -0.036769302895752386
360 -0.03673027175038644
361 -0.036632813760490206
362 -0.036538543312316964
363 -0.03646043648182396
364 -0.036368454442738736
365 -0.036277497621212865
366 -0.036183801664945926
367 -0.036105484432254635
368 -0.036011949990324865
369 -0.03593666604827125
370 -0.03589559034463073
371 -0.03591804926470479
372 -0.03582672282392264
373 -0.0357560073217762
374 -0.03566112637243856
375 -0.035647129828760324
376 -0.03555489341456353
377 -0.035463867674484666
378 -0.035383755519827774
379 -0.03538846808530341
380 -0.03529594317483555
381 -0.035221139145434115
382 -0.03513032722985943
383 -0.03506106753565465
384 -0.034970171623731026
385 -0.034883104836484706
386 -0.03479621649101017
387 -0.034982244202216115
388 -0.03491171571204177
389 -0.03482301529962981
390 -0.03474498900724985
391 -0.03485576874642421
392 -0.03476762536855654
393 -0.034685271252795
394 -0.035301159498640995
395 -0.035212832175832924
396 -0.03512869406700941
397 -0.03504956430476503
398 -0.034962908240327606
399 -0.03507344945890117
400 -0.03498744637060554
401 -0.03502059143851911
402 -0.03493628013887278
403 -0.034868797091733614
404 -0.034804978056035
405 -0.034727328527317435
406 -0.035227329299563764
407 -0.03521860544582483
408 -0.0352059114286253
409 -0.03512045234115104
410 -0.03510479113315452
411 -0.03502597733438257
412 -0.034956598006431805
413 -0.03487641179730171
414 -0.034800643067265866
415 -0.034717032380101584
416 -0.03464462340734652
417 -0.03486299348103095
418 -0.03488000695710871
419 -0.03480016863998491
420 -0.034721785135713744
421 -0.03464464813186819
422 -0.034625871888225246
423 -0.03455883278301442
424 -0.03448528760465603
425 -0.034407979112712546
426 -0.03435046007902876
427 -0.03427759412346991
428 -0.034199648052712056
429 -0.03413310740807055
430 -0.03405927430450352
431 -0.03398252450960131
432 -0.03390990446131649
433 -0.03385648870526341
434 -0.03378209536065462
435 -0.03371002495852694
436 -0.033643599432845235
437 -0.033621428960481606
438 -0.033549141369355176
439 -0.033474811997175724
440 -0.03340601050611605
441 -0.033330394440983784
442 -0.033256339117094094
443 -0.03318477933465949
444 -0.03311511766673698
445 -0.033064166317040525
446 -0.03299617454710883
447 -0.03292416605758348
448 -0.032917447654280556
449 -0.03285234953477558
450 -0.03282241838830588
451 -0.0327566379135194
452 -0.032711759874658616
453 -0.03264396814281539
454 -0.032577346475495025
455 -0.0325075594883746
456 -0.03243834727607208
457 -0.03238227381894767
458 -0.03231439437384793
459 -0.03224511809908891
460 -0.032303564008670155
461 -0.03223880143232157
462 -0.03217112336188892
463 -0.032110330172137186
464 -0.03204125473164289
465 -0.03200887269920185
466 -0.03195107541307753
467 -0.031894398874410826
468 -0.031875670502751405
469 -0.031808232809684096
470 -0.031742621194659495
471 -0.03167729839318657
472 -0.03163179449081897
473 -0.0316121567003656
474 -0.03155131458862738
475 -0.03149314301092282
476 -0.03142784528221409
477 -0.03136539616466231
478 -0.03132396357035013
479 -0.03127616003904661
480 -0.03130602505277693
481 -0.031244601095844655
482 -0.031185282856969927
483 -0.031125550342864548
484 -0.031068065879525954
485 -0.031006246169744907
486 -0.030945054127430458
487 -0.03088238796828229
488 -0.03082300984060119
489 -0.030762005576440182
490 -0.03069962349222713
491 -0.03066941575483328
492 -0.030609429967404227
493 -0.03058490844583617
494 -0.030534913448718726
495 -0.03047850553592052
496 -0.030419563206541787
497 -0.030380593868026894
498 -0.030323256973805616
499 -0.030329479863609662
500 -0.030275730270579514
501 -0.030215518756289705
502 -0.030155971494115287
503 -0.030099709094418423
504 -0.030040386734743237
505 -0.02999470717504034
506 -0.029938167000552417
507 -0.029884728192877522
508 -0.02983081049925512
509 -0.029796299821840292
510 -0.029761293965901704
511 -0.02982412918448787
512 -0.029793216953201807
513 -0.029869372534271924
514 -0.029813073832469623
515 -0.02990453681216696
516 -0.03038432649413322
517 -0.030326074322326615
518 -0.03027621697808267
519 -0.030238740483314545
520 -0.030188165919186688
521 -0.03014584557149123
522 -0.03014088301164123
523 -0.030348486746735653
524 -0.030306328133165777
525 -0.030270746916863746
526 -0.030618405131380082
527 -0.030566445960281043
528 -0.030517882562772877
529 -0.030525123071349268
530 -0.03054640939184503
531 -0.030497776798042282
532 -0.030446008552644344
533 -0.030389474207441414
534 -0.030413845333065313
535 -0.030516388631668147
536 -0.030724509670128453
537 -0.030679933580800966
538 -0.030669752407694772
539 -0.03061341799654887
540 -0.030556726481740445
541 -0.030547039512926127
542 -0.030538027544388138
543 -0.0305575234405653
544 -0.0305712413787593
545 -0.030519174432579305
546 -0.030471196068262273
547 -0.030428182974916538
548 -0.030531775227750354
549 -0.0306717700289421
550 -0.03065960478817446
551 -0.030612740606694056
552 -0.030557954930142274
553 -0.030503215369584818
554 -0.030450998337562766
555 -0.030397005584729398
556 -0.030349774143739766
557 -0.030301889030086376
558 -0.03033656933037876
559 -0.03030496762732325
560 -0.03030271139657868
561 -0.030251885024481194
562 -0.03020520461284968
563 -0.03016877786826327
564 -0.030117700254332375
565 -0.030072362644079427
566 -0.030144479562366305
567 -0.030133919552802115
568 -0.03010272971760316
569 -0.030090721025138958
570 -0.030045692636313584
571 -0.03000145508670496
572 -0.02994900499039953
573 -0.02991026684530578
574 -0.029869352112604476
575 -0.02982787599277799
576 -0.029812205846983235
577 -0.029772217166530116
578 -0.029722262349388927
579 -0.02967125642310203
580 -0.030873098883446425
581 -0.03085229884126766
582 -0.03080076739722254
583 -0.03075130384222669
584 -0.030724637486948942
585 -0.030713767410970132
586 -0.030664011688937294
587 -0.030612202288286774
588 -0.030560178833830727
589 -0.030508790879604054
590 -0.03070601736309396
591 -0.030657340659694172
592 -0.030618959725468298
593 -0.030643662493467484
594 -0.030592277206031623
595 -0.030554751172702014
596 -0.03172891310488934
597 -0.0316774763012007
598 -0.03164335613190477
599 -0.03163677116366328
600 -0.03163113870110162
601 -0.03158078023836981
602 -0.03155654756753099
603 -0.03150498676755046
604 -0.03145670910583592
605 -0.031469345524186614
606 -0.03141948923994488
607 -0.031375135219915154
608 -0.031329294823658406
609 -0.031535313399710385
610 -0.03149571016538026
611 -0.03144694605340287
612 -0.031396994469678904
613 -0.0313506979856337
614 -0.03130190894309445
615 -0.03125939061288162
616 -0.03123560737523579
617 -0.03123569539044652
618 -0.031192855539785107
619 -0.031209738035437237
620 -0.03122589532089067
621 -0.031177517156859704
622 -0.031148696755203483
623 -0.031098777127955113
624 -0.031104556495448285
625 -0.031058338130798075
626 -0.031009937238558778
627 -0.03096084168752955
628 -0.03091282909564276
629 -0.03086564134167024
630 -0.030824343846610907
631 -0.030775858390602616
632 -0.030730179143157454
633 -0.030682613618711687
634 -0.030672649942718996
635 -0.030640260656874724
636 -0.0306024643273647
637 -0.030556382459886674
638 -0.0305143482017822
639 -0.03046872136977119
640 -0.03046468252868806
641 -0.032666796628040055
642 -0.03261619192307366
643 -0.033038382199108464
644 -0.03298787030706374
645 -0.03314803864936561
646 -0.03309685242033472
647 -0.03306794049172088
648 -0.033020276009954524
649 -0.03422639948038816
650 -0.03427968018037623
651 -0.03425379684003076
652 -0.03504219174127812
653 -0.03498885685808
654 -0.03493911345049684
655 -0.0348884461350593
656 -0.034883217326981186
657 -0.03483464965612067
658 -0.034783048547721886
659 -0.034744798831401046
660 -0.03469292373186942
661 -0.03464654980683183
662 -0.03476929716329092
663 -0.03477451060233505
664 -0.034788607619163144
665 -0.03477865734496852
666 -0.03473124993937794
667 -0.034679752026026564
668 -0.034629970885925794
669 -0.03458064242610351
670 -0.034531025522906635
671 -0.03537922231633535
672 -0.0353337698419328
673 -0.035281906159716755
674 -0.03525991039832904
675 -0.03521458572465269
676 -0.035192794794032464
677 -0.03514140382886826
678 -0.035113401718614504
679 -0.035062637645223486
680 -0.035037621295730466
681 -0.034994137827081655
682 -0.03494778345218179
683 -0.03494078778414331
684 -0.03489215726171766
685 -0.034843536564917454
686 -0.03479881720811584
687 -0.03475028532420302
688 -0.03470137453251577
689 -0.034658193330575474
690 -0.03461629239810608
691 -0.03458227452840256
692 -0.03453421602939486
693 -0.03448666341639791
694 -0.03446087243872181
695 -0.03441238512406023
696 -0.0343659006654664
697 -0.03431955554731385
698 -0.03427541805144743
699 -0.03422869608953736
700 -0.034182143195635686
701 -0.03416696107158197
702 -0.03412141434260293
703 -0.03409046854464511
704 -0.03405007362536077
705 -0.034023535661039696
706 -0.03398235697914988
707 -0.033936157773609435
708 -0.0338895590662516
709 -0.033845897844985665
710 -0.03379922514430829
711 -0.033753153713523165
712 -0.03370584559861987
713 -0.03365963879458695
714 -0.03361396046122526
715 -0.03359265688167862
716 -0.03354665770306302
717 -0.03356159822993565
718 -0.033610734160808474
719 -0.03356914125576214
720 -0.03364441595264351
721 -0.03385699714722887
722 -0.0338105012757533
723 -0.03377228507567425
724 -0.03374573043335473
725 -0.0337087007437944
726 -0.03366471565955343
727 -0.03362539216169681
728 -0.033580072964226486
729 -0.03356938798490752
730 -0.03352371708458608
731 -0.0334815066281083
732 -0.03576570689218167
733 -0.03571691329478442
734 -0.035669275452543746
735 -0.03562766257384196
736 -0.03560400293704284
737 -0.035569823874887
738 -0.03552240525859668
739 -0.035488645993326615
740 -0.035451819413973115
741 -0.03540530952689302
742 -0.03538228838052073
743 -0.03635384133918133
744 -0.036553482610599375
745 -0.03650768330713471
746 -0.036464330024729874
747 -0.036440170180339015
748 -0.036394359341396496
749 -0.03634991568371688
750 -0.03631537416899179
751 -0.036269820671141415
752 -0.03718873322457347
753 -0.037155013526612726
754 -0.03717965679625098
755 -0.03713363612865301
756 -0.03708878935636464
757 -0.03704056890929201
758 -0.03700093562687024
759 -0.03696583640536426
760 -0.03692180624949096
761 -0.03687342307162578
762 -0.03682727937340321
763 -0.03678788029414813
764 -0.036740257520224265
765 -0.036704514865602084
766 -0.036687735230737824
767 -0.03664268741280018
768 -0.036622391478258486
769 -0.036577567721844735
770 -0.036533328623477544
771 -0.03649032460167166
772 -0.036455877509774484
773 -0.03641030248818683
774 -0.03636333740200414
775 -0.036336696403950264
776 -0.03631751392326711
777 -0.03627077323610718
778 -0.03625267437979617
779 -0.03620739353275115
780 -0.03616143095038448
781 -0.03611876496409617
782 -0.0360739160767973
783 -0.03603512805215776
784 -0.03599264656124702
785 -0.035951844664397783
786 -0.035908693254157964
787 -0.03586685882273071
788 -0.03586947059348688
789 -0.03582462324819624
790 -0.03578274330057993
791 -0.03573952426931745
792 -0.03573259725195761
793 -0.0356886061228767
794 -0.03564491470831772
795 -0.035600378757219414
796 -0.03555605164163481
797 -0.035517311257292704
798 -0.03547851344004023
799 -0.0354446793456069
800 -0.035403976295394844
801 -0.035360212482874485
802 -0.03536824060534274
803 -0.035331749153458894
804 -0.03528813785862611
805 -0.035322738468863656
806 -0.03530491225960725
807 -0.03575154661876902
808 -0.0358858440038463
809 -0.035842995445916626
810 -0.03579956903475609
811 -0.03593490396389991
812 -0.03589585239277825
813 -0.035852749811222814
814 -0.035810274291961784
815 -0.035771146715784095
816 -0.035734094683646744
817 -0.0356915447269159
818 -0.035654253130396996
819 -0.03561084640226403
820 -0.03582855595724784
821 -0.03581112495297228
822 -0.03577182034536271
823 -0.03574192203153979
824 -0.03570646024885921
825 -0.03566441091325418
826 -0.035634433727018605
827 -0.03561564749585772
828 -0.03557611516056357
829 -0.03554435200670587
830 -0.03550582179749577
831 -0.035830002685308934
832 -0.03580611785174553
833 -0.035769408026888494
834 -0.03573067828787691
835 -0.03570449222671539
836 -0.03571604574823689
837 -0.035675204508071684
838 -0.035635557958358904
839 -0.035594176189021554
840 -0.03555379339603687
841 -0.03551365513490309
842 -0.03547504126398014
843 -0.035435375465762906
844 -0.035402649020356856
845 -0.03537245980239745
846 -0.0353355515949895
847 -0.035315609852544796
848 -0.03540946354307148
849 -0.03560133668879933
850 -0.0355618941265279
851 -0.03552190402073549
852 -0.03548257790186265
853 -0.03565570596019889
854 -0.035622768776849
855 -0.03558756527345607
856 -0.03554661017828013
857 -0.03552658645162967
858 -0.035487080155482145
859 -0.03545643474094732
860 -0.03553209382649838
861 -0.036191249781999967
862 -0.03615028757091587
863 -0.036150991305756386
864 -0.036117746051055985
865 -0.03619709684628284
866 -0.036159792902528846
867 -0.03611859675376214
868 -0.03607791253140768
869 -0.036038275156636074
870 -0.036392910431829385
871 -0.03643373236177201
872 -0.036396409996230665
873 -0.03639225777437542
874 -0.03636286104057978
875 -0.036324373785815885
876 -0.036287949438994396
877 -0.036246827641168454
878 -0.036219069136056194
879 -0.03617885468935104
880 -0.036138246834287784
881 -0.036103096771445256
882 -0.03606588249672282
883 -0.0360430463886624
884 -0.036011067624023854
885 -0.03601934393790939
886 -0.03598291599903266
887 -0.03676600819555354
888 -0.03672518533497103
889 -0.036687812331457494
890 -0.03666673306665513
891 -0.03662578643793041
892 -0.03685013352775352
893 -0.03681783611022711
894 -0.03678308592779057
895 -0.036821758618224926
896 -0.03678571781674732
897 -0.0367533263996966
898 -0.03673681685507114
899 -0.036697533283382024
900 -0.0367233076228816
901 -0.03668575108386761
902 -0.03670002218646176
903 -0.036659906029768416
904 -0.036950336705729614
905 -0.03691134864286282
906 -0.03688024742377599
907 -0.03683965103828427
908 -0.036799651377282416
909 -0.03678764002008925
910 -0.03674934467129948
911 -0.03671370216471596
912 -0.03667427777978853
913 -0.03664207734724876
914 -0.0366291252842627
915 -0.03659101363489634
916 -0.03655205292641283
917 -0.036518521082170484
918 -0.036500190670087015
919 -0.036463695322460694
920 -0.03642919402546083
921 -0.036391395744891246
922 -0.036357090838318507
923 -0.03636944364159851
924 -0.03639028411218328
925 -0.036351917899043434
926 -0.03631694545943807
927 -0.03629191525074104
928 -0.03628428056806609
929 -0.036253913949812
930 -0.036215686392463024
931 -0.03632235268843481
932 -0.03628853465176959
933 -0.0362601033556094
934 -0.03622355849707806
935 -0.03618732140378933
936 -0.03615753329353359
937 -0.036119171376820525
938 -0.036080664797527535
939 -0.03604412853243053
940 -0.03601085445763717
941 -0.03597620062254243
942 -0.03593940325948246
943 -0.03590857401084139
944 -0.03591219027547233
945 -0.03587544199810374
946 -0.03584735633700877
947 -0.03581356031506298
948 -0.035777428347138325
949 -0.03587209251033937
950 -0.03584125977359355
951 -0.03580445960518664
952 -0.035766894927278636
953 -0.035729807612203714
954 -0.03569619693506536
955 -0.03566181185138627
956 -0.035637564139557515
957 -0.03560076352101873
958 -0.035565259181141624
959 -0.03552867441493076
960 -0.035492136445738724
961 -0.03545620756539072
962 -0.03542572381307261
963 -0.03546905020682542
964 -0.03543445536279703
965 -0.03539850361343213
966 -0.035366411951359644
967 -0.03539356275342257
968 -0.03536022525212472
969 -0.03534961880592291
970 -0.035435787677621546
971 -0.03541451904260027
972 -0.035391873971304916
973 -0.035364917490913424
974 -0.03533930020228103
975 -0.035305211334341904
976 -0.03526983320718358
977 -0.03523426746911967
978 -0.03519892702925044
979 -0.035206657067397125
980 -0.03518402872073331
981 -0.03515671024592964
982 -0.03513050630910895
983 -0.035094768255895206
984 -0.03509973486622614
985 -0.035070107419897766
986 -0.035039502870687425
987 -0.03500535258230996
988 -0.0349717752418939
989 -0.034947562269606755
990 -0.03495271264595008
991 -0.03491940477576622
992 -0.03490034790173842
993 -0.034889853260748296
994 -0.03489827040550402
995 -0.03486469225439276
996 -0.03485177213763538
997 -0.0348659920439466
998 -0.03483330802600813
999 -0.03481445152227514
1000 -0.0347805162285531
1001 -0.034748839540461214
1002 -0.034716697684552586
1003 -0.03469865320261368
1004 -0.0346647127607957
1005 -0.034637373236712926
1006 -0.034605977960597174
1007 -0.034796510217383655
1008 -0.0347638627453224
1009 -0.03473531909810852
1010 -0.03470858543207196
1011 -0.03470158989160386
1012 -0.03467430650650058
1013 -0.03464417634053388
1014 -0.03461028640369901
1015 -0.03472876318735181
1016 -0.03469830336151127
1017 -0.03466427997789914
1018 -0.034632832250079446
1019 -0.034600282965737104
1020 -0.034566611151184784
1021 -0.034535012670039486
1022 -0.034501221072514986
1023 -0.034469850517579365
1024 -0.03443776584173186
1025 -0.03440516828762533
1026 -0.03437168414765851
1027 -0.03435100633184528
1028 -0.03431920512717618
1029 -0.03428651262231365
1030 -0.034256052132814234
1031 -0.03422357507364922
1032 -0.03419300567047015
1033 -0.034160924543490345
1034 -0.03412800141133306
1035 -0.03410345385252893
1036 -0.034081520922954175
1037 -0.034048899914342096
1038 -0.03401915775409244
1039 -0.03399301254587615
1040 -0.03396164298273841
1041 -0.033929320592481514
1042 -0.03443085017372207
1043 -0.034505790681541595
1044 -0.03447524793217157
1045 -0.03444608579192256
1046 -0.03442432835948675
1047 -0.03439989355764926
1048 -0.03436798133361836
1049 -0.034358163458026586
1050 -0.03432740733417415
1051 -0.03429538600884605
1052 -0.03430092694408377
1053 -0.03427244261793962
1054 -0.03424068538381618
1055 -0.034212637290055296
1056 -0.0341838195457826
1057 -0.0341780811759666
1058 -0.03414904708667421
1059 -0.03411684821377051
1060 -0.03408478777304618
1061 -0.03405690799082668
1062 -0.03402667772187414
1063 -0.03399491532067993
1064 -0.033970394379475966
1065 -0.03394086001698069
1066 -0.03391189228547704
1067 -0.03389092300775102
1068 -0.03389090148836798
1069 -0.033861807757289
1070 -0.033832050531607344
1071 -0.0338012098683354
1072 -0.03377806353920624
1073 -0.03375224737460116
1074 -0.03372244417017979
1075 -0.03369797790361613
1076 -0.033678246782150055
1077 -0.03364883114638357
1078 -0.033623996052532495
1079 -0.033592913277797454
1080 -0.03357393278404878
1081 -0.03356249641178192
1082 -0.033540704796725745
1083 -0.03350985740512597
1084 -0.03347996889037003
1085 -0.033450973722842656
1086 -0.03342770374283931
1087 -0.03339821692635322
1088 -0.03336781368204978
1089 -0.03340616723802337
1090 -0.03337981437258734
1091 -0.033399430369450915
1092 -0.0346905505168948
1093 -0.03467885616688881
1094 -0.03464944057341233
1095 -0.034618320638844735
1096 -0.03458974464013369
1097 -0.03456372963480575
1098 -0.0345523113264773
1099 -0.034530829113044705
1100 -0.034499518203184296
1101 -0.034469163635817666
1102 -0.03443927308212311
1103 -0.0344509764143587
1104 -0.03442083157594682
1105 -0.034389911598112236
1106 -0.03501581215988823
1107 -0.03498939275736878
1108 -0.03495877814505577
1109 -0.03501252763600976
1110 -0.03498146409112762
1111 -0.03495136612207824
1112 -0.03493356334113925
1113 -0.03491727456284501
1114 -0.03489338109170807
1115 -0.034865511010652904
1116 -0.03484004945853632
1117 -0.034887854049309636
1118 -0.03485944114291964
1119 -0.03483100853206758
1120 -0.0348036434495644
1121 -0.03479142013105329
1122 -0.03476222285216166
1123 -0.03473328027873953
1124 -0.03470469488177893
1125 -0.03468378555965642
1126 -0.034654857048259165
1127 -0.03462453824024847
1128 -0.03459407191941174
1129 -0.03456776203285354
1130 -0.034541466142549875
1131 -0.03451092550051402
1132 -0.0344888949670294
1133 -0.034463792915837725
1134 -0.0344341357894893
1135 -0.03441089484406799
1136 -0.034381489755459446
1137 -0.03435146699854301
1138 -0.03513413600905778
1139 -0.03511725943559106
1140 -0.035088272559275074
1141 -0.03510266611964566
1142 -0.03507334306344198
1143 -0.03504446304140706
1144 -0.035014588251566565
1145 -0.03498495391050516
1146 -0.03496355970710569
1147 -0.03494207164368712
1148 -0.03492041866905339
1149 -0.03495299704110499
1150 -0.03492395533741807
1151 -0.03490738613015399
1152 -0.034940426020481946
1153 -0.034915904841696675
1154 -0.034891489875514096
1155 -0.03499549851957458
1156 -0.03496770205057401
1157 -0.03494151215886651
1158 -0.03491301378368959
1159 -0.034884435058472475
1160 -0.03485474102672799
1161 -0.034827611340863124
1162 -0.03483873271501996
1163 -0.034809348757838726
1164 -0.03477977708043003
1165 -0.03550599711350109
1166 -0.03581866064989243
1167 -0.036316151792709944
1168 -0.03628893077590519
1169 -0.036260461011230406
1170 -0.03626601013874877
1171 -0.036268513680267615
1172 -0.03623945800818112
1173 -0.03621533976283566
1174 -0.03618671263965672
1175 -0.03615714023330161
1176 -0.03612843001456697
1177 -0.03610054917021618
1178 -0.03607175406863638
1179 -0.03605051136456095
1180 -0.036024007343305624
1181 -0.03603009353762986
1182 -0.03600166786100936
1183 -0.035997474737768195
1184 -0.035984483899945595
1185 -0.03595505044515126
1186 -0.03593104253702221
1187 -0.03590293104300701
1188 -0.03587342846946314
1189 -0.03584454959001258
1190 -0.035815336493753056
1191 -0.03578847186363999
1192 -0.03575901116348342
1193 -0.03574732594745446
1194 -0.0357185768351924
1195 -0.035725249361756625
1196 -0.03575697500666265
1197 -0.03572802152766242
1198 -0.035698468322885986
1199 -0.03566924909387941
1200 -0.035709154157855964
1201 -0.03568019719336807
1202 -0.03567154850888181
1203 -0.03564324515371138
1204 -0.035614063323150265
1205 -0.03558536650630854
1206 -0.035560091838472016
1207 -0.0355437707106033
1208 -0.03552682169504275
1209 -0.035501342522493165
1210 -0.03547479562044332
1211 -0.03545090159519858
1212 -0.035510270289752184
1213 -0.03549407045152057
1214 -0.03546685149851097
1215 -0.03606280032080176
1216 -0.03604387798368915
1217 -0.03601442525951924
1218 -0.035985354059441116
1219 -0.03596186755174286
1220 -0.03593271517766417
1221 -0.03590423563432572
1222 -0.035875243840143255
1223 -0.03587105337306045
1224 -0.035916956124466715
1225 -0.035889576444093775
1226 -0.03586276899339098
1227 -0.03583895294951664
1228 -0.0358102213463217
1229 -0.03580879047687803
1230 -0.035781388801595725
1231 -0.035753275091828435
1232 -0.035755993003448706
1233 -0.03572710292938673
1234 -0.035721502856054466
1235 -0.035694359005544615
1236 -0.035801429805762154
1237 -0.03577510059640911
1238 -0.03574646950375891
1239 -0.03573477771821699
1240 -0.035707238770187506
1241 -0.035811193566551554
1242 -0.035783083304695554
1243 -0.0357552562385278
1244 -0.03573227289154655
1245 -0.035704483567084194
1246 -0.03567727589934717
1247 -0.035656732973232075
1248 -0.035634037494308136
1249 -0.03560672496884091
1250 -0.035609048830399115
1251 -0.03559190586034517
1252 -0.03556364999996714
1253 -0.03553535710873208
1254 -0.03550829843644486
1255 -0.03548441325264397
1256 -0.035476674711993846
1257 -0.03545175046467885
1258 -0.03542519806536794
1259 -0.03539928760295738
1260 -0.03537262724620242
1261 -0.03534514013312209
1262 -0.035317132890544334
1263 -0.03534347729208033
1264 -0.035329288505879415
1265 -0.03531665596940879
1266 -0.035289202741152645
1267 -0.03527050056812279
1268 -0.03524572304236201
1269 -0.03521954101304813
1270 -0.03520145958237398
1271 -0.03517547688559009
1272 -0.03515332441921921
1273 -0.035204393710847035
1274 -0.03518338363724348
1275 -0.03515725476434597
1276 -0.03513835895563827
1277 -0.03518538227868894
1278 -0.03516597736063876
1279 -0.035147940360844475
1280 -0.035137506814000116
1281 -0.03515633006707001
1282 -0.03513577326649452
1283 -0.03512479960854145
1284 -0.03509963372878537
1285 -0.03507950107955809
1286 -0.03505274882372958
1287 -0.03503114380873881
1288 -0.035006214708188134
1289 -0.03499249057050378
1290 -0.03496653662873717
1291 -0.03500559528985676
1292 -0.03498002931094817
1293 -0.034953131361457425
1294 -0.0349266174344796
1295 -0.03490551863733098
1296 -0.03488466589425694
1297 -0.034860997728878004
1298 -0.03483425513724982
1299 -0.03480956343680861
1300 -0.03478312947394583
1301 -0.0347606387071088
1302 -0.03474433371117494
1303 -0.034719417095039645
1304 -0.034771229236533543
1305 -0.03474648366255292
1306 -0.034720022872784875
1307 -0.03469420326040098
1308 -0.0346690617971327
1309 -0.034649181485460645
1310 -0.03462541639282443
1311 -0.03460251833319456
1312 -0.03458554250534007
1313 -0.034584613977801604
1314 -0.0345671157956157
1315 -0.034540915345444054
1316 -0.03451599982727451
1317 -0.03449928496832419
1318 -0.03447661009139857
1319 -0.034451162653789766
1320 -0.03451152371436696
1321 -0.03452741774972937
1322 -0.03453176507860895
1323 -0.03450673035853193
1324 -0.034502603890767786
1325 -0.034496154369593364
1326 -0.03447648548599441
1327 -0.03445413444258269
1328 -0.03444354858476323
1329 -0.03441790580729655
1330 -0.03440713912665721
1331 -0.034382223976367116
1332 -0.0343590399671872
1333 -0.03447637734290632
1334 -0.03447656466280863
1335 -0.03445215547471753
1336 -0.03443303174558587
1337 -0.034412569608321064
1338 -0.03438734454357337
1339 -0.034361663180956806
1340 -0.03434188277846831
1341 -0.03431652215781988
1342 -0.034295000642153704
1343 -0.03427336674234517
1344 -0.03427897888433525
1345 -0.03428146369360176
1346 -0.03428722804247164
1347 -0.0342624349801836
1348 -0.03423765816716577
1349 -0.03423013116873491
1350 -0.034205131734419816
1351 -0.03418006860353989
1352 -0.03415952581931594
1353 -0.034431496185869666
1354 -0.03440635408302541
1355 -0.03438253659439709
1356 -0.03435767811200585
1357 -0.034332670024385385
1358 -0.034308349890766705
1359 -0.03431492463190984
1360 -0.03429084844518349
1361 -0.03426730785804433
1362 -0.034242191865331215
1363 -0.03432402723219925
1364 -0.03430637958393128
1365 -0.03429233688068799
1366 -0.034273399292901206
1367 -0.03425436884888824
1368 -0.03426051325196536
1369 -0.03423700188006805
1370 -0.03422301464009643
1371 -0.03419833443942538
1372 -0.03417592176473598
1373 -0.034151030343203034
1374 -0.03413105482479369
1375 -0.034107597445586266
1376 -0.03408537916625048
1377 -0.03406132450095604
1378 -0.03403687404124536
1379 -0.034013583178173636
1380 -0.03399389256656977
1381 -0.033969655217177555
1382 -0.033947540656659
1383 -0.03392305323769024
1384 -0.033898941954730935
1385 -0.03396265332741172
1386 -0.03394771972425338
1387 -0.03392449999922536
1388 -0.03390330305045339
1389 -0.033882679877250105
1390 -0.03385910072735222
1391 -0.033899278705934156
1392 -0.03456294103434708
1393 -0.034539662812224585
1394 -0.03451744170659816
1395 -0.03450085035060722
1396 -0.03447889959790002
1397 -0.03445816406807612
1398 -0.03443796013472042
1399 -0.03441568738267776
1400 -0.03440069495257376
1401 -0.034377502453299257
1402 -0.03435945398365991
1403 -0.03433509799740871
1404 -0.03431250718348723
1405 -0.03429640043082226
1406 -0.03427231302774951
1407 -0.034891595967184996
1408 -0.0348672413349905
1409 -0.03484759264440157
1410 -0.034829809193944766
1411 -0.03480666238098068
1412 -0.03478859871996866
1413 -0.03476861143881779
1414 -0.03474457780040472
1415 -0.03472118585244065
1416 -0.03469880092509523
1417 -0.034890308491799756
1418 -0.03487272776418276
1419 -0.03490369161428776
1420 -0.03488114638515033
1421 -0.03491961015577078
1422 -0.034997091568867135
1423 -0.03497281452410141
1424 -0.03496536734462552
1425 -0.03494170399654219
1426 -0.0349174044307225
1427 -0.03489500756023589
1428 -0.034871391150499115
1429 -0.03485034798103029
1430 -0.034830353507718716
1431 -0.03480947655960686
1432 -0.03478595406202571
1433 -0.0347618369694153
1434 -0.03476613931196546
1435 -0.03474457891766733
1436 -0.034721089332818596
1437 -0.03470082321418519
1438 -0.03469182840930322
1439 -0.03468103778033766
1440 -0.03465807983760164
1441 -0.03463461952247538
1442 -0.03461677724424239
1443 -0.034594587865899466
1444 -0.03457135416146887
1445 -0.03457348814124646
1446 -0.03455216179142703
1447 -0.034528381019315275
1448 -0.03450511073434347
1449 -0.03448802967638006
1450 -0.0344648073663509
1451 -0.034455881484065747
1452 -0.03443526276198936
1453 -0.034412403550204536
1454 -0.03438905448596593
1455 -0.03438520943840858
1456 -0.0343617505048022
1457 -0.034338166599170904
1458 -0.03431633371607032
1459 -0.03429479393787172
1460 -0.03430975221427454
1461 -0.03429105170196898
1462 -0.03426835187038642
1463 -0.03424612308273914
1464 -0.03422389453449582
1465 -0.03420162356479141
1466 -0.03425626401269385
1467 -0.03423434270149888
1468 -0.03424142848432755
1469 -0.03421876311791497
1470 -0.034200824811090394
1471 -0.034178093582565246
1472 -0.034155780589254225
1473 -0.03419105513664553
1474 -0.03418176896985954
1475 -0.034164640740490214
1476 -0.03414599733516327
1477 -0.034128208846699405
1478 -0.03410569820849099
1479 -0.034094493688499185
1480 -0.03407241646735177
1481 -0.03407596913244827
1482 -0.03410308590685316
1483 -0.034082803640649036
1484 -0.03406497424485848
1485 -0.0340432574370431
1486 -0.03402255428939168
1487 -0.03402671828993024
1488 -0.03400427805594865
1489 -0.03427807775132369
1490 -0.034257115127483174
1491 -0.03425851952614569
1492 -0.034235704333226674
1493 -0.03421346470937669
1494 -0.03419229337250629
1495 -0.03417283639840794
1496 -0.03415054964624989
1497 -0.0341328940453699
1498 -0.034110804196998155
1499 -0.03409247790218745
1500 -0.034080087973211146
1501 -0.0340587848227257
1502 -0.03403619809500651
1503 -0.03421908393681036
1504 -0.03423370775360799
1505 -0.03421303832983057
1506 -0.034190698776828586
1507 -0.034168208245367246
1508 -0.03414693257378526
1509 -0.03412477388078192
1510 -0.0341051346968172
1511 -0.0341053404596044
1512 -0.03408932386994859
1513 -0.03407085846290912
1514 -0.03404933083104926
1515 -0.03404321723218684
1516 -0.034023648698662194
1517 -0.03400140462574185
1518 -0.0340900647616381
1519 -0.034090567163069144
1520 -0.03409998646169769
1521 -0.03407827027697293
1522 -0.03407136903835143
1523 -0.034050637124152794
1524 -0.03418498822693102
1525 -0.034169141051709435
1526 -0.03414842036008218
1527 -0.03412885543235752
1528 -0.0341145889537948
1529 -0.03412591151380153
1530 -0.03411779395012322
1531 -0.03409600496019168
1532 -0.034075538415564544
1533 -0.03405399700178265
1534 -0.03404419689416048
1535 -0.034022438374319494
1536 -0.0340007254048551
1537 -0.03397954289149768
1538 -0.03399604162311224
1539 -0.03400185068701067
1540 -0.03409339477509813
1541 -0.03407257722504289
1542 -0.03412539574909256
1543 -0.03410422975979404
1544 -0.03408370047250079
1545 -0.03406394430353945
1546 -0.034041997069053656
1547 -0.03402372703234741
1548 -0.03400273553081126
1549 -0.03398274180818255
1550 -0.03429481666172632
1551 -0.034273114107803364
1552 -0.03425107587442358
1553 -0.034229180152046575
1554 -0.03421523352677407
1555 -0.0344109779069519
1556 -0.03440421981725061
1557 -0.03438262554674855
1558 -0.03436258568154992
1559 -0.03434087404900175
1560 -0.03431889869754904
1561 -0.034297626283665894
1562 -0.034277735067763375
1563 -0.034276830285931155
1564 -0.03425611821947202
1565 -0.03423884609229265
1566 -0.0342169822058991
1567 -0.03419898011948823
1568 -0.03418293213296669
1569 -0.034161272248913035
1570 -0.03413979142885304
1571 -0.03411812523946108
1572 -0.03413709616535634
1573 -0.034115455035680614
1574 -0.034094327502486324
1575 -0.03407371056391899
1576 -0.03406427127152955
1577 -0.03404412927369235
1578 -0.03402318270941745
1579 -0.03400266008176546
1580 -0.033982968545310716
1581 -0.03396665713221838
1582 -0.03394591048926315
1583 -0.033925579676219834
1584 -0.03390474271193535
1585 -0.03390209064000087
1586 -0.033881144729737064
1587 -0.03386046135065829
1588 -0.0338429968225868
1589 -0.03383593807903176
1590 -0.03381508430784665
1591 -0.03379400456762995
1592 -0.03377682114892561
1593 -0.0337586593513667
1594 -0.03373827477934352
1595 -0.03371728966076575
1596 -0.03370100280968805
1597 -0.03369378935639906
1598 -0.0337694517934136
1599 -0.03375241275313873
1600 -0.03373337452261808
1601 -0.03371358281783603
1602 -0.03370036699360664
1603 -0.03368054513336466
1604 -0.033660088872831805
1605 -0.03364019643961902
1606 -0.033627938514614625
1607 -0.03361261890790574
1608 -0.0335923478371886
1609 -0.03362098255031248
1610 -0.03360136902422297
1611 -0.033581096958106384
1612 -0.03356684701942773
1613 -0.03354660340770629
1614 -0.03353255864889909
1615 -0.03356636260276205
1616 -0.03354587802216699
1617 -0.03352745214685574
1618 -0.03351401169281188
1619 -0.0334963432730955
1620 -0.03348003269762939
1621 -0.03348220399297547
1622 -0.03346330287465413
1623 -0.033448174194244125
1624 -0.033427726439070424
1625 -0.03340960770741647
1626 -0.03339177989360225
1627 -0.03338594123223661
1628 -0.03336756083972409
1629 -0.03334780532318411
1630 -0.03333130067602295
1631 -0.03332138098079102
1632 -0.03330361020451668
1633 -0.033285031807292066
1634 -0.03326894793239353
1635 -0.03324869599931989
1636 -0.033229989800634976
1637 -0.033210556384808416
1638 -0.03319685524958816
1639 -0.03317866122687485
1640 -0.033179130711000766
1641 -0.03317701182653224
1642 -0.03316995629505202
1643 -0.033150436942859886
1644 -0.033132962674128304
1645 -0.0331135049090172
1646 -0.03325503739008242
1647 -0.03323655623013982
1648 -0.03321700726718125
1649 -0.03322549865753217
1650 -0.033292357707123854
1651 -0.0332755274122521
1652 -0.03325626402589769
1653 -0.03324083877681616
1654 -0.03324846389038327
1655 -0.033228885761635234
1656 -0.033220717785729575
1657 -0.033207934225501126
1658 -0.033194526296331725
1659 -0.03317504393815243
1660 -0.033160009179190014
1661 -0.033145831499907887
1662 -0.03312715424884706
1663 -0.03315896660446654
1664 -0.033151292041191244
1665 -0.033133193608187464
1666 -0.033155432075360224
1667 -0.03313588622329095
1668 -0.03311697219633999
1669 -0.03309918410012362
1670 -0.0331077068001353
1671 -0.03308843156059217
1672 -0.03306875184646385
1673 -0.03305558951799965
1674 -0.03313081862614272
1675 -0.03311304747593635
1676 -0.03309353675670564
1677 -0.03308045563111505
1678 -0.03307218277884146
1679 -0.03305265615297072
1680 -0.03303545375228753
1681 -0.0330173222700069
1682 -0.03300726026764496
1683 -0.033013097222123075
1684 -0.032999504911353866
1685 -0.032980995625992646
1686 -0.03296234315069019
1687 -0.03297687318151745
1688 -0.032960169687436855
1689 -0.03295026194885413
1690 -0.03293453547612013
1691 -0.03291730394884331
1692 -0.03290009571986286
1693 -0.03288889551972584
1694 -0.03287148283105656
1695 -0.03286123258824352
1696 -0.03284188660244954
1697 -0.03283014528087824
1698 -0.03284256741710565
1699 -0.032824279875765666
1700 -0.03280525357729857
1701 -0.03278866069174601
1702 -0.0327748528784463
1703 -0.032854218876686506
1704 -0.03283559729009607
1705 -0.03283233433556612
1706 -0.03282830028368943
1707 -0.032810470855123695
1708 -0.032795271578106834
1709 -0.03277660446924233
1710 -0.03275814553997417
1711 -0.03279693932462643
1712 -0.032778652283458984
1713 -0.032762237946320924
1714 -0.03274476682323256
1715 -0.032750460992634234
1716 -0.03273143189079002
1717 -0.032714884572261294
1718 -0.03271710657574343
1719 -0.032698615779184065
1720 -0.03268001034767664
1721 -0.032667189673491664
1722 -0.03264928808770656
1723 -0.03263558237111894
1724 -0.03262008262435789
1725 -0.032624612107101714
1726 -0.0326077308818039
1727 -0.032588957057658643
1728 -0.03258388776314468
1729 -0.03256987417548332
1730 -0.032554828704454364
1731 -0.03256370782027493
1732 -0.03263236426283325
1733 -0.03261375731733269
1734 -0.03259883487978491
1735 -0.032580947558873766
1736 -0.03256217973193893
1737 -0.03254369307513715
1738 -0.032533882633864836
1739 -0.03251611540230094
1740 -0.032498423803544625
1741 -0.03249865091099337
1742 -0.03248187202147129
1743 -0.03246355253607091
1744 -0.03245043255220301
1745 -0.03243265943541998
1746 -0.03263346532503784
1747 -0.03265522285179629
1748 -0.03291536825388349
1749 -0.032898936684197515
1750 -0.03292840130567597
1751 -0.0329097670222159
1752 -0.0328923832640066
1753 -0.03287369236185344
1754 -0.03285739481286629
1755 -0.03284154603411649
1756 -0.032823093442752874
1757 -0.0328175707283909
1758 -0.032891321390546784
1759 -0.03287785475868568
1760 -0.03285970406596189
1761 -0.03284104438165414
1762 -0.032823652211179014
1763 -0.032806621865151
1764 -0.032812122797963895
1765 -0.03279418445589322
1766 -0.03277744668983335
1767 -0.03275965568942883
1768 -0.03274810848923799
1769 -0.03273083042357846
1770 -0.03271593802941332
1771 -0.03272507770260684
1772 -0.03271029115210132
1773 -0.03269415778643444
1774 -0.03267799281230881
1775 -0.03269094092678258
1776 -0.03267456458508895
1777 -0.0327211042371229
1778 -0.032710906338662485
1779 -0.03269997327165745
1780 -0.03268212487650335
1781 -0.03266640253149837
1782 -0.032652436494923755
1783 -0.032672031196625415
1784 -0.03265648361567164
1785 -0.03266236935923487
1786 -0.03264641595107701
1787 -0.03262860708825414
1788 -0.0326130307184075
1789 -0.032594834125374735
1790 -0.03258923538832984
1791 -0.03257728588683049
1792 -0.032563237317220786
1793 -0.03255763680043497
1794 -0.03254314270309125
1795 -0.03262055610882415
1796 -0.032608480951908936
1797 -0.03260108968686059
1798 -0.03258354506236197
1799 -0.03257937081809871
1800 -0.03264930024098855
1801 -0.032631782395570665
1802 -0.03261367374829232
1803 -0.0326117694671159
1804 -0.032593817707701866
1805 -0.032577241523243296
1806 -0.03255987672197152
1807 -0.032582581198749384
1808 -0.03256721016127793
1809 -0.03255002181115764
1810 -0.032543882152091724
1811 -0.03252657713078529
1812 -0.03250970657634283
1813 -0.03249203254393969
1814 -0.032475460830173566
1815 -0.03246064698057524
1816 -0.032443655645205266
1817 -0.03247692562547168
1818 -0.032463418186277716
1819 -0.03244580493631646
1820 -0.0324287531581771
1821 -0.0324728865002114
1822 -0.03245518425785589
1823 -0.03244288243751214
1824 -0.03242515107501232
1825 -0.03242158209031216
1826 -0.03240867049747317
1827 -0.032391404960126824
1828 -0.03237921881707484
1829 -0.032362099902769254
1830 -0.03234453304989561
1831 -0.032331900004073925
1832 -0.032319882619034276
1833 -0.03230518042364684
1834 -0.03228759332455088
1835 -0.032271325500973315
1836 -0.03225660551630755
1837 -0.03224187881487766
1838 -0.03246660347119119
1839 -0.03244925284026369
1840 -0.03244658218069538
1841 -0.03242957455686777
1842 -0.032413110802213506
1843 -0.03240398433331775
1844 -0.03239521502559032
1845 -0.032378452102415925
1846 -0.03236827918207464
1847 -0.03235141794726153
1848 -0.03233492701401524
1849 -0.03231759518764098
1850 -0.03234537919929288
1851 -0.032330302227964576
1852 -0.0323131848036712
1853 -0.03237823617971563
1854 -0.03251905422141092
1855 -0.032502505480372174
1856 -0.03248546849800273
1857 -0.032482898317414965
1858 -0.032486836966553335
1859 -0.03265450319130488
1860 -0.03263705849421087
1861 -0.03262056959099996
1862 -0.03263474773882328
1863 -0.03262229351768376
1864 -0.032632584357860386
1865 -0.032635286700096716
1866 -0.03262225279211835
1867 -0.03261195704339575
1868 -0.03259992645208499
1869 -0.032582915651674635
1870 -0.0325787809861957
1871 -0.03261092299411935
1872 -0.03259682533001508
1873 -0.032580072820775706
1874 -0.03256308097796742
1875 -0.03254844361850507
1876 -0.03253383208387806
1877 -0.032520867065308594
1878 -0.03250368797120375
1879 -0.03249695584069188
1880 -0.032480358510976776
1881 -0.03246415152925968
1882 -0.032450399063765234
1883 -0.032439597814689705
1884 -0.03243215244587704
1885 -0.032416035776177354
1886 -0.0323999464581697
1887 -0.03243121578605392
1888 -0.032414081702830895
1889 -0.032403505605541685
1890 -0.032391289208728136
1891 -0.03237569376098194
1892 -0.03236035067788753
1893 -0.03234523209655456
1894 -0.032332056736077176
1895 -0.032320197793115214
1896 -0.03230479894677802
1897 -0.032452187672551244
1898 -0.032467834165026604
1899 -0.032451045027511255
1900 -0.03268102319075823
1901 -0.032693016175248765
1902 -0.0326768390077125
1903 -0.032661943949926865
1904 -0.03264518802511645
1905 -0.03263226357055045
1906 -0.0326234147541285
1907 -0.03260653045930663
1908 -0.03259495416437168
1909 -0.03257951189571822
1910 -0.03256257318143552
1911 -0.032546173925208886
1912 -0.032568313257184234
1913 -0.03255607483287522
1914 -0.03253972424518719
1915 -0.032524859380594136
1916 -0.03276036235335134
1917 -0.03277272209544978
1918 -0.03275897591948223
1919 -0.032743045632741996
1920 -0.03272610730160655
1921 -0.03270952773143858
1922 -0.03277070956374094
1923 -0.03275964183258863
1924 -0.03274481604870622
1925 -0.03272785267667061
1926 -0.032751385687401824
1927 -0.0327414528056217
1928 -0.032734256921820214
1929 -0.032717771591676735
1930 -0.03271694740509928
1931 -0.03270428305318866
1932 -0.03268776430198349
1933 -0.032671482172718175
1934 -0.03270630160548604
1935 -0.03269167101735249
1936 -0.032676243803356264
1937 -0.03266003902393052
1938 -0.03264425557534156
1939 -0.0326289641212927
1940 -0.03261255492519472
1941 -0.03260027373743957
1942 -0.032589538954062545
1943 -0.03257291570934961
1944 -0.03255788266364417
1945 -0.03254672336774476
1946 -0.03253357468135365
1947 -0.03251787632713613
1948 -0.03250201911977002
1949 -0.03248676734881644
1950 -0.032999550585413186
1951 -0.032984109317565714
1952 -0.032968945521878276
1953 -0.03295354215240135
1954 -0.03294151551287291
1955 -0.03293745921816836
1956 -0.03292113549439815
1957 -0.03290499997098267
1958 -0.03365538018688098
1959 -0.03363976842154275
1960 -0.03362508732792757
1961 -0.03360874421908349
1962 -0.03359414542476016
1963 -0.03357794971861231
1964 -0.03356704077881392
1965 -0.03355243791616844
1966 -0.03353739051725069
1967 -0.033537781442213734
1968 -0.03352115435821571
1969 -0.03350511264002545
1970 -0.03349168792353298
1971 -0.033474838742815295
1972 -0.033461828935115
1973 -0.033444869062365316
1974 -0.03346040313287236
1975 -0.03345142258672965
1976 -0.03343543526498454
1977 -0.03341931575503095
1978 -0.03340825331901062
1979 -0.03339321505087192
1980 -0.03339845300487367
1981 -0.03341768040161362
1982 -0.033400956310729604
1983 -0.03340457388521134
1984 -0.03338833309501865
1985 -0.033381346598476594
1986 -0.03338207833478553
1987 -0.033366782656687306
1988 -0.033351448144343744
1989 -0.03333495441633183
1990 -0.03332236964684286
1991 -0.0335871765405758
1992 -0.03357983142468565
1993 -0.03356498639801673
1994 -0.03355069273577444
1995 -0.03353421737093803
1996 -0.033525927905859086
1997 -0.03351468708863089
1998 -0.03349975643229479
1999 -0.03348744423810526
2000 -0.03347797512318266
