n: 8, k: 1000, t: 1000
Entropy, Approximation Gap
11.699163853128251, -0.0019080294436275118
11.638312014423901, -0.0004358160575503962
12.23492596133694, 0.000758957030002355
12.510635111536896, -9.696195569841581e-06
12.789165125289454, -0.00023246437336568553
12.196825555429912, -0.0008885443116318781
13.161019125906702, 0.0004296395050566726
11.131366052038375, -0.0010463735245024976
13.176595888683716, -0.0004391733452809355
12.745217108741981, 0.0018477228875951497
10.97377574596288, 0.0008752254389016306
11.91051889070445, -0.0005634050421444697
12.55927093039822, -0.00018564746037648232
13.56546827423395, 0.00042464460708053695
12.058922052295049, -0.0001241874660721609
13.163129595033205, -0.0009940799659657624
12.797646290207046, 0.0003771478636145371
12.331545350413021, 0.0012482245396696345
11.214612740984762, 0.0012165323803985332
10.915633937440855, 5.4086003243093575e-05
12.517939746210342, 0.00011359728688043
12.797906514894343, -0.0016001539369688254
11.766287983075511, 0.000898532672247444
13.3411230369354, 0.000297292948441572
12.667341093650782, -0.00047681820795867844
12.060142824864505, 0.0006272225590348594
13.916745647238042, -0.0007256393461329523
12.354750251208708, 0.00015912236188836415
12.047624326566709, -0.0007498066740838083
13.288009638464866, 0.0002599157826982312
12.733064033975388, 0.00036898741409410957
12.232482301464616, -0.0007591871174676204
13.2286063210599, 5.691618319675178e-05
13.011106649787349, -0.0008843446828918529
11.342304853459945, 0.00014751340582872322
13.360768491613884, -0.0008032746040621997
12.029551105934406, 0.001202582503896603
13.392185792823021, 0.0007919161852245529
12.393227334844532, 0.00016234655478506235
12.872716524693734, 0.00021926205968091084
13.268255168881053, -0.002183537440170559
13.184909540537673, -3.8822052938605744e-05
12.181195576769657, -0.0009853218239769587
12.826205363193216, -0.00038332920073279146
11.966747592787888, 2.1478264422883885e-06
12.958804546170393, 2.2607349234983823e-05
11.392694477691856, -0.0004292703594536854
12.305445180309057, -6.537591385615688e-05
11.969453212575834, 0.000172162052054399
13.096591660511669, 0.00022374488964648463
13.001200135932285, -0.0008106021512221777
13.459661550286288, -0.0007959690639193009
12.027314971475647, 0.00029559857817307907
12.465611176964384, 0.0006673448277397451
14.290385527862142, -0.0013534682658835687
13.080590692022474, -0.0008778875424336821
12.004064523467983, 2.3370630920001995e-06
12.714776787932617, -0.0011225754758604108
13.243164844317215, 0.0009549201908370698
12.691515421362608, -0.0013825890863309875
11.595724884746572, 6.623999767566002e-05
10.197569109759801, -0.0002518940342172006
13.115227346497905, -0.0013588382886854551
12.057390357487572, 6.632193936458334e-05
13.17818351558904, 0.0006280514720835269
12.990066780317035, -0.0007467591350192003
11.941955163411528, -0.00036461932138151087
12.734188627086315, 2.6522163951575584e-06
12.728024329907239, 0.0022063491213814576
12.354869640145827, 0.00020804546583359004
13.362828955047828, 0.0014324687266247544
13.305925891597127, -0.0002158043353107618
12.744946530702196, -0.00018053468697525922
13.237987639119325, -0.0010214273615924419
13.407249342392271, 0.0004930266449107972
12.000498484316397, 0.00028186491516434507
13.416365302651739, -0.00022032990500446027
13.194247920211126, 0.002749294870464141
12.615516223550792, 0.0005173477293403317
11.446280283035593, 5.804598536189175e-05
11.669005729927886, 0.0010005758757677882
11.912079619053953, -0.000290510833534997
12.617168022182238, -0.0004570119613348006
13.621870436631198, 0.0008538986160115136
12.814145553501218, 0.0005756689710009286
11.237468512732985, 0.0003297285001068826
11.851219446639238, 0.0007201609374527483
11.577441664185105, 5.936164379321922e-05
12.59849583670115, -0.0018391369764453784
14.017780168453411, 0.0005337379048801407
14.171556337692708, -0.0005909703387900183
12.341574449938834, -0.00019377751951948213
12.433932961785025, 0.0004421912868679753
13.584088286208685, -0.0011311813809924852
11.88885053640609, 0.00047515720063739855
11.903022635335867, -0.0008193867188929756
13.725443934052935, 0.000130377694204843
13.578268214973836, -0.0010583448122594655
13.636040625405364, 0.000305006270608971
13.542161363601513, -0.0009740790606897389
13.756246192179947, -0.00036230705577304165
13.408546852678722, 0.001969639445697703
12.595496397155857, 0.0005319088387702401
12.188211764254662, 0.0008707954925553929
12.250859403978469, 0.000985519228650606
12.229902934648573, -0.00033877114516039095
12.742723866243994, 0.0005070101771065365
12.351578579661794, -0.0006205253545891421
11.620657495521534, 0.0005278875565587243
12.80506058564819, -0.0027056857593741584
12.108900124117435, 0.00022021429839988818
13.002994847079357, -0.0006560503495051571
12.880381783441996, -0.0006569550019508326
12.577291605531235, 0.0012148904267765617
13.05276843459874, -0.0006156397435952681
12.225214735091567, 0.0011046190174189585
12.720566490857417, 0.004702987797912169
12.037940515301825, -0.000528484293944486
13.005904818390826, 0.0017099371585024064
12.394471591684335, -0.0008494288107211371
11.190750356612826, 0.00394379092482932
13.29907444265945, -0.00018883125184821197
12.154840199764667, -0.00022548597752433674
13.282601959497784, -0.00036286728906000446
11.87735386816397, -0.0003209342466827026
11.27685032326829, 0.0001333934282760677
12.69707452093128, -5.9505559817100723e-05
12.209044168726383, -0.001210024926657483
12.70387278922859, -0.00039506295416418544
11.851553304129892, -0.0004553425647833816
12.302539294422548, 0.0013668475341309088
11.82089372805168, 0.0014703650318629961
13.376373049767553, -9.093677626804356e-05
11.93423298572545, 0.0036067180905431755
11.681827320781657, 0.0006945455084174119
12.239749883416184, 0.001801762080631394
12.12265320008832, 0.0018862992871574204
13.401159888321237, -0.0019815514092732644
12.079580366884983, -0.0006236872149153194
12.329274381802326, 0.0010979950287951113
13.317992758661013, -0.001018357737859625
10.309163610297698, 0.0057950802444995935
13.799406595237052, 0.0008592632227231271
13.644036549120598, 0.0006273918237898798
12.027013563521159, 0.00025254756762751237
11.765680579928238, -0.00022521418068630842
13.118667488198637, -0.00012081052078534785
12.832117554716948, -0.000580953364686494
12.66046477378536, 1.780801821885461e-05
13.47906543938695, 0.001788743857584367
12.562862813075245, 0.001815397491443934
12.010960523484984, -8.559815315187474e-05
13.073020355006742, -0.000727832130421182
12.992658257489875, -0.00036439552957567324
13.536224603985206, -0.0009049486934070705
13.052230402492244, 0.00022711318973102704
11.730692542622544, -0.004045070681266414
14.100367910770599, -0.00013652286617889513
12.613398273895218, 0.0008357633416601834
12.433933778907194, -0.0037484066212155817
12.100698900343211, -0.0010981988197840686
13.122068008848283, 0.00471033730432293
13.173229276710883, -0.000161458356881894
11.641945172011061, 0.0027203440691242545
13.210263348172898, 0.000770028175950328
13.055234796288461, -0.0006480659051000051
13.892090630742699, 0.0002184666823039725
11.760169842482675, 0.0008958741700432499
13.083429118873289, -0.0018238131039612776
12.306084161696038, -0.0007762720398951321
13.367089002229802, 0.000655276482434514
12.998883087581948, 0.00015811099012803635
12.778670312075706, 0.000488906053704689
13.492934957111867, 0.0013374724017776486
11.81047370753999, -0.0005717360024968512
10.493223674888085, -0.0022072096119433796
13.686244434432345, 0.0004931176877418508
13.220423301526221, 0.0022462585817861792
11.672784507295868, 0.00030332182139766956
12.2637679657835, -0.0006497744071295546
12.88621881888237, 2.62544953131107e-05
13.069371104871776, -0.0007989862563332348
13.278179706916502, -0.00019289834110198384
12.697069476995226, 0.00012929709156696756
13.027943642018327, -0.0006480597260609374
12.75572000674124, -8.543030597439431e-05
11.067495896363756, -0.0007283650366319725
13.590927436200728, -0.00032053887409497044
13.512767474675773, -0.0021841844768388033
11.94824347236504, 0.00046009715651179443
12.19365123094169, -0.00017446592695083722
13.214770398124946, -0.0009347261364964854
11.81861849359019, -0.001063616256118052
12.245655397202297, 0.00042724675845664216
13.037056112560492, -0.00035984427401390294
13.487913814988582, -0.0005153687450947411
11.876032373168439, -0.0002481733640984935
12.247650695013794, 0.0007992927042954961
12.61987907306388, 0.0006398508194824602
12.49350821992591, 0.0010845428450737549
11.593759023373247, 0.0004891678889114605
13.355212894649007, -1.0872370750080254e-05
11.809783354950554, -0.00010452285265072532
12.628554916945939, 0.00036994231651954826
13.193124222672852, 0.0007041667448651856
12.306654633468064, -0.0011772405639917513
12.885762577849412, -0.0005867229522128333
12.309038308967414, 0.0019577629650825044
11.71052416221877, 7.992548527989201e-05
12.452396687594344, 0.0010405721335641702
11.650950616224934, 0.0003284926068935969
12.71333683340293, -0.0009030290677833168
13.794052070022637, -0.00023775733154572654
12.74099447938931, -0.0009526570508173147
12.705236198402792, -0.0018563534972544857
13.323170910712165, -0.00107583122547891
11.397539236608955, 0.00014446727270828923
10.090485896440054, -7.667462314112387e-05
12.610848660578174, -0.0010051246146974419
13.230722125505293, -0.0011171961784965986
13.330302792690178, -0.000729664317776703
13.238883453896937, 0.0007561276023501651
12.168534557211183, 0.00036250096547012483
13.004255770310705, 0.0010352012800779447
12.157205112679339, -0.0014844785260409738
12.722406633807898, -0.0003948029385795549
11.230680018087888, 3.0628213697204455e-05
12.298763325207103, 0.0011773381600348335
11.697987604678579, 0.002014184654692169
12.36482964868702, 1.2528517217868726e-05
12.956635264445202, -0.00023112378706657832
11.988346503277155, 1.734372569572374e-05
10.909256392794543, -0.000242220988268824
12.912076819915258, 0.0017543378195023548
13.195942798596684, -0.0011769486214777206
11.476413503211472, -0.0005261891060373298
13.251123398044346, -0.000523616928547941
12.462438459943183, 0.002100926294198945
12.847218123169446, -0.0014678986957607594
11.893887130562643, -0.0006920034172410968
10.95113534493129, 2.1629040970992663e-06
12.69016006430864, -0.00042036885461579736
12.988440954570496, 0.0006956622824541431
12.909485518370397, 0.00045477777728933876
13.46475845021239, -0.0010496385325511406
11.054007858886404, -0.00011663194527051189
12.992612032674646, 0.0008960447587616546
12.96924923095339, 4.468312996965202e-05
13.32069732999729, -0.0005124565030716344
13.52012932793869, -0.0022793450976626196
12.936922939054144, 0.0006842218451369817
12.680050098136634, 0.0006291701793114746
12.203008286114297, -0.00042833381066213587
12.665111543991902, -0.00038713120756795477
12.631628598822449, 9.823401281004902e-05
12.669157676055315, 0.0004903395344041253
12.818359373769352, 0.0006719253745384544
11.712509023387389, 0.0010307421391532374
13.061900391977609, -0.0018528986625403285
11.784766621582047, -0.003910868695241159
12.819715837881896, -2.3349484872627925e-06
11.972420152750285, -0.000879384173317455
11.782877461661746, 0.00017626065569295037
11.766968922352552, 0.0023101435516150286
12.112742347573427, 0.0011146558834574131
13.461380144527663, 0.0010870347312129376
12.699105268427001, 0.00019382259131750772
12.877731381317274, 0.00031188001908907456
10.396144161236462, 0.0011140082956901803
13.556404203738074, -0.00216387302556241
12.181412642675154, 0.0005095776246415431
11.761383939051717, 0.0013002769425053545
12.817503049206053, -0.00073559513355118
12.450369218924042, -0.0005209242392451756
12.393496224492681, -0.00045007926159955315
13.081181976113175, -0.00024257277910755444
12.077749997742965, 0.00017298543011816294
12.355781896951255, -0.002935468520661271
12.362591419606897, -3.919427312357171e-07
12.879373252807916, -0.00036095865863876656
12.91033705568117, 0.0008992794922246077
12.501692355551333, -0.0006615791057567148
12.440972077222114, -0.002835636304735708
13.02360195179803, -4.067073876409203e-05
11.655899057667302, 0.0003696792817452473
12.396347719576683, 0.0006115742551746565
12.631933788834091, 0.00011383257889343006
11.422683313142953, 0.0017055326737133794
12.106721487617314, -0.0007437845860419094
12.379186444392914, -0.0006202949531213618
11.589977587006453, -0.0035514234604756556
13.328778467381806, -7.951907453105506e-05
12.858097517818189, 0.000880612069518864
12.457914220360603, 0.0003550858799128689
12.587254774334152, 0.0012907712922788396
11.921642560398931, 0.0001655872643549828
13.474700422907674, -0.0008060073963059118
11.243490661444357, 1.0350876618421198e-05
12.329429571776242, 0.002130193224060113
12.334609939362432, 0.00011729420475022068
12.642487057701201, -8.616622378687308e-05
13.251854080900491, 0.0002892442003391664
13.315355106419084, 5.826130368901013e-05
12.818945672692134, -0.0007868006125190509
11.050833620553657, -0.0009238953278930791
12.458179202486567, -0.0010705289971895439
12.119385784095893, -0.0007815029678607047
12.074027546433065, 0.0018637771711130305
13.467300466804803, -0.0014427898988340574
14.03914780935497, -0.0021525891668526496
12.702753871531694, 0.0003647247941540666
13.914112090643723, -0.00042478141885523256
12.174214372107793, -0.00028991098764730855
10.639786406271158, 6.067722995468103e-05
12.551609055737558, -9.129873137958978e-05
13.403885563231059, 5.045510271461332e-05
10.609404044691512, -8.437018449003941e-05
12.859986453980547, -0.0020950091326914586
11.913834831577567, 0.0008050240421503367
11.670579984919595, 8.122539606823581e-05
11.20399823818449, -0.0017240980533493426
11.566916114127384, -0.0023790493209143587
11.989733748133274, -0.00013235166460348613
12.987485968069317, 0.0003364163279009815
12.28550695758946, 0.00011677819821157443
13.663501625432037, -0.0008678084582487257
13.485851528004286, -0.001156545809133309
14.34330974967066, 0.0011390390023391442
13.898428855322953, -0.0006451859183071
12.368702578315839, -0.0007345116286780924
12.360339614319654, -0.0009731728420652088
13.125816188662286, 0.0012332817882321715
13.033938633475746, 0.0005863338149876725
12.061679216533545, 1.3310934446230781e-05
13.019857639265226, 0.0013278047267621593
12.38451357735908, 0.0013345466924282214
11.984040834861679, -0.00024382617027559478
12.452778943392754, 0.0014675714460799377
13.477981992035403, 0.0004725215488478405
11.062529909798354, 0.00026665857772121193
13.275333845947857, 0.0037408441983453784
13.324251971209051, -0.0006952226349142016
13.980489885844026, -0.0009304566003428532
12.176475518912383, 0.0010409567390503322
13.165951923535289, -0.00019560773072097026
13.220152836992291, -6.83736658235309e-05
12.93830356825137, -0.0003493652958417321
13.001763645969282, 0.0014843148360630162
12.164538138312304, -0.0007730577795301893
12.896083840768904, -0.000492047744772049
12.876582724074844, 0.0010052855151115384
11.952947454935599, 0.0004184695357957874
12.06417241005086, 0.0001436937671822052
10.35709220957132, -0.0005361003754387637
13.339065251358765, -0.0003851291937803248
12.232062161752747, -0.0005556240099312054
11.924315117532144, 0.000392190551690038
12.704502724788767, 0.00015267643207171524
13.238917950411336, -0.001803131161723353
12.380564168254297, -0.00045306451714959613
13.323213673744991, -0.0005681031142063028
10.984238459942858, 0.001626254496801878
12.96022413218929, 0.0004103715561370371
13.853096292026697, -0.0009202642335042486
12.216148077762439, -0.0002497790155365034
10.505885602205904, 2.5133689409269355e-05
12.293477915301414, 0.00012630897391020975
13.775629058721789, 0.00045206046566304524
13.288408701163286, 0.0008186873765361567
12.350778680144057, 0.000977920461195752
13.045190694310833, -5.8960196673201425e-05
11.686492880806881, 0.001746593781734614
10.55577381896942, -0.00024002668024583184
12.036958387980048, 0.002863122554814055
12.556836701143663, 0.0004479171398122086
12.461731279012916, 0.00026450858438026043
11.474273153280594, -0.0003312240659509762
11.928134150391198, -0.0003957126601389239
12.613825466575594, -0.00035718750287373844
11.297960107712074, 0.0016209643869088304
12.001701898742215, -0.0005894034851728859
12.182959019362524, 0.0010989179996537465
11.912426617338598, -0.0013082645920804246
12.033585999658014, -0.0012550866998481888
12.221815468253872, -0.002190286249832439
12.199511186344461, 0.0006574745401573476
12.17513218502654, -0.0014712881029931603
13.860956572176471, 0.0013266833775271002
12.207422772340502, -0.0008970657527218439
12.272157448175536, 0.0002273198005094488
12.908872823711746, -0.00014840992808061795
13.178042625079646, -0.00021159603217099556
12.484738364053372, 1.9720828179076513e-05
12.74131638937629, 0.0002141458504846933
12.595934298483764, -0.00024537877565253795
12.469514353270364, -0.0012603788697411137
12.922688775924659, 0.000876668865886332
10.77652116256352, 2.1003980538873528e-05
12.924100235591503, 0.0006867541407407059
13.1269097499838, 0.0004106129605681661
12.479271830108816, 0.0007891141604856921
13.04024098201699, 0.0008659397357944354
12.824038397169923, -0.00013103146320107145
12.540159708621216, -4.267192740122633e-05
10.848711002422577, -0.0026846168511441004
13.087685086723312, 0.00022237076218200973
11.250995776357247, -0.00013313560802750914
9.47427720608621, -0.0010912965955005866
12.139152258010652, 0.0005927703837649602
12.899350847189222, 0.0005183975410381902
12.465547563925115, 4.3638844712675165e-05
13.6717969630189, 0.000740013460339993
12.79329939168307, -0.00037529950945237
12.126906075087021, 0.0006234809548453582
12.990006332199254, -6.47261766820212e-05
12.145347148341312, -0.0007142698920267164
12.463445943423698, 0.00045502869788393175
11.489932651990518, 0.00021325145179911312
13.788921486473743, -0.0007185673411635929
12.879198760611649, 0.001289684075278054
11.692747830221531, -0.002604253840127243
14.01391512279681, -0.0007541552399319574
12.778869845254762, -0.0002969270809130937
13.38944594739424, 4.1567156148182224e-05
12.910821952789732, 0.0016521503962571502
12.710682579245528, -1.6022796226037445e-05
10.898795318768792, -0.00047094939692503973
12.69437337525431, -0.001589286976220329
12.26200908004106, 0.00030972919784458654
11.572122670404358, -0.0010479048119215913
12.873161791879642, -0.00040816199451742044
12.761854159683256, -0.0016049172148551605
13.522396532520489, -0.00037112816771382034
12.903104106924335, -0.0006157209680193385
12.678802658618817, -5.259611699155861e-05
12.0558610625899, -0.00044416650681887784
12.523755051046827, -0.00042477476135109257
13.080336192509868, 0.0002369643953760419
12.537532845382039, 0.0014032966121368274
12.182025676695796, 9.523537009731363e-05
12.974790775204191, 0.000893813690086928
13.17740859916926, 0.0022769651534700333
12.597729790638368, -0.000365414001884605
13.020838296837605, 5.2951847323788256e-05
12.308461442473888, -0.0009671056744529616
11.948267553990286, 0.00013336697226385384
13.754153593301716, 0.00031391954053684463
12.748572470257916, 0.0004631899679973586
10.634525459455968, -0.0019712913564690123
12.867957075184174, 0.0002780579298380494
12.552760839575397, 0.002541149528820128
12.531005901749609, 0.00036941188087459467
12.022038376853994, -0.0012807674814366427
12.79863083690549, 0.0006338240592717722
12.238148706156936, -3.167449995936057e-05
12.077850641211278, -9.004953243737374e-06
12.784111848421746, 0.0029757920997137578
12.363478794807754, -0.00012671390425599179
14.423419117083238, -0.0007763865341208704
12.978082783600842, -0.0005247213331674213
12.408111872773736, -0.0005212674169649445
12.552852401027165, 0.0005945257960648098
11.47422442697603, 0.00024356388892882164
13.305100013921168, 0.00021048874803564904
13.02728428406373, 0.00026966317118996483
12.37686399906398, -0.00011101151526606706
12.981698793850516, 0.0015282465106634252
12.642246738821227, -0.001647997940044648
13.212896648093862, 6.907495490356911e-05
10.65806998999676, 0.000571574355255608
12.791920437064757, -0.00010624908693564195
13.714069175216295, -0.00018965364905788786
14.225965253273099, 0.00023584744869782626
11.735342891902919, 0.0017566101046635127
13.80236687240093, -0.0009626663804967392
11.382785440907465, 0.00026655754626177643
13.45266744786531, 0.0003902922587437456
11.611402476293314, 0.00027430768213822926
13.020663419402652, 0.0009513544166818259
14.317899320455473, 0.0002860082845031371
11.664457959344793, -0.0014542227822748142
12.365005113183926, -0.0001444404129700566
12.434939242701413, -0.0022941582803474615
12.456692297933653, 0.0009726566582256048
11.78121581848855, 0.0011377883797192602
12.05548255480883, 0.00101314110192368
12.471370634545272, 6.825991094966313e-05
12.837264450889608, 0.000674844791525863
13.796455699284827, -0.0006635323059732343
11.470846280848644, -0.00016692280877861256
12.179042921478942, 0.0029728281111521086
13.734545147693124, 0.00030037634537160435
13.497430453754617, -0.0004333235648728978
12.567765125030531, -0.0004063542923028723
13.50822685813074, 0.0006562881963590051
12.780677168765395, -0.0009456598112857371
12.650092422216941, 0.00024085132168227916
11.587060626347006, -9.599531754984252e-05
12.74174851099045, 2.455645338303447e-05
13.231456684202525, -0.0003860856656868819
12.744229056045198, 0.0002673926686501153
13.053088790977782, 0.001497477401434773
12.415580144899252, 0.0007465644567611306
12.73432734958403, -0.0011120399816265912
10.914028439316127, 0.00044923154972518857
11.892622189646843, -0.0012028507193559673
12.892333656317916, -0.002576309257225228
12.557006291629977, 0.0008228798214357444
12.704912651615965, 0.0007181687769258491
11.5269193155621, 0.002785009591922667
11.217605045515816, 0.0005380470777801918
13.258149478513799, -0.0014145694858008397
13.26148889885122, -8.518289037309432e-05
12.283606450724177, 0.0027031480032499375
13.196101089550998, -0.0006595174675343091
13.680568247262476, 0.0006590100844203941
13.453611164374639, 0.0016247277847149626
12.671467822993705, 0.0008342751219534575
11.61012878366554, -0.0019297911335458204
12.274784668527714, -0.0010134303605081971
12.448944303133647, -0.00018334320127272167
12.668168819801808, 0.001278409913037036
12.298346655859161, 1.6351509082614124e-05
12.715891045281209, -0.0009932653007723967
12.568209898213736, 0.0018162361716356004
12.61112882627063, 0.00022666677555108726
12.087093627436303, -0.00022887309992261715
12.85698961325745, -7.822091670800155e-05
12.973518738332068, 0.00020507334760679844
13.176228113242455, -0.0011078084987375045
12.907443686571936, -0.00042196363659130487
13.06661780787868, -6.324481384935386e-05
13.499725903294339, 0.0014819793469421447
12.942614125705136, 0.0019024258531611798
13.49296140064581, -0.00015175238487736067
12.36377733718427, -0.0025502831234888116
13.44693719123956, -0.0002847690566712929
12.310972793486098, -0.00043956505839761774
11.649190507328772, -0.0006076192891401383
11.489725764478754, 0.0017076856143438037
11.207521377040896, 0.0010046563554408396
12.833550369880172, 0.0004939926061374327
13.460441795210585, 8.79808249697701e-05
13.976358488278086, 0.0008453935298318969
13.139438445653544, -0.0004142210018988346
13.429672234012175, -0.0018115393744285342
11.433479160902529, 0.0005231998399716472
12.05017205788734, 0.0002108208876913202
11.639226072688073, -0.0025338923298622446
10.9388038626754, 0.0009544225098739485
12.237834947363144, 0.00047450601230103885
11.705110971553404, -0.00012993298888053575
14.118898162421972, 0.0002819302166092476
13.226494121071699, -0.0007829410656420878
12.849170812405626, -0.0001536260912643403
12.77709336455999, -0.0008687024006123409
11.118620414264349, 0.0002478127020808015
12.572794716231403, -0.00028605410990849376
12.053434921927495, 0.0013074978970162576
13.164340461366082, -0.002374432239782162
12.946149546255736, -0.0006155371839075474
13.818265094105938, -0.00016757892467468387
11.104807603580367, -2.303637975608003e-05
12.95769703448271, 0.001071316890600256
13.9037481410667, 0.00017809687813198985
12.219888459522588, 0.0001188124930240962
13.3805976052002, 0.000828770895449242
12.908588160239056, 0.0009345349112591696
11.846445709692496, 0.0021820705395575006
10.86247754637107, 0.0009205412647966451
12.20725343818817, -0.0004631403217257189
12.40310401758783, -7.592059977022301e-05
11.522014611801447, -0.000152988808808735
12.855327989281841, -0.00180876307200949
12.103484731890866, -0.00021574929961364585
12.615864836134682, 0.0013336406724527676
12.87695348581874, 0.0001096534065215711
11.941192877993936, -0.0003759767081099154
11.071666286180584, 0.001387513961754818
13.69347242013007, -0.0002537922475391993
13.18959773684522, -0.00011962344567633494
11.445590047224085, 0.001023936422766272
13.902820002475668, -7.850530328053044e-05
10.386678429967233, 0.00045355685207892904
12.603206933305852, -0.0004152401739662085
12.544249641929238, 0.00021419954192983086
13.114339890135536, 0.0013249440843586553
12.225739917400317, 0.000391732039173991
13.351539514811266, 0.00023779959264245282
13.441711585387171, -0.0004319767553442166
13.371644596598863, 0.0035372565510477932
12.404805308242274, 0.0009224831691796434
11.921821891652089, -0.0008303927118844309
11.86747810478364, 0.0007947680653301488
11.801048907730785, -8.936069210234996e-05
12.597801924695391, -0.001048786350911682
12.204604449026043, -0.00184658341413858
11.451223055147407, 2.28689838982837e-05
12.755122369062224, -5.7141388423293665e-05
13.167995903789162, -7.115185729276042e-05
12.42541269028914, -0.003203905652440449
13.486295432168554, 0.0008262819728124208
12.397581724650331, -0.00015075513274875017
12.873993160905524, -0.00024395165251791607
13.089417051990115, 0.0007568838009288032
12.00126728683324, 0.000712902424565667
12.683531937615733, 0.0005809688832054873
13.088355356634224, -0.0001358963579767454
12.675149007509962, 0.0011642652704660587
11.722769069891289, -0.0007129995909905045
11.669068415271852, -0.0006099712818172839
12.981294084998078, 0.00041195475722268296
12.72972859791772, 0.0003198365940425981
12.948829895519205, 0.00033635482698632455
12.700757401484907, 0.0009718836682280768
12.273005077459352, -0.001033482823773177
12.712072105259425, 0.00021875283729094058
12.199874653038153, -0.0005007878845424084
13.148331317836945, -0.0026849268625732756
12.549386430029008, -0.0013076438918342452
12.659718716417908, -0.0003501444980250606
13.052637652949517, 0.0005012998938261951
11.12740293278612, 0.002275217895962703
12.973196223450591, -0.0011686494066943621
12.298284904562022, -0.0002895726903733818
11.493878734727701, 0.0006413105272495556
13.505164911072763, 0.0002617251787541512
11.99204247894242, 0.0005626537465773396
11.896845459736904, 0.0014914866829830037
11.50734342336652, -0.00011010168469390014
12.198014103643539, 0.004734128934744033
12.690994823549476, -0.0016984091291845135
13.80315074791368, 0.0004028196647897827
12.284323896619146, -0.0008743649420167986
12.820155340384856, -0.0005802670078223224
12.905137739983696, 0.000699188545521247
13.052542067069844, 0.0003889740427668667
12.631406498867017, -0.0033426986647491913
12.284376309711833, 0.00032514756097951156
13.6904056183505, -0.00019336036723442002
13.008109685244085, -0.0006868083831655589
13.603236717274516, 0.00015383808242992823
12.824460773977018, -0.0017090052069844049
12.330502024522684, 8.151396403270443e-05
13.433096785031776, -0.000412817685288544
12.565235968480065, -0.0002742175005120782
11.63578890462369, -0.0013364510776183742
12.633288266896683, 0.0004874444563602847
12.57992194858796, -0.00016009486155040345
12.506091119298565, -5.4611206061827306e-05
12.36519872689913, -0.0018519422203944341
10.997848927965205, 3.7301260520997137e-07
11.38690589074431, 0.0013362466984099264
12.887522947660406, -0.000449318885296022
13.185272428342707, -2.440786993621394e-05
14.099699612004006, -0.002022960435104528
12.083733701451017, 0.0005126081972169896
12.263513442246433, -0.001911542706136301
12.388466568498972, 0.0011175137789313054
11.666357121659141, -3.5751683029137254e-05
11.825402070383394, 0.0016058267217395825
12.476803521004477, -1.808498642129862e-05
12.616438482790546, 0.0007850235433485573
11.583712715793625, -0.0002405141374274087
10.87079554997912, -0.0016146392747187974
13.450413725151646, 0.0004875230858639463
12.20761680028833, 0.0005821464769445355
12.890015970047694, 0.001762537118435728
11.567509344357497, -0.0010463190964036684
12.450617253603768, 0.000493703076104737
13.42956873322366, 0.001143084005663278
12.268856786776652, -0.003144874306397382
10.726640391613007, -0.0007090345557860716
11.700394129754763, -0.0009153208019998249
13.617683224439554, -0.000910772753761507
12.073579536246662, 0.0014102578306261944
11.488208113079166, -4.540150413527978e-05
13.607183663546932, 0.00046138949409180695
14.12084641170771, -0.00028847283686391206
13.268796545789552, 0.0014253378343856947
12.828353983305766, 0.000260881410656031
13.859799408192982, -0.0005577402056683649
12.193427670310133, -0.00308453327040795
12.350010325244188, -0.00139509084725344
13.46659469997333, 6.70212337018309e-05
12.632563295740832, -0.0007057372683695615
13.01407251626406, -0.0004194421950152287
12.610193397427366, -5.493038488859703e-05
13.398433102034938, -7.888830716175181e-05
12.570706194127307, 0.0015075015110953393
11.785415457796423, -0.0006794064404686256
12.95200110300155, 0.002349331744051133
11.998634005047627, 0.0004439947483713541
12.94129924203522, 0.0003034837867677727
11.765535657921689, -0.0003097537265260644
10.050386588024502, 9.471953326052173e-05
11.96785342351104, 0.000565884515145638
13.928317870775079, -0.00014015949621848421
12.489730996828381, -0.0002455553729348494
13.685486722826399, 0.00022356248873806744
12.477379592354868, -0.000699211843834778
12.860644493957672, -0.003595410993502319
12.384978703674259, -0.0013702769108173678
12.34903300753542, -0.000807860360111318
12.40729450905151, -0.0021633355737213054
12.521966471504705, -0.00011508012545925067
13.687398943729503, 0.0010183574694896703
12.801363539639986, 0.00021370323565703727
12.650703694048753, 0.003379646265631288
13.18090645519521, -0.0005650237768228504
12.25168602625945, -0.00019440404865082557
12.578922479100095, -8.048632430358166e-05
12.232016473726999, -0.0002757222416628659
13.378154691688954, -0.0006875364277277246
13.651025792699768, -0.00026975703530797554
13.955887836617288, -0.0003094931709735991
12.573898225224386, 0.0006138581796276583
13.570238506596802, 0.0010241613233770049
11.091354779786466, -6.70296304782225e-05
13.477987909643966, -0.0004873078188743704
12.234950989186416, 0.00014489803760045277
14.100373179058822, 0.0012169454751485686
12.239361476425124, 0.00021560793796858956
12.680797171324707, 0.001024612339892414
12.59123555911991, -0.0006343034252482647
13.51035089899781, 0.00017456709328175822
12.416040005239777, -0.0008661037967689043
11.870840770478699, 0.0034828123620325446
12.676497852860656, 0.005187497158668446
11.054367110842271, 0.00022326979512538297
12.880623056735656, -0.001177690353764237
12.125942291042895, -0.00019458772928270234
12.451223337487603, 0.002146781214229846
11.446961266714215, 0.00020388121786955177
12.846386998469148, 0.0016259923290942802
13.136245038553113, -0.0006811549778839663
12.76170572638634, -5.7869867889463744e-05
11.340918215423553, 1.4058074528489235e-05
11.22616727495564, -0.0006689586179638267
13.032149616645334, -0.0007735729605034452
13.64335051246564, -0.0014441275705879535
12.334910873888955, 0.0013535802454035743
12.619746252181884, 0.0004109869908269703
12.516549806895476, -0.0021673437441444635
12.085675925534169, 0.00026325041413909154
11.849825138344974, -0.0008041383441249987
11.550315020000793, -5.834163698036532e-05
11.759635517790926, 0.0009929491026678923
12.50519812847492, -9.219132846676522e-05
12.287455668581037, 0.00021827153616740553
11.136666442847552, -0.0002627973615909932
12.338575997903263, 0.002012519628570887
13.012800150530843, 0.001418478234325891
12.990040680075563, -0.0001902799642334494
12.256964851053059, 6.258198942027827e-05
12.735367155944468, -7.695653711862344e-05
13.211338983645323, 0.00012987030897571288
13.00836721557914, -0.0003220133643846044
12.514284631365504, 0.000523175398937275
13.188634385564326, 3.490074632540993e-05
10.412652229482255, -0.00045103780424486086
13.036150077482818, -0.0012497991843921467
13.110362167380421, 0.004073403356799815
13.095708670236327, 0.0001383231600872014
13.516162591036014, 0.000286767111103833
12.171022120515453, -0.0007856654365672741
13.25423238033422, -0.0014095859839521642
13.240985108506097, -0.0005526615581933
13.097440122436254, -0.0008295196362083862
11.046311983294183, -0.0003400913301138098
13.012051378060248, -0.00019926683904590223
11.384431302188379, 8.946571539075938e-05
11.705378199036813, 0.0014390155728574352
12.20561298663867, -0.0001332113863783944
11.58801191623041, -0.0004023461357055085
14.399292827714834, 0.00026234747379338345
12.962012218178886, -1.7684723242992854e-05
13.200184660904055, 0.00022905611098819004
11.281030015341727, 0.00033560446584898936
11.571523632592891, 1.2117645805685695e-05
12.609612029748957, 0.00026627410898355606
11.943575098395833, 0.0025752283143352633
13.0677565058739, -0.0018654124435661182
12.7294803093616, -0.001458331560086179
12.677071018511114, 0.00020048171209555588
12.425506811288964, 0.001019499747020338
13.616935653503022, -0.001530340956049224
12.414149198680134, 0.0006808515843849672
13.198755156311448, 0.0009587515523708122
13.044790791106257, 0.0002859202636915272
13.448367092080053, -0.0009629515903937531
14.001067940060214, -0.0013477757312136433
13.812022905165506, -0.0005816015428429131
11.894996393302414, -0.0005000747369078608
12.718098145666882, -1.8437419488008186e-05
12.025340258158552, 0.0004363550867262887
11.358623871939455, -0.00031674374777009473
11.027984664164663, 0.000771841495764633
12.455245015286643, 0.0029376740733917366
12.549886171321027, -0.0005039273640177321
12.549535634689938, -8.217993465366169e-05
13.038814681606791, -0.000930410180078103
13.155505235448254, 0.0009249888576915357
14.160324514720195, 0.002132690461153358
12.142532659362093, -0.0017403481776659202
12.44582133183632, -0.0004498107634440078
11.069125420650005, 0.0002655676852727682
12.549036775859813, 0.001251971531731377
12.244597268184924, 4.6791079441654664e-05
11.781178234951192, -0.0010071868325747992
12.140856320432443, -0.0008694392990464955
11.22387486293242, -0.00041442827778570557
11.787541821576143, -0.0006163502144336521
12.144611847151644, -0.00021613933254206914
11.452832581298935, 0.001922165625090939
13.040166694904586, -0.00031817705032251677
9.822356137826272, 0.0008646021020338153
12.971734713415813, 0.00031500183705991495
12.214300260420293, -0.0024957588214233085
11.057213641120299, 6.04668564863544e-05
12.364956832649023, -0.0013377473396300739
12.6495111558896, -0.0007548877846814423
12.764168769038728, 0.003772390620976767
12.961681337582444, 0.0007437556936410877
12.132207420024825, 0.0001466461455823494
12.298080692448757, -0.0013347001954219333
13.334113028016706, -0.0007083458388456049
12.512608816483414, -0.002466500862064392
13.437457501657056, 0.001761692647004402
12.896394893867186, -0.0001663731257454835
12.527147360492128, -0.00018047946302658657
12.549899497253147, 0.0005773967549305564
11.422662748063955, 0.00045331453529087826
12.819851850628119, -0.0007031547928468274
11.665972854570485, 5.3311239625947453e-05
12.430454819248684, 0.00010480838100311194
10.972542126119576, 0.0006083144614750357
13.542502681585448, -0.00028203695236196646
12.594032516266072, 0.0013422057573477739
13.558786219577623, -0.0005250975618928729
12.490322550050927, 0.004211192811608217
11.730821410188472, -0.0012721560748241885
12.381361327044598, -0.0004444466061674923
12.71130578828767, -0.0004593892179462645
12.300294943390949, 0.0019136342476001218
11.966225637445488, -8.898802700223435e-05
10.081167518556958, 0.00136352346334176
12.581374877893683, -1.5067204130692936e-05
12.468610398502708, -0.00018721990917802646
13.85358466651644, -1.4997152578501583e-05
11.107481998512887, -0.0013275706023926654
13.646102185047969, -0.000694417713002026
12.279874695552014, -0.00216670480738374
11.625561915105807, 0.00010527991711201112
12.822342774395816, 0.0011281175169062137
12.028614541880762, -0.0011557676311478998
12.019735928518468, 3.99982862211044e-05
11.231969821584386, 3.0634375309410156e-05
12.514817690564223, 0.0001536188378670738
12.636717877293087, 0.0009147404010102396
13.689204991751247, -0.00031804328576980154
12.027440971060669, 0.00018957428727386667
12.644852585596642, -0.001023695205724687
12.15133368786683, 0.00030509954296519546
13.1713115747893, -0.0008985284849901279
12.949610899617536, 0.0019902906833662894
12.257551114107414, 0.001289406730921967
11.62649166823998, 0.0004742560559290159
11.250224473827867, 0.00016073937610067493
12.565121259767796, 0.0006572354461797745
13.02675339288347, 0.0004577328983029561
11.99487184497154, 0.0018891341783584745
11.508224561121644, -0.000977141673778852
12.58176008809221, -0.00032316149844720254
12.094505175860716, 7.545792471709469e-05
11.933859221769936, 0.0005339339619321246
12.83770191468545, 0.0006691941615469699
11.562984807002582, -8.034587519920207e-05
13.02741714110508, 0.0034940459276137266
10.97927137495365, -0.0001001598603041394
12.404089006808418, -0.0006490623779226226
11.67692267506668, -0.0005924617717793547
13.905716795298206, 0.0024257422228852908
12.719691360950671, -0.00011354140765059556
11.912007198726084, 0.0006895483564193314
12.578800622363236, 0.0006554146073925581
12.176684977918443, -0.00010450702706185123
13.189838773101322, -5.481140648836563e-05
11.703317731806273, 0.0012594962483532387
11.79483607885351, 0.0005361876792658793
12.588339015085063, 0.00042296051742234456
12.079458232114066, -8.166241193436046e-05
13.101274041630518, -0.002597108119962525
13.419676085145149, 8.009343707175362e-07
12.60556722413416, 0.0005633771645433411
12.60551589891291, -0.0008334206559131516
13.024576835478912, -0.0003494032354314971
12.676836261540952, -0.0009494160600880697
13.024513428410145, 0.0008753333992587656
12.231336519327215, 3.611812050705564e-05
13.360305707813508, 1.2112717935141779e-05
11.336273471035119, -0.0001998823912398376
12.174915987893554, -0.0005766408086276004
11.751326775445456, 5.3108857078805775e-05
12.295372516462129, 0.00027883695032384455
13.071991765926981, 0.00021232577072940583
11.585287532698212, 0.00021451992487255944
13.401183530138624, 0.003080093573545623
11.586953788587188, -0.0005359064458236816
11.577819873175736, 0.0001914976096266327
11.558457899433328, 6.684353006265005e-05
12.470551639966855, -0.0012982777081281694
13.556675522533741, -0.000734706519216366
12.365359886285404, -0.00022381078091005587
12.02982695979995, 0.0005298793027646697
13.4474072162226, 0.0011551830041445863
13.31252340543498, -0.0005259208925738786
12.843215094931615, -0.0008004254464751455
12.991713017946983, 0.00041147731397155746
11.702959389956796, 0.002124800469933832
12.399502557333454, -0.0013585632589114514
12.223249683886149, -0.00034176033976505635
12.912988935461199, 0.00028416984713194914
12.121334862778452, 0.00037478288472528147
13.055459805983714, 0.00027998175860327774
12.649617893728234, -0.0004121914886915951
12.301568987947629, 0.0010848363586409282
11.789573791859961, 0.004112096343681822
13.082409658122133, 0.0001227481607373286
12.515257387194385, 2.1319796080441697e-05
12.00698819525493, 0.0009003836919768138
12.365781264414794, 0.0011372276740151017
13.400512268650157, 0.002886244119276916
13.531097780131903, -0.00019090910262250724
12.962816281471254, 0.0014099724461020752
12.186001130844161, -0.0008193674808367815
12.056051208024188, 0.001423260944043537
13.748855383917297, -0.001180592290400996
12.32434733075808, 0.00011351961231202516
12.599367270700824, 0.0011257895970527912
13.323622181980257, 7.52928154646032e-05
12.977114588880564, -0.0008103034347081498
12.460316643558034, 0.000674594476539234
12.193456812431016, 6.36752536897281e-05
11.53793051990204, 0.00011298749661184989
13.754488465992036, -0.0008040575157596767
11.56038922155423, -3.601158420198092e-05
11.781826745093797, -0.0005868132536705397
11.702122057358276, 0.00034830262316380527
12.31464004905425, -0.0006960300174349773
12.017814582888404, -0.00025875297537260354
13.547484096444512, 0.00011578592383798287
13.662156653731993, 0.00033943435015929696
11.722514011570002, 0.001433096525120213
10.940531089413955, -0.0003620627713527319
13.384119167057817, -0.0002711751179742955
13.618346703842114, -0.002566917191741191
13.384861512290255, 0.001025545512695545
11.631988141975535, -0.001351649547205699
13.031522917842022, 0.0007914495174151381
12.891025074575525, 0.0007043345639240403
13.191536749854182, 0.002917213733555593
13.558675577558226, 0.0010846463342942649
12.375772682171576, 0.0006385323148789526
11.860424117898681, 0.0037273776539494194
12.7322783495787, 0.0010387895294412322
11.880298713684846, 0.0007353239063273747
13.435004674474786, -0.0005217030696478119
12.57208689410099, -5.4496593796452344e-05
11.604821149294802, -0.0002707667500940099
11.429840487686503, 0.0001876585120755129
12.213403490481838, 0.0012298055608408777
12.274791592486839, -0.00048468534514993934
12.707968221678067, -0.0005207923511533173
13.517812991923911, 0.0011819543968282949
13.027845761339895, -9.936636909149308e-05
13.657062795007038, -0.0032096913827923696
10.772783940344718, 0.0016502099092667415
12.089102747374373, -6.531592145016772e-05
13.850151417579152, -0.0005008392639393828
11.847163523879821, -0.0007261957483097529
12.310417240445137, 0.0002936311410396764
12.297345078449576, 0.0008380708036899911
11.92230464332624, 0.0006613964926233031
12.870002047943359, 0.0004065215392812221
13.1999866583497, -0.0019986987812702986
13.324552964839178, 0.00041485757044445494
11.101777532871463, 0.00047737325547311457
11.868023106077352, 0.0009345600793149427
13.57591184744731, 0.0004828571806724871
12.534456942891175, -0.00026371009395055427
13.16957722777657, -0.00041131911830232046
13.723945309796983, 0.0004101317039229982
11.695799591122608, -0.0019119953392166145
13.0514024305834, 0.002132885900776614
11.24992940483173, -0.0006121662413738982
13.406427193422134, 0.0008527298845432676
13.436725892992415, -0.0005297737521747425
13.547130105342209, -0.00026355558608358656
13.184220841570237, 0.00110730829326665
